User_ID,Device_ID,Ring_ID,MM level,SCR/min,SCL,Step count,aa,Time_ISO,Time_UNIX
"2551","22b77d7829c68dcd","E2:1F:7B:35:CC:08","52.07373271889401","8","0.6793478260869565","7","434","1970-01-01T00:01:00.000Z","60",
"2551","22b77d7829c68dcd","E2:1F:7B:35:CC:08","71.89542483660131","8","0.23674242424242425","0","153","1970-01-01T00:10:00.000Z","600",
"2551","22b77d7829c68dcd","E2:1F:7B:35:CC:08","79.73856209150327","1","0.22007042253521128","1","153","1970-01-01T00:11:00.000Z","660",
"2551","22b77d7829c68dcd","E2:1F:7B:35:CC:08","82.3529411764706","4","0.2648305084745763","0","153","1970-01-01T00:12:00.000Z","720",
"2551","22b77d7829c68dcd","E2:1F:7B:35:CC:08","98.03921568627452","7","0.3125","0","153","1970-01-01T00:13:00.000Z","780",
"2551","22b77d7829c68dcd","E2:1F:7B:35:CC:08","94.11764705882354","6","0.21114864864864866","0","153","1970-01-01T00:14:00.000Z","840",
"2551","22b77d7829c68dcd","E2:1F:7B:35:CC:08","92.81045751633987","10","0.1358695652173913","2","153","1970-01-01T00:15:00.000Z","900",
"2551","22b77d7829c68dcd","E2:1F:7B:35:CC:08","84.9673202614379","2","0.16983695652173914","1","153","1970-01-01T00:16:00.000Z","960",
"2551","22b77d7829c68dcd","E2:1F:7B:35:CC:08","100","7","0.07200460829493087","0","153","1970-01-01T00:17:00.000Z","1020",
"2551","22b77d7829c68dcd","E2:1F:7B:35:CC:08","100","6","0.11927480916030535","1","153","1970-01-01T00:19:00.000Z","1140",
"2551","22b77d7829c68dcd","E2:1F:7B:35:CC:08","100","3","0.12303149606299213","0","153","1970-01-01T00:20:00.000Z","1200",
"2551","22b77d7829c68dcd","E2:1F:7B:35:CC:08","100","2","0.1174812030075188","1","153","1970-01-01T00:21:00.000Z","1260",
"2551","22b77d7829c68dcd","E2:1F:7B:35:CC:08","100","10","0.1358695652173913","0","153","1970-01-01T00:22:00.000Z","1320",
"2551","22b77d7829c68dcd","E2:1F:7B:35:CC:08","98.03921568627452","9","0.10416666666666667","1","153","1970-01-01T00:23:00.000Z","1380",
"2551","22b77d7829c68dcd","E2:1F:7B:35:CC:08","96.73202614379085","6","0.41118421052631576","1","153","1970-01-01T00:24:00.000Z","1440",
"2551","22b77d7829c68dcd","E2:1F:7B:35:CC:08","88.88888888888889","0","0.18382352941176472","0","153","1970-01-01T00:25:00.000Z","1500",
"2551","22b77d7829c68dcd","E2:1F:7B:35:CC:08","78.43137254901961","11","0.19054878048780488","1","153","1970-01-01T00:26:00.000Z","1560",
"2551","22b77d7829c68dcd","E2:1F:7B:35:CC:08","83.66013071895425","6","0.24801587301587302","0","153","1970-01-01T00:27:00.000Z","1620",
"2551","22b77d7829c68dcd","E2:1F:7B:35:CC:08","100","10","0.6510416666666666","0","153","1970-01-01T00:28:00.000Z","1680",
"2551","22b77d7829c68dcd","E2:1F:7B:35:CC:08","100","2","0.20292207792207792","2","153","1970-01-01T00:29:00.000Z","1740",
"2551","22b77d7829c68dcd","E2:1F:7B:35:CC:08","100","5","0.11488970588235294","1","153","1970-01-01T00:30:00.000Z","1800",
"2551","22b77d7829c68dcd","E2:1F:7B:35:CC:08","100","0","0.12913223140495866","9","153","1970-01-01T00:31:00.000Z","1860",
"2551","22b77d7829c68dcd","E2:1F:7B:35:CC:08","100","7","0.31887755102040816","0","153","1970-01-01T00:32:00.000Z","1920",
"2551","22b77d7829c68dcd","E2:1F:7B:35:CC:08","100","9","0.2741228070175439","0","153","1970-01-01T00:33:00.000Z","1980",
"2551","22b77d7829c68dcd","E2:1F:7B:35:CC:08","100","0","0.3004807692307692","0","153","1970-01-01T00:34:00.000Z","2040",
"2551","22b77d7829c68dcd","E2:1F:7B:35:CC:08","100","10","0.244140625","2","153","1970-01-01T00:35:00.000Z","2100",
"2551","22b77d7829c68dcd","E2:1F:7B:35:CC:08","100","8","0.3633720930232558","0","153","1970-01-01T00:36:00.000Z","2160",
"2551","22b77d7829c68dcd","E2:1F:7B:35:CC:08","100","4","0.3633720930232558","1","153","1970-01-01T00:37:00.000Z","2220",
"2551","22b77d7829c68dcd","E2:1F:7B:35:CC:08","100","11","0.23674242424242425","11","153","1970-01-01T00:38:00.000Z","2280",
"2551","22b77d7829c68dcd","E2:1F:7B:35:CC:08","100","0","0.13706140350877194","9","153","1970-01-01T00:39:00.000Z","2340",
"2551","22b77d7829c68dcd","E2:1F:7B:35:CC:08","100","0","0.09827044025157233","11","153","1970-01-01T00:41:00.000Z","2460",
"2551","22b77d7829c68dcd","E2:1F:7B:35:CC:08","100","0","0.09356287425149701","4","153","1970-01-01T00:44:00.000Z","2640",
"2551","22b77d7829c68dcd","E2:1F:7B:35:CC:08","100","0","0.19054878048780488","8","153","1970-01-01T00:45:00.000Z","2700",
"2551","22b77d7829c68dcd","E2:1F:7B:35:CC:08","100","0","0.08180628272251309","5","153","1970-01-01T00:46:00.000Z","2760",
"2551","22b77d7829c68dcd","E2:1F:7B:35:CC:08","100","0","0.21404109589041095","9","153","1970-01-01T00:50:00.000Z","3000",
"2551","22b77d7829c68dcd","E2:1F:7B:35:CC:08","100","0","0.10926573426573427","4","153","1970-01-01T00:51:00.000Z","3060",
"2551","22b77d7829c68dcd","E2:1F:7B:35:CC:08","100","0","0.09527439024390244","4","153","1970-01-01T00:52:00.000Z","3120",
"2551","22b77d7829c68dcd","E2:1F:7B:35:CC:08","100","4","0.21404109589041095","0","153","1970-01-01T00:53:00.000Z","3180",
"2551","22b77d7829c68dcd","E2:1F:7B:35:CC:08","100","10","0.4340277777777778","0","153","1970-01-01T00:54:00.000Z","3240",
"2551","22b77d7829c68dcd","E2:1F:7B:35:CC:08","100","5","0.38109756097560976","0","153","1970-01-01T00:55:00.000Z","3300",
"2551","22b77d7829c68dcd","E2:1F:7B:35:CC:08","87.58169934640523","4","0.3255208333333333","2","153","1970-01-01T00:56:00.000Z","3360",
"2551","22b77d7829c68dcd","E2:1F:7B:35:CC:08","57.51633986928105","2","0.3125","0","153","1970-01-01T00:57:00.000Z","3420",
"2551","22b77d7829c68dcd","E2:1F:7B:35:CC:08","73.20261437908496","8","0.2604166666666667","0","153","1970-01-01T00:58:00.000Z","3480",
"2551","22b77d7829c68dcd","E2:1F:7B:35:CC:08","92.81045751633987","8","0.3324468085106383","0","153","1970-01-01T00:59:00.000Z","3540",
"2551","22b77d7829c68dcd","E2:1F:7B:35:CC:08","100","5","0.19290123456790123","4","153","1970-01-01T01:00:00.000Z","3600",
"2551","22b77d7829c68dcd","E2:1F:7B:35:CC:08","100","1","0.37202380952380953","0","153","1970-01-01T01:01:00.000Z","3660",
"2551","22b77d7829c68dcd","E2:1F:7B:35:CC:08","100","6","0.4340277777777778","0","153","1970-01-01T01:02:00.000Z","3720",
"2551","22b77d7829c68dcd","E2:1F:7B:35:CC:08","100","5","0.25614754098360654","0","153","1970-01-01T01:03:00.000Z","3780",
"2551","22b77d7829c68dcd","E2:1F:7B:35:CC:08","100","7","0.33967391304347827","1","153","1970-01-01T01:04:00.000Z","3840",
"2551","22b77d7829c68dcd","E2:1F:7B:35:CC:08","100","9","0.10702054794520548","7","153","1970-01-01T01:05:00.000Z","3900",
"2551","22b77d7829c68dcd","E2:1F:7B:35:CC:08","100","0","0.22007042253521128","23","153","1970-01-01T01:06:00.000Z","3960",
"2551","22b77d7829c68dcd","E2:1F:7B:35:CC:08","100","5","0.6510416666666666","19","153","1970-01-01T01:09:00.000Z","4140",
"2551","22b77d7829c68dcd","E2:1F:7B:35:CC:08","100","10","0.5580357142857143","8","153","1970-01-01T01:10:00.000Z","4200",
"2551","22b77d7829c68dcd","E2:1F:7B:35:CC:08","100","6","0.6009615384615384","8","153","1970-01-01T01:11:00.000Z","4260",
"2551","22b77d7829c68dcd","E2:1F:7B:35:CC:08","99.34640522875817","3","0.40064102564102566","7","153","1970-01-01T01:12:00.000Z","4320",
"2551","22b77d7829c68dcd","E2:1F:7B:35:CC:08","100","5","0.3004807692307692","2","153","1970-01-01T01:13:00.000Z","4380",
"2551","22b77d7829c68dcd","E2:1F:7B:35:CC:08","100","3","0.44642857142857145","4","153","1970-01-01T01:14:00.000Z","4440",
"2551","22b77d7829c68dcd","E2:1F:7B:35:CC:08","100","4","0.40064102564102566","0","153","1970-01-01T01:15:00.000Z","4500",
"2551","22b77d7829c68dcd","E2:1F:7B:35:CC:08","100","2","0.1474056603773585","8","153","1970-01-01T01:16:00.000Z","4560",
"2551","22b77d7829c68dcd","E2:1F:7B:35:CC:08","100","3","0.2403846153846154","0","153","1970-01-01T01:17:00.000Z","4620",
"2551","22b77d7829c68dcd","E2:1F:7B:35:CC:08","100","7","0.38109756097560976","0","153","1970-01-01T01:18:00.000Z","4680",
"2551","22b77d7829c68dcd","E2:1F:7B:35:CC:08","100","5","0.44642857142857145","0","153","1970-01-01T01:19:00.000Z","4740",
"2551","22b77d7829c68dcd","E2:1F:7B:35:CC:08","100","3","0.3125","1","153","1970-01-01T01:20:00.000Z","4800",
"2551","22b77d7829c68dcd","E2:1F:7B:35:CC:08","100","5","0.38109756097560976","0","153","1970-01-01T01:21:00.000Z","4860",
"2551","22b77d7829c68dcd","E2:1F:7B:35:CC:08","100","2","0.7102272727272727","2","153","1970-01-01T01:22:00.000Z","4920",
"2551","22b77d7829c68dcd","E2:1F:7B:35:CC:08","100","10","0.7440476190476191","0","153","1970-01-01T01:23:00.000Z","4980",
"2551","22b77d7829c68dcd","E2:1F:7B:35:CC:08","100","7","0.9765625","1","153","1970-01-01T01:24:00.000Z","5040",
"2551","22b77d7829c68dcd","E2:1F:7B:35:CC:08","100","2","0.9191176470588235","1","153","1970-01-01T01:25:00.000Z","5100",
"2551","22b77d7829c68dcd","E2:1F:7B:35:CC:08","100","3","0.5040322580645161","0","153","1970-01-01T01:26:00.000Z","5160",
"2551","22b77d7829c68dcd","E2:1F:7B:35:CC:08","100","2","0.625","1","153","1970-01-01T01:27:00.000Z","5220",
"2551","22b77d7829c68dcd","E2:1F:7B:35:CC:08","71.89542483660131","0","0.40064102564102566","0","153","1970-01-01T01:28:00.000Z","5280",
"2551","22b77d7829c68dcd","E2:1F:7B:35:CC:08","58.8235294117647","3","0.5580357142857143","0","153","1970-01-01T01:29:00.000Z","5340",
"2551","22b77d7829c68dcd","E2:1F:7B:35:CC:08","87.58169934640523","4","0.6793478260869565","1","153","1970-01-01T01:30:00.000Z","5400",
"2551","22b77d7829c68dcd","E2:1F:7B:35:CC:08","81.04575163398692","0","0.625","5","153","1970-01-01T01:31:00.000Z","5460",
"2551","22b77d7829c68dcd","E2:1F:7B:35:CC:08","87.58169934640523","5","0.6510416666666666","0","153","1970-01-01T01:32:00.000Z","5520",
"2551","22b77d7829c68dcd","E2:1F:7B:35:CC:08","75.81699346405229","3","0.625","2","153","1970-01-01T01:33:00.000Z","5580",
"2551","22b77d7829c68dcd","E2:1F:7B:35:CC:08","71.89542483660131","3","0.5387931034482759","1","153","1970-01-01T01:34:00.000Z","5640",
"2551","22b77d7829c68dcd","E2:1F:7B:35:CC:08","64.05228758169935","6","0.45955882352941174","1","153","1970-01-01T01:35:00.000Z","5700",
"2551","22b77d7829c68dcd","E2:1F:7B:35:CC:08","61.43790849673203","0","0.44642857142857145","0","153","1970-01-01T01:36:00.000Z","5760",
"2551","22b77d7829c68dcd","E2:1F:7B:35:CC:08","67.97385620915033","6","0.13950892857142858","0","153","1970-01-01T01:37:00.000Z","5820",
"2551","22b77d7829c68dcd","E2:1F:7B:35:CC:08","95.42483660130719","3","0.15625","4","153","1970-01-01T01:38:00.000Z","5880",
"2551","22b77d7829c68dcd","E2:1F:7B:35:CC:08","95.42483660130719","3","0.25614754098360654","0","153","1970-01-01T01:39:00.000Z","5940",
"2551","22b77d7829c68dcd","E2:1F:7B:35:CC:08","100","8","0.23674242424242425","2","153","1970-01-01T01:40:00.000Z","6000",
"2551","22b77d7829c68dcd","E2:1F:7B:35:CC:08","100","5","0.33967391304347827","4","153","1970-01-01T01:41:00.000Z","6060",
"2551","22b77d7829c68dcd","E2:1F:7B:35:CC:08","99.34640522875817","1","0.2604166666666667","4","153","1970-01-01T01:42:00.000Z","6120",
"2551","22b77d7829c68dcd","E2:1F:7B:35:CC:08","94.11764705882354","0","0.27901785714285715","4","153","1970-01-01T01:43:00.000Z","6180",
"2551","22b77d7829c68dcd","E2:1F:7B:35:CC:08","100","12","0.14204545454545456","1","153","1970-01-01T01:44:00.000Z","6240",
"2551","22b77d7829c68dcd","E2:1F:7B:35:CC:08","100","8","0.26939655172413796","1","153","1970-01-01T01:45:00.000Z","6300",
"2551","22b77d7829c68dcd","E2:1F:7B:35:CC:08","100","5","0.2403846153846154","0","153","1970-01-01T01:46:00.000Z","6360",
"2551","22b77d7829c68dcd","E2:1F:7B:35:CC:08","100","8","0.3472222222222222","0","153","1970-01-01T01:47:00.000Z","6420",
"2551","22b77d7829c68dcd","E2:1F:7B:35:CC:08","100","7","0.2648305084745763","1","153","1970-01-01T01:48:00.000Z","6480",
"2551","22b77d7829c68dcd","E2:1F:7B:35:CC:08","100","8","0.2604166666666667","0","153","1970-01-01T01:49:00.000Z","6540",
"2551","22b77d7829c68dcd","E2:1F:7B:35:CC:08","100","9","0.3255208333333333","1","153","1970-01-01T01:50:00.000Z","6600",
"2551","22b77d7829c68dcd","E2:1F:7B:35:CC:08","100","11","0.2604166666666667","0","153","1970-01-01T01:51:00.000Z","6660",
"2551","22b77d7829c68dcd","E2:1F:7B:35:CC:08","100","0","0.3255208333333333","0","153","1970-01-01T01:52:00.000Z","6720",
"2551","22b77d7829c68dcd","E2:1F:7B:35:CC:08","100","6","0.3324468085106383","0","153","1970-01-01T01:53:00.000Z","6780",
"2551","22b77d7829c68dcd","E2:1F:7B:35:CC:08","100","7","0.3255208333333333","0","153","1970-01-01T01:54:00.000Z","6840",
"2551","22b77d7829c68dcd","E2:1F:7B:35:CC:08","47.05882352941177","0","0.0877808988764045","8","153","1970-01-01T01:55:00.000Z","6900",
"2551","22b77d7829c68dcd","E2:1F:7B:35:CC:08","73.20261437908496","6","0.4340277777777778","0","153","1970-01-01T01:56:00.000Z","6960",
"2551","22b77d7829c68dcd","E2:1F:7B:35:CC:08","45.751633986928105","0","0.48828125","0","153","1970-01-01T01:57:00.000Z","7020",
"2551","22b77d7829c68dcd","E2:1F:7B:35:CC:08","47.05882352941177","4","0.35511363636363635","2","153","1970-01-01T01:58:00.000Z","7080",
"2551","22b77d7829c68dcd","E2:1F:7B:35:CC:08","60.130718954248366","4","0.37202380952380953","2","153","1970-01-01T01:59:00.000Z","7140",
"2551","22b77d7829c68dcd","E2:1F:7B:35:CC:08","58.8235294117647","1","0.31887755102040816","0","153","1970-01-01T02:00:00.000Z","7200",
"2551","22b77d7829c68dcd","E2:1F:7B:35:CC:08","37.908496732026144","1","0.30637254901960786","0","153","1970-01-01T02:01:00.000Z","7260",
"2551","22b77d7829c68dcd","E2:1F:7B:35:CC:08","74.50980392156863","4","0.40064102564102566","0","153","1970-01-01T02:02:00.000Z","7320",
"2551","22b77d7829c68dcd","E2:1F:7B:35:CC:08","50.98039215686274","2","0.390625","0","153","1970-01-01T02:03:00.000Z","7380",
"2551","22b77d7829c68dcd","E2:1F:7B:35:CC:08","43.13725490196079","6","0.28935185185185186","0","153","1970-01-01T02:04:00.000Z","7440",
"2551","22b77d7829c68dcd","E2:1F:7B:35:CC:08","44.44444444444444","8","0.38109756097560976","2","153","1970-01-01T02:05:00.000Z","7500",
"2551","22b77d7829c68dcd","E2:1F:7B:35:CC:08","66.66666666666667","2","0.21404109589041095","2","153","1970-01-01T02:06:00.000Z","7560",
"2551","22b77d7829c68dcd","E2:1F:7B:35:CC:08","81.04575163398692","2","0.18382352941176472","0","153","1970-01-01T02:07:00.000Z","7620",
"2551","22b77d7829c68dcd","E2:1F:7B:35:CC:08","88.88888888888889","5","0.17959770114942528","9","153","1970-01-01T02:08:00.000Z","7680",
"2551","22b77d7829c68dcd","E2:1F:7B:35:CC:08","48.36601307189542","3","0.3633720930232558","0","153","1970-01-01T02:09:00.000Z","7740",
"2551","22b77d7829c68dcd","E2:1F:7B:35:CC:08","33.98692810457516","2","0.2840909090909091","1","153","1970-01-01T02:10:00.000Z","7800",
"2551","22b77d7829c68dcd","E2:1F:7B:35:CC:08","71.89542483660131","3","0.27901785714285715","0","153","1970-01-01T02:11:00.000Z","7860",
"2551","22b77d7829c68dcd","E2:1F:7B:35:CC:08","70.58823529411765","0","0.244140625","0","153","1970-01-01T02:12:00.000Z","7920",
"2551","22b77d7829c68dcd","E2:1F:7B:35:CC:08","65.359477124183","11","0.27901785714285715","1","153","1970-01-01T02:13:00.000Z","7980",
"2551","22b77d7829c68dcd","E2:1F:7B:35:CC:08","64.05228758169935","0","0.17959770114942528","5","153","1970-01-01T02:14:00.000Z","8040",
"2551","22b77d7829c68dcd","E2:1F:7B:35:CC:08","100","0","0.6009615384615384","32","153","1970-01-01T02:15:00.000Z","8100",
"2551","22b77d7829c68dcd","E2:1F:7B:35:CC:08","100","0","0.4340277777777778","2","153","1970-01-01T02:16:00.000Z","8160",
"2551","22b77d7829c68dcd","E2:1F:7B:35:CC:08","75.81699346405229","0","0.3633720930232558","1","153","1970-01-01T02:17:00.000Z","8220",
"2551","22b77d7829c68dcd","E2:1F:7B:35:CC:08","61.43790849673203","6","0.2604166666666667","25","153","1970-01-01T02:18:00.000Z","8280",
"2551","22b77d7829c68dcd","E2:1F:7B:35:CC:08","65.359477124183","3","0.2403846153846154","0","153","1970-01-01T02:19:00.000Z","8340",
"2551","22b77d7829c68dcd","E2:1F:7B:35:CC:08","73.20261437908496","10","0.5387931034482759","0","153","1970-01-01T02:20:00.000Z","8400",
"2551","22b77d7829c68dcd","E2:1F:7B:35:CC:08","48.36601307189542","1","0.17755681818181818","47","153","1970-01-01T02:21:00.000Z","8460",
"2551","22b77d7829c68dcd","E2:1F:7B:35:CC:08","45.751633986928105","0","0.2840909090909091","71","153","1970-01-01T02:22:00.000Z","8520",
"2551","22b77d7829c68dcd","E2:1F:7B:35:CC:08","75.81699346405229","5","0.33967391304347827","50","153","1970-01-01T02:23:00.000Z","8580",
"2551","22b77d7829c68dcd","E2:1F:7B:35:CC:08","100","7","0.5387931034482759","79","153","1970-01-01T02:24:00.000Z","8640",
"2551","22b77d7829c68dcd","E2:1F:7B:35:CC:08","100","2","0.3125","43","153","1970-01-01T02:25:00.000Z","8700",
"2551","22b77d7829c68dcd","E2:1F:7B:35:CC:08","100","5","0.2604166666666667","7","153","1970-01-01T02:26:00.000Z","8760",
"2551","22b77d7829c68dcd","E2:1F:7B:35:CC:08","100","10","0.33967391304347827","0","153","1970-01-01T02:27:00.000Z","8820",
"2551","22b77d7829c68dcd","E2:1F:7B:35:CC:08","100","5","0.390625","0","153","1970-01-01T02:28:00.000Z","8880",
"2551","22b77d7829c68dcd","E2:1F:7B:35:CC:08","94.11764705882354","1","0.390625","0","153","1970-01-01T02:29:00.000Z","8940",
"2551","22b77d7829c68dcd","E2:1F:7B:35:CC:08","92.81045751633987","1","0.3255208333333333","2","153","1970-01-01T02:30:00.000Z","9000",
"2551","22b77d7829c68dcd","E2:1F:7B:35:CC:08","86.27450980392157","1","0.33967391304347827","7","153","1970-01-01T02:31:00.000Z","9060",
"2551","22b77d7829c68dcd","E2:1F:7B:35:CC:08","52.287581699346404","0","0.3324468085106383","0","153","1970-01-01T02:32:00.000Z","9120",
"2551","22b77d7829c68dcd","E2:1F:7B:35:CC:08","43.13725490196079","1","0.35511363636363635","0","153","1970-01-01T02:33:00.000Z","9180",
"2551","22b77d7829c68dcd","E2:1F:7B:35:CC:08","26.143790849673202","0","0.3324468085106383","0","153","1970-01-01T02:34:00.000Z","9240",
"2551","22b77d7829c68dcd","E2:1F:7B:35:CC:08","15.686274509803921","0","0.31887755102040816","0","153","1970-01-01T02:35:00.000Z","9300",
"2551","22b77d7829c68dcd","E2:1F:7B:35:CC:08","11.764705882352942","0","0.3125","0","153","1970-01-01T02:36:00.000Z","9360",
"2551","22b77d7829c68dcd","E2:1F:7B:35:CC:08","9.15032679738562","0","0.30637254901960786","0","153","1970-01-01T02:37:00.000Z","9420",
"2551","22b77d7829c68dcd","E2:1F:7B:35:CC:08","5.228758169934641","0","0.3004807692307692","0","153","1970-01-01T02:38:00.000Z","9480",
"2551","22b77d7829c68dcd","E2:1F:7B:35:CC:08","5.228758169934641","0","0.3004807692307692","0","153","1970-01-01T02:39:00.000Z","9540",
"2551","22b77d7829c68dcd","E2:1F:7B:35:CC:08","5.228758169934641","0","0.3004807692307692","0","153","1970-01-01T02:40:00.000Z","9600",
"2551","22b77d7829c68dcd","E2:1F:7B:35:CC:08","3.9215686274509802","0","0.30637254901960786","0","153","1970-01-01T02:41:00.000Z","9660",
"2551","22b77d7829c68dcd","E2:1F:7B:35:CC:08","6.5359477124183005","0","0.294811320754717","0","153","1970-01-01T02:42:00.000Z","9720",
"2551","22b77d7829c68dcd","E2:1F:7B:35:CC:08","7.8431372549019605","0","0.294811320754717","0","153","1970-01-01T02:43:00.000Z","9780",
"2551","22b77d7829c68dcd","E2:1F:7B:35:CC:08","6.5359477124183005","0","0.28935185185185186","0","153","1970-01-01T02:44:00.000Z","9840",
"2551","22b77d7829c68dcd","E2:1F:7B:35:CC:08","5.228758169934641","0","0.2840909090909091","0","153","1970-01-01T02:45:00.000Z","9900",
"2551","22b77d7829c68dcd","E2:1F:7B:35:CC:08","3.9215686274509802","0","0.2840909090909091","0","153","1970-01-01T02:46:00.000Z","9960",
"2551","22b77d7829c68dcd","E2:1F:7B:35:CC:08","3.9215686274509802","0","0.2840909090909091","0","153","1970-01-01T02:47:00.000Z","10020",
"2551","22b77d7829c68dcd","E2:1F:7B:35:CC:08","3.9215686274509802","0","0.27901785714285715","0","153","1970-01-01T02:48:00.000Z","10080",
"2551","22b77d7829c68dcd","E2:1F:7B:35:CC:08","5.228758169934641","0","0.27901785714285715","0","153","1970-01-01T02:49:00.000Z","10140",
"2551","22b77d7829c68dcd","E2:1F:7B:35:CC:08","6.5359477124183005","0","0.26939655172413796","0","153","1970-01-01T02:50:00.000Z","10200",
"2551","22b77d7829c68dcd","E2:1F:7B:35:CC:08","14.379084967320262","0","0.26939655172413796","0","153","1970-01-01T02:51:00.000Z","10260",
"2551","22b77d7829c68dcd","E2:1F:7B:35:CC:08","6.5359477124183005","0","0.2741228070175439","0","153","1970-01-01T02:52:00.000Z","10320",
"2551","22b77d7829c68dcd","E2:1F:7B:35:CC:08","9.15032679738562","2","0.1201923076923077","0","153","1970-01-01T02:53:00.000Z","10380",
"2551","22b77d7829c68dcd","E2:1F:7B:35:CC:08","57.51633986928105","8","0.15782828282828282","1","153","1970-01-01T02:54:00.000Z","10440",
"2551","22b77d7829c68dcd","E2:1F:7B:35:CC:08","58.8235294117647","6","0.1488095238095238","1","153","1970-01-01T02:55:00.000Z","10500",
"2551","22b77d7829c68dcd","E2:1F:7B:35:CC:08","39.21568627450981","1","0.1547029702970297","0","153","1970-01-01T02:56:00.000Z","10560",
"2551","22b77d7829c68dcd","E2:1F:7B:35:CC:08","31.372549019607842","1","0.16801075268817203","0","153","1970-01-01T02:57:00.000Z","10620",
"2551","22b77d7829c68dcd","E2:1F:7B:35:CC:08","22.22222222222222","0","0.16108247422680413","0","153","1970-01-01T02:58:00.000Z","10680",
"2551","22b77d7829c68dcd","E2:1F:7B:35:CC:08","11.764705882352942","0","0.16276041666666666","0","153","1970-01-01T02:59:00.000Z","10740",
"2551","22b77d7829c68dcd","E2:1F:7B:35:CC:08","9.15032679738562","0","0.13706140350877194","0","153","1970-01-01T03:00:00.000Z","10800",
"2551","22b77d7829c68dcd","E2:1F:7B:35:CC:08","16.99346405228758","0","0.14602803738317757","0","153","1970-01-01T03:01:00.000Z","10860",
"2551","22b77d7829c68dcd","E2:1F:7B:35:CC:08","11.764705882352942","0","0.15169902912621358","0","153","1970-01-01T03:02:00.000Z","10920",
"2551","22b77d7829c68dcd","E2:1F:7B:35:CC:08","7.8431372549019605","0","0.1488095238095238","0","153","1970-01-01T03:03:00.000Z","10980",
"2551","22b77d7829c68dcd","E2:1F:7B:35:CC:08","77.12418300653594","9","0.15318627450980393","0","153","1970-01-01T03:04:00.000Z","11040",
"2551","22b77d7829c68dcd","E2:1F:7B:35:CC:08","94.11764705882354","7","0.1502403846153846","0","153","1970-01-01T03:05:00.000Z","11100",
"2551","22b77d7829c68dcd","E2:1F:7B:35:CC:08","35.294117647058826","0","0.16108247422680413","0","153","1970-01-01T03:06:00.000Z","11160",
"2551","22b77d7829c68dcd","E2:1F:7B:35:CC:08","22.22222222222222","0","0.1717032967032967","0","153","1970-01-01T03:07:00.000Z","11220",
"2551","22b77d7829c68dcd","E2:1F:7B:35:CC:08","22.22222222222222","0","0.1736111111111111","0","153","1970-01-01T03:08:00.000Z","11280",
"2551","22b77d7829c68dcd","E2:1F:7B:35:CC:08","15.686274509803921","0","0.17959770114942528","0","153","1970-01-01T03:09:00.000Z","11340",
"2551","22b77d7829c68dcd","E2:1F:7B:35:CC:08","7.8431372549019605","0","0.1816860465116279","0","153","1970-01-01T03:10:00.000Z","11400",
"2551","22b77d7829c68dcd","E2:1F:7B:35:CC:08","19.607843137254903","1","0.18382352941176472","0","153","1970-01-01T03:11:00.000Z","11460",
"2551","22b77d7829c68dcd","E2:1F:7B:35:CC:08","33.98692810457516","5","0.10146103896103896","1","153","1970-01-01T03:12:00.000Z","11520",
"2551","22b77d7829c68dcd","E2:1F:7B:35:CC:08","27.45098039215686","2","0.16801075268817203","0","153","1970-01-01T03:13:00.000Z","11580",
"2551","22b77d7829c68dcd","E2:1F:7B:35:CC:08","43.13725490196079","1","0.08311170212765957","0","153","1970-01-01T03:14:00.000Z","11640",
"2551","22b77d7829c68dcd","E2:1F:7B:35:CC:08","32.6797385620915","0","0.08877840909090909","0","153","1970-01-01T03:15:00.000Z","11700",
"2551","22b77d7829c68dcd","E2:1F:7B:35:CC:08","26.143790849673202","1","0.0877808988764045","1","153","1970-01-01T03:16:00.000Z","11760",
"2551","22b77d7829c68dcd","E2:1F:7B:35:CC:08","37.908496732026144","7","0.10926573426573427","0","153","1970-01-01T03:17:00.000Z","11820",
"2551","22b77d7829c68dcd","E2:1F:7B:35:CC:08","36.60130718954248","0","0.11322463768115942","0","153","1970-01-01T03:18:00.000Z","11880",
"2551","22b77d7829c68dcd","E2:1F:7B:35:CC:08","19.607843137254903","0","0.1174812030075188","0","153","1970-01-01T03:19:00.000Z","11940",
"2551","22b77d7829c68dcd","E2:1F:7B:35:CC:08","10.457516339869281","0","0.11837121212121213","0","153","1970-01-01T03:20:00.000Z","12000",
"2551","22b77d7829c68dcd","E2:1F:7B:35:CC:08","11.764705882352942","0","0.11405109489051095","0","153","1970-01-01T03:21:00.000Z","12060",
"2551","22b77d7829c68dcd","E2:1F:7B:35:CC:08","13.071895424836601","0","0.1166044776119403","0","153","1970-01-01T03:22:00.000Z","12120",
"2551","22b77d7829c68dcd","E2:1F:7B:35:CC:08","11.764705882352942","0","0.1220703125","0","153","1970-01-01T03:23:00.000Z","12180",
"2551","22b77d7829c68dcd","E2:1F:7B:35:CC:08","31.372549019607842","0","0.08223684210526316","0","153","1970-01-01T03:24:00.000Z","12240",
"2551","22b77d7829c68dcd","E2:1F:7B:35:CC:08","50.98039215686274","6","0.175561797752809","0","153","1970-01-01T03:25:00.000Z","12300",
"2551","22b77d7829c68dcd","E2:1F:7B:35:CC:08","60.130718954248366","1","0.15625","0","153","1970-01-01T03:26:00.000Z","12360",
"2551","22b77d7829c68dcd","E2:1F:7B:35:CC:08","31.372549019607842","1","0.15318627450980393","0","153","1970-01-01T03:27:00.000Z","12420",
"2551","22b77d7829c68dcd","E2:1F:7B:35:CC:08","20.915032679738562","0","0.15782828282828282","0","153","1970-01-01T03:28:00.000Z","12480",
"2551","22b77d7829c68dcd","E2:1F:7B:35:CC:08","15.686274509803921","0","0.15625","0","153","1970-01-01T03:29:00.000Z","12540",
"2551","22b77d7829c68dcd","E2:1F:7B:35:CC:08","10.457516339869281","0","0.15943877551020408","0","153","1970-01-01T03:30:00.000Z","12600",
"2551","22b77d7829c68dcd","E2:1F:7B:35:CC:08","7.8431372549019605","0","0.16108247422680413","0","153","1970-01-01T03:31:00.000Z","12660",
"2551","22b77d7829c68dcd","E2:1F:7B:35:CC:08","5.228758169934641","0","0.16276041666666666","0","153","1970-01-01T03:32:00.000Z","12720",
"2551","22b77d7829c68dcd","E2:1F:7B:35:CC:08","3.9215686274509802","0","0.16276041666666666","0","153","1970-01-01T03:33:00.000Z","12780",
"2551","22b77d7829c68dcd","E2:1F:7B:35:CC:08","5.228758169934641","0","0.16276041666666666","0","153","1970-01-01T03:34:00.000Z","12840",
"2551","22b77d7829c68dcd","E2:1F:7B:35:CC:08","26.143790849673202","2","0.1502403846153846","0","153","1970-01-01T03:35:00.000Z","12900",
"2551","22b77d7829c68dcd","E2:1F:7B:35:CC:08","53.59477124183007","8","0.18382352941176472","1","153","1970-01-01T03:36:00.000Z","12960",
"2551","22b77d7829c68dcd","E2:1F:7B:35:CC:08","45.751633986928105","0","0.21114864864864866","0","153","1970-01-01T03:37:00.000Z","13020",
"2551","22b77d7829c68dcd","E2:1F:7B:35:CC:08","67.97385620915033","3","0.16983695652173914","1","153","1970-01-01T03:38:00.000Z","13080",
"2551","22b77d7829c68dcd","E2:1F:7B:35:CC:08","43.13725490196079","0","0.16622340425531915","0","153","1970-01-01T03:39:00.000Z","13140",
"2551","22b77d7829c68dcd","E2:1F:7B:35:CC:08","24.836601307189543","0","0.1736111111111111","0","153","1970-01-01T03:40:00.000Z","13200",
"2551","22b77d7829c68dcd","E2:1F:7B:35:CC:08","40.52287581699346","4","0.19778481012658228","0","153","1970-01-01T03:41:00.000Z","13260",
"2551","22b77d7829c68dcd","E2:1F:7B:35:CC:08","54.90196078431372","9","0.175561797752809","0","153","1970-01-01T03:42:00.000Z","13320",
"2551","22b77d7829c68dcd","E2:1F:7B:35:CC:08","37.908496732026144","0","0.16983695652173914","0","153","1970-01-01T03:43:00.000Z","13380",
"2551","22b77d7829c68dcd","E2:1F:7B:35:CC:08","26.143790849673202","1","0.1547029702970297","7","153","1970-01-01T03:44:00.000Z","13440",
"2551","22b77d7829c68dcd","E2:1F:7B:35:CC:08","62.745098039215684","8","0.12703252032520326","0","153","1970-01-01T03:45:00.000Z","13500",
"2551","22b77d7829c68dcd","E2:1F:7B:35:CC:08","96.73202614379085","6","0.19054878048780488","0","153","1970-01-01T03:46:00.000Z","13560",
"2551","22b77d7829c68dcd","E2:1F:7B:35:CC:08","90.19607843137256","8","0.17755681818181818","0","153","1970-01-01T03:47:00.000Z","13620",
"2551","22b77d7829c68dcd","E2:1F:7B:35:CC:08","31.372549019607842","0","0.0769704433497537","0","153","1970-01-01T03:48:00.000Z","13680",
"2551","22b77d7829c68dcd","E2:1F:7B:35:CC:08","100","6","0.125","0","153","1970-01-01T03:49:00.000Z","13740",
"2551","22b77d7829c68dcd","E2:1F:7B:35:CC:08","74.50980392156863","1","0.1474056603773585","0","153","1970-01-01T03:50:00.000Z","13800",
"2551","22b77d7829c68dcd","E2:1F:7B:35:CC:08","61.43790849673203","6","0.10486577181208054","1","153","1970-01-01T03:51:00.000Z","13860",
"2551","22b77d7829c68dcd","E2:1F:7B:35:CC:08","94.11764705882354","6","0.15943877551020408","1","153","1970-01-01T03:52:00.000Z","13920",
"2551","22b77d7829c68dcd","E2:1F:7B:35:CC:08","60.130718954248366","1","0.14467592592592593","1","153","1970-01-01T03:53:00.000Z","13980",
"2551","22b77d7829c68dcd","E2:1F:7B:35:CC:08","40.52287581699346","2","0.13354700854700854","0","153","1970-01-01T03:54:00.000Z","14040",
"2551","22b77d7829c68dcd","E2:1F:7B:35:CC:08","58.8235294117647","5","0.12600806451612903","1","153","1970-01-01T03:55:00.000Z","14100",
"2551","22b77d7829c68dcd","E2:1F:7B:35:CC:08","67.97385620915033","9","0.13950892857142858","2","153","1970-01-01T03:56:00.000Z","14160",
"2551","22b77d7829c68dcd","E2:1F:7B:35:CC:08","39.21568627450981","1","0.1502403846153846","4","153","1970-01-01T03:57:00.000Z","14220",
"2551","22b77d7829c68dcd","E2:1F:7B:35:CC:08","39.21568627450981","2","0.062250996015936255","11","153","1970-01-01T03:58:00.000Z","14280",
"2551","22b77d7829c68dcd","E2:1F:7B:35:CC:08","88.88888888888889","6","0.07102272727272728","49","153","1970-01-01T04:02:00.000Z","14520",
"2551","22b77d7829c68dcd","E2:1F:7B:35:CC:08","28.758169934640524","0","0.24801587301587302","28","153","1970-01-01T04:03:00.000Z","14580",
"2551","22b77d7829c68dcd","E2:1F:7B:35:CC:08","56.209150326797385","8","0.22977941176470587","32","153","1970-01-01T04:04:00.000Z","14640",
"2551","22b77d7829c68dcd","E2:1F:7B:35:CC:08","70.58823529411765","8","0.1488095238095238","25","153","1970-01-01T04:05:00.000Z","14700",
"2551","22b77d7829c68dcd","E2:1F:7B:35:CC:08","70.58823529411765","4","0.09031791907514451","21","153","1970-01-01T04:06:00.000Z","14760",
"2551","22b77d7829c68dcd","E2:1F:7B:35:CC:08","84.9673202614379","7","0.15782828282828282","23","153","1970-01-01T04:07:00.000Z","14820",
"2551","22b77d7829c68dcd","E2:1F:7B:35:CC:08","100","5","0.16276041666666666","7","153","1970-01-01T04:08:00.000Z","14880",
"2551","22b77d7829c68dcd","E2:1F:7B:35:CC:08","100","6","0.19778481012658228","0","153","1970-01-01T04:09:00.000Z","14940",
"2551","22b77d7829c68dcd","E2:1F:7B:35:CC:08","100","0","0.09031791907514451","1","153","1970-01-01T04:10:00.000Z","15000",
"2551","22b77d7829c68dcd","E2:1F:7B:35:CC:08","95.42483660130719","8","0.11405109489051095","1","153","1970-01-01T04:11:00.000Z","15060",
"2551","22b77d7829c68dcd","E2:1F:7B:35:CC:08","82.3529411764706","6","0.22321428571428573","0","153","1970-01-01T04:12:00.000Z","15120",
"2551","22b77d7829c68dcd","E2:1F:7B:35:CC:08","69.28104575163398","7","0.2170138888888889","0","153","1970-01-01T04:13:00.000Z","15180",
"2551","22b77d7829c68dcd","E2:1F:7B:35:CC:08","100","12","0.2741228070175439","0","153","1970-01-01T04:14:00.000Z","15240",
"2551","22b77d7829c68dcd","E2:1F:7B:35:CC:08","77.12418300653594","4","0.12600806451612903","0","153","1970-01-01T04:15:00.000Z","15300",
"2551","22b77d7829c68dcd","E2:1F:7B:35:CC:08","53.59477124183007","2","0.1736111111111111","8","153","1970-01-01T04:16:00.000Z","15360",
"2551","22b77d7829c68dcd","E2:1F:7B:35:CC:08","48.36601307189542","7","0.3324468085106383","2","153","1970-01-01T04:17:00.000Z","15420",
"2551","22b77d7829c68dcd","E2:1F:7B:35:CC:08","65.359477124183","4","0.1953125","16","153","1970-01-01T04:18:00.000Z","15480",
"2551","22b77d7829c68dcd","E2:1F:7B:35:CC:08","100","8","0.3004807692307692","8","153","1970-01-01T04:19:00.000Z","15540",
"2551","22b77d7829c68dcd","E2:1F:7B:35:CC:08","90.19607843137256","1","0.22007042253521128","0","153","1970-01-01T04:20:00.000Z","15600",
"2551","22b77d7829c68dcd","E2:1F:7B:35:CC:08","47.05882352941177","1","0.1953125","2","153","1970-01-01T04:21:00.000Z","15660",
"2551","22b77d7829c68dcd","E2:1F:7B:35:CC:08","47.05882352941177","9","0.2332089552238806","5","153","1970-01-01T04:22:00.000Z","15720",
"2551","22b77d7829c68dcd","E2:1F:7B:35:CC:08","47.05882352941177","6","0.244140625","9","153","1970-01-01T04:23:00.000Z","15780",
"2551","22b77d7829c68dcd","E2:1F:7B:35:CC:08","82.3529411764706","4","0.294811320754717","1","153","1970-01-01T04:24:00.000Z","15840",
"2551","22b77d7829c68dcd","E2:1F:7B:35:CC:08","70.58823529411765","6","0.3324468085106383","1","153","1970-01-01T04:25:00.000Z","15900",
"2551","22b77d7829c68dcd","E2:1F:7B:35:CC:08","100","3","0.3472222222222222","0","153","1970-01-01T04:26:00.000Z","15960",
"2551","22b77d7829c68dcd","E2:1F:7B:35:CC:08","100","9","0.244140625","19","153","1970-01-01T04:27:00.000Z","16020",
"2551","22b77d7829c68dcd","E2:1F:7B:35:CC:08","100","3","0.19778481012658228","0","153","1970-01-01T04:28:00.000Z","16080",
"2551","22b77d7829c68dcd","E2:1F:7B:35:CC:08","100","6","0.20559210526315788","4","153","1970-01-01T04:29:00.000Z","16140",
"2551","22b77d7829c68dcd","E2:1F:7B:35:CC:08","77.12418300653594","6","0.22007042253521128","1","153","1970-01-01T04:30:00.000Z","16200",
"2551","22b77d7829c68dcd","E2:1F:7B:35:CC:08","73.20261437908496","6","0.25201612903225806","0","153","1970-01-01T04:31:00.000Z","16260",
"2551","22b77d7829c68dcd","E2:1F:7B:35:CC:08","70.58823529411765","3","0.27901785714285715","4","153","1970-01-01T04:32:00.000Z","16320",
"2551","22b77d7829c68dcd","E2:1F:7B:35:CC:08","74.50980392156863","2","0.3004807692307692","1","153","1970-01-01T04:33:00.000Z","16380",
"2551","22b77d7829c68dcd","E2:1F:7B:35:CC:08","49.673202614379086","3","0.3125","1","153","1970-01-01T04:34:00.000Z","16440",
"2551","22b77d7829c68dcd","E2:1F:7B:35:CC:08","28.758169934640524","0","0.3125","0","153","1970-01-01T04:35:00.000Z","16500",
"2551","22b77d7829c68dcd","E2:1F:7B:35:CC:08","14.379084967320262","0","0.28935185185185186","0","153","1970-01-01T04:36:00.000Z","16560",
"2551","22b77d7829c68dcd","E2:1F:7B:35:CC:08","16.99346405228758","0","0.24801587301587302","1","153","1970-01-01T04:37:00.000Z","16620",
"2551","22b77d7829c68dcd","E2:1F:7B:35:CC:08","30.065359477124183","1","0.26939655172413796","0","153","1970-01-01T04:38:00.000Z","16680",
"2551","22b77d7829c68dcd","E2:1F:7B:35:CC:08","24.836601307189543","0","0.22644927536231885","4","153","1970-01-01T04:39:00.000Z","16740",
"2551","22b77d7829c68dcd","E2:1F:7B:35:CC:08","37.908496732026144","4","0.23674242424242425","1","153","1970-01-01T04:40:00.000Z","16800",
"2551","22b77d7829c68dcd","E2:1F:7B:35:CC:08","44.44444444444444","5","0.21114864864864866","2","153","1970-01-01T04:41:00.000Z","16860",
"2551","22b77d7829c68dcd","E2:1F:7B:35:CC:08","62.745098039215684","4","0.22321428571428573","8","153","1970-01-01T04:42:00.000Z","16920",
"2551","22b77d7829c68dcd","E2:1F:7B:35:CC:08","81.04575163398692","7","0.22007042253521128","1","153","1970-01-01T04:43:00.000Z","16980",
"2551","22b77d7829c68dcd","E2:1F:7B:35:CC:08","81.04575163398692","5","0.22321428571428573","2","153","1970-01-01T04:44:00.000Z","17040",
"2551","22b77d7829c68dcd","E2:1F:7B:35:CC:08","67.97385620915033","10","0.09245562130177515","2","153","1970-01-01T04:45:00.000Z","17100",
"2551","22b77d7829c68dcd","E2:1F:7B:35:CC:08","88.88888888888889","8","0.10702054794520548","4","153","1970-01-01T04:46:00.000Z","17160",
"2551","22b77d7829c68dcd","E2:1F:7B:35:CC:08","84.9673202614379","7","0.12400793650793651","2","153","1970-01-01T04:47:00.000Z","17220",
"2551","22b77d7829c68dcd","E2:1F:7B:35:CC:08","66.66666666666667","4","0.10212418300653595","0","153","1970-01-01T04:50:00.000Z","17400",
"2551","22b77d7829c68dcd","E2:1F:7B:35:CC:08","45.751633986928105","2","0.09300595238095238","0","153","1970-01-01T04:51:00.000Z","17460",
"2551","22b77d7829c68dcd","E2:1F:7B:35:CC:08","52.287581699346404","10","0.0877808988764045","2","153","1970-01-01T04:52:00.000Z","17520",
"2551","22b77d7829c68dcd","E2:1F:7B:35:CC:08","58.8235294117647","8","0.10775862068965517","0","153","1970-01-01T04:53:00.000Z","17580",
"2551","22b77d7829c68dcd","E2:1F:7B:35:CC:08","49.673202614379086","2","0.062250996015936255","0","153","1970-01-01T04:54:00.000Z","17640",
"2551","22b77d7829c68dcd","E2:1F:7B:35:CC:08","52.287581699346404","0","0.10212418300653595","4","153","1970-01-01T04:56:00.000Z","17760",
"2551","22b77d7829c68dcd","E2:1F:7B:35:CC:08","71.89542483660131","12","0.11003521126760564","0","153","1970-01-01T04:57:00.000Z","17820",
"2551","22b77d7829c68dcd","E2:1F:7B:35:CC:08","66.66666666666667","8","0.10486577181208054","0","153","1970-01-01T04:58:00.000Z","17880",
"2551","22b77d7829c68dcd","E2:1F:7B:35:CC:08","65.359477124183","6","0.09137426900584796","1","153","1970-01-01T05:01:00.000Z","18060",
"2551","22b77d7829c68dcd","E2:1F:7B:35:CC:08","70.58823529411765","9","0.10926573426573427","1","153","1970-01-01T05:02:00.000Z","18120",
"2551","22b77d7829c68dcd","E2:1F:7B:35:CC:08","70.58823529411765","8","0.13241525423728814","1","153","1970-01-01T05:03:00.000Z","18180",
"2551","22b77d7829c68dcd","E2:1F:7B:35:CC:08","74.50980392156863","10","0.10016025641025642","1","153","1970-01-01T05:04:00.000Z","18240",
"2551","22b77d7829c68dcd","E2:1F:7B:35:CC:08","82.3529411764706","8","0.10416666666666667","2","153","1970-01-01T05:05:00.000Z","18300",
"2551","22b77d7829c68dcd","E2:1F:7B:35:CC:08","92.81045751633987","11","0.10146103896103896","1","153","1970-01-01T05:06:00.000Z","18360",
"2551","22b77d7829c68dcd","E2:1F:7B:35:CC:08","91.50326797385621","0","0.062250996015936255","2","153","1970-01-01T05:07:00.000Z","18420",
"2551","22b77d7829c68dcd","E2:1F:7B:35:CC:08","100","8","0.1201923076923077","0","153","1970-01-01T05:24:00.000Z","19440",
"2551","22b77d7829c68dcd","E2:1F:7B:35:CC:08","100","13","0.18382352941176472","0","153","1970-01-01T05:25:00.000Z","19500",
"2551","22b77d7829c68dcd","E2:1F:7B:35:CC:08","100","5","0.22644927536231885","0","153","1970-01-01T05:26:00.000Z","19560",
"2551","22b77d7829c68dcd","E2:1F:7B:35:CC:08","66.66666666666667","3","0.16983695652173914","0","153","1970-01-01T05:27:00.000Z","19620",
"2551","22b77d7829c68dcd","E2:1F:7B:35:CC:08","44.44444444444444","0","0.19054878048780488","0","153","1970-01-01T05:28:00.000Z","19680",
"2551","22b77d7829c68dcd","E2:1F:7B:35:CC:08","30.065359477124183","2","0.18825301204819278","0","153","1970-01-01T05:29:00.000Z","19740",
"2551","22b77d7829c68dcd","E2:1F:7B:35:CC:08","50.98039215686274","8","0.20292207792207792","4","153","1970-01-01T05:30:00.000Z","19800",
"2551","22b77d7829c68dcd","E2:1F:7B:35:CC:08","71.89542483660131","8","0.23674242424242425","0","153","1970-01-01T05:31:00.000Z","19860",
"2551","22b77d7829c68dcd","E2:1F:7B:35:CC:08","67.97385620915033","2","0.30637254901960786","5","153","1970-01-01T05:32:00.000Z","19920",
"2551","22b77d7829c68dcd","E2:1F:7B:35:CC:08","96.73202614379085","3","0.33967391304347827","0","153","1970-01-01T05:33:00.000Z","19980",
"2551","22b77d7829c68dcd","E2:1F:7B:35:CC:08","99.34640522875817","8","0.40064102564102566","0","153","1970-01-01T05:34:00.000Z","20040",
"2551","22b77d7829c68dcd","E2:1F:7B:35:CC:08","100","10","0.3633720930232558","4","153","1970-01-01T05:35:00.000Z","20100",
"2551","22b77d7829c68dcd","E2:1F:7B:35:CC:08","100","12","0.38109756097560976","7","153","1970-01-01T05:36:00.000Z","20160",
"2551","22b77d7829c68dcd","E2:1F:7B:35:CC:08","100","7","0.3125","2","153","1970-01-01T05:37:00.000Z","20220",
"2551","22b77d7829c68dcd","E2:1F:7B:35:CC:08","84.9673202614379","2","0.30637254901960786","1","153","1970-01-01T05:38:00.000Z","20280",
"2551","22b77d7829c68dcd","E2:1F:7B:35:CC:08","82.3529411764706","4","0.2741228070175439","4","153","1970-01-01T05:39:00.000Z","20340",
"2551","22b77d7829c68dcd","E2:1F:7B:35:CC:08","100","10","0.33967391304347827","0","153","1970-01-01T05:40:00.000Z","20400",
"2551","22b77d7829c68dcd","E2:1F:7B:35:CC:08","100","6","0.3324468085106383","1","153","1970-01-01T05:41:00.000Z","20460",
"2551","22b77d7829c68dcd","E2:1F:7B:35:CC:08","100","6","0.244140625","7","153","1970-01-01T05:42:00.000Z","20520",
"2551","22b77d7829c68dcd","E2:1F:7B:35:CC:08","100","7","0.37202380952380953","0","153","1970-01-01T05:43:00.000Z","20580",
"2551","22b77d7829c68dcd","E2:1F:7B:35:CC:08","100","6","0.294811320754717","2","153","1970-01-01T05:44:00.000Z","20640",
"2551","22b77d7829c68dcd","E2:1F:7B:35:CC:08","100","9","0.27901785714285715","7","153","1970-01-01T05:45:00.000Z","20700",
"2551","22b77d7829c68dcd","E2:1F:7B:35:CC:08","95.42483660130719","10","0.26939655172413796","4","153","1970-01-01T05:46:00.000Z","20760",
"2551","22b77d7829c68dcd","E2:1F:7B:35:CC:08","100","7","0.3324468085106383","4","153","1970-01-01T05:47:00.000Z","20820",
"2551","22b77d7829c68dcd","E2:1F:7B:35:CC:08","100","0","0.23674242424242425","5","153","1970-01-01T05:48:00.000Z","20880",
"2551","22b77d7829c68dcd","E2:1F:7B:35:CC:08","100","13","0.2604166666666667","12","153","1970-01-01T05:49:00.000Z","20940",
"2551","22b77d7829c68dcd","E2:1F:7B:35:CC:08","100","4","0.27901785714285715","1","153","1970-01-01T05:50:00.000Z","21000",
"2551","22b77d7829c68dcd","E2:1F:7B:35:CC:08","100","0","0.21404109589041095","0","153","1970-01-01T05:51:00.000Z","21060",
"2551","22b77d7829c68dcd","E2:1F:7B:35:CC:08","100","8","0.23674242424242425","0","153","1970-01-01T05:52:00.000Z","21120",
"2551","22b77d7829c68dcd","E2:1F:7B:35:CC:08","100","5","0.16801075268817203","0","153","1970-01-01T05:53:00.000Z","21180",
"2551","22b77d7829c68dcd","E2:1F:7B:35:CC:08","100","9","0.12400793650793651","0","153","1970-01-01T05:54:00.000Z","21240",
"2551","22b77d7829c68dcd","E2:1F:7B:35:CC:08","100","0","0.33967391304347827","4","153","1970-01-01T05:55:00.000Z","21300",
"2551","22b77d7829c68dcd","E2:1F:7B:35:CC:08","100","7","0.31887755102040816","1","153","1970-01-01T05:56:00.000Z","21360",
"2551","22b77d7829c68dcd","E2:1F:7B:35:CC:08","100","0","0.26939655172413796","14","153","1970-01-01T05:57:00.000Z","21420",
"2551","22b77d7829c68dcd","E2:1F:7B:35:CC:08","100","7","0.5580357142857143","0","153","1970-01-01T05:58:00.000Z","21480",
"2551","22b77d7829c68dcd","E2:1F:7B:35:CC:08","100","8","0.5040322580645161","0","153","1970-01-01T05:59:00.000Z","21540",
"2551","22b77d7829c68dcd","E2:1F:7B:35:CC:08","100","2","0.45955882352941174","1","153","1970-01-01T06:00:00.000Z","21600",
"2551","22b77d7829c68dcd","E2:1F:7B:35:CC:08","90.19607843137256","0","0.5580357142857143","4","153","1970-01-01T06:01:00.000Z","21660",
"2551","22b77d7829c68dcd","E2:1F:7B:35:CC:08","88.88888888888889","4","0.3324468085106383","1","153","1970-01-01T06:02:00.000Z","21720",
"2551","22b77d7829c68dcd","E2:1F:7B:35:CC:08","86.27450980392157","2","0.38109756097560976","0","153","1970-01-01T06:03:00.000Z","21780",
"2551","22b77d7829c68dcd","E2:1F:7B:35:CC:08","86.27450980392157","5","0.45955882352941174","2","153","1970-01-01T06:04:00.000Z","21840",
"2551","22b77d7829c68dcd","E2:1F:7B:35:CC:08","83.66013071895425","0","0.062250996015936255","12","153","1970-01-01T06:05:00.000Z","21900",
"2551","22b77d7829c68dcd","E2:1F:7B:35:CC:08","78.43137254901961","5","0.10016025641025642","0","153","1970-01-04T22:27:00.000Z","340020",
"2551","22b77d7829c68dcd","E2:1F:7B:35:CC:08","82.3529411764706","2","0.08311170212765957","12","153","1970-01-04T22:30:00.000Z","340200",
"2551","22b77d7829c68dcd","E2:1F:7B:35:CC:08","100","6","0.10486577181208054","4","153","1970-01-05T00:38:00.000Z","347880",
"2551","22b77d7829c68dcd","E2:1F:7B:35:CC:08","100","4","0.16447368421052633","1","153","1970-01-05T00:40:00.000Z","348000",
"2551","22b77d7829c68dcd","E2:1F:7B:35:CC:08","100","10","0.23674242424242425","14","153","1970-01-05T01:01:00.000Z","349260",
"2551","22b77d7829c68dcd","E2:1F:7B:35:CC:08","100","0","0.2403846153846154","8","153","1970-01-05T01:02:00.000Z","349320",
"2551","22b77d7829c68dcd","E2:1F:7B:35:CC:08","100","7","0.22321428571428573","9","153","1970-01-05T01:03:00.000Z","349380",
"2551","22b77d7829c68dcd","E2:1F:7B:35:CC:08","100","7","0.38109756097560976","7","153","1970-01-05T01:04:00.000Z","349440",
"2551","22b77d7829c68dcd","E2:1F:7B:35:CC:08","100","3","0.18601190476190477","7","153","1970-01-05T01:05:00.000Z","349500",
"2551","22b77d7829c68dcd","E2:1F:7B:35:CC:08","100","5","0.18825301204819278","11","153","1970-01-05T01:06:00.000Z","349560",
"2551","22b77d7829c68dcd","E2:1F:7B:35:CC:08","100","3","0.2403846153846154","19","153","1970-01-05T01:07:00.000Z","349620",
"2551","22b77d7829c68dcd","E2:1F:7B:35:CC:08","100","12","0.3472222222222222","12","153","1970-01-05T01:08:00.000Z","349680",
"2551","22b77d7829c68dcd","E2:1F:7B:35:CC:08","100","3","0.4734848484848485","7","153","1970-01-05T01:09:00.000Z","349740",
"2551","22b77d7829c68dcd","E2:1F:7B:35:CC:08","100","7","0.41118421052631576","2","153","1970-01-05T01:10:00.000Z","349800",
"2551","22b77d7829c68dcd","E2:1F:7B:35:CC:08","100","0","0.45955882352941174","18","153","1970-01-05T01:11:00.000Z","349860",
"2551","22b77d7829c68dcd","E2:1F:7B:35:CC:08","100","4","0.8680555555555556","5","153","1970-01-05T01:12:00.000Z","349920",
"2551","22b77d7829c68dcd","E2:1F:7B:35:CC:08","100","5","0.6009615384615384","7","153","1970-01-05T01:13:00.000Z","349980",
"2551","22b77d7829c68dcd","E2:1F:7B:35:CC:08","100","2","0.8223684210526315","7","153","1970-01-05T01:14:00.000Z","350040",
"2551","22b77d7829c68dcd","E2:1F:7B:35:CC:08","100","7","0.5787037037037037","15","153","1970-01-05T01:15:00.000Z","350100",
"2551","22b77d7829c68dcd","E2:1F:7B:35:CC:08","100","11","0.7440476190476191","5","153","1970-01-05T01:16:00.000Z","350160",
"2551","22b77d7829c68dcd","E2:1F:7B:35:CC:08","100","4","0.7440476190476191","5","153","1970-01-05T01:17:00.000Z","350220",
"2551","22b77d7829c68dcd","E2:1F:7B:35:CC:08","100","4","0.7102272727272727","4","153","1970-01-05T01:18:00.000Z","350280",
"2551","22b77d7829c68dcd","E2:1F:7B:35:CC:08","100","3","0.6510416666666666","8","153","1970-01-05T01:19:00.000Z","350340",
"2551","22b77d7829c68dcd","E2:1F:7B:35:CC:08","100","9","0.6009615384615384","12","153","1970-01-05T01:20:00.000Z","350400",
"2551","22b77d7829c68dcd","E2:1F:7B:35:CC:08","100","2","0.7102272727272727","2","153","1970-01-05T01:21:00.000Z","350460",
"2551","22b77d7829c68dcd","E2:1F:7B:35:CC:08","100","6","0.625","8","153","1970-01-05T01:22:00.000Z","350520",
"2551","22b77d7829c68dcd","E2:1F:7B:35:CC:08","100","0","0.44642857142857145","7","153","1970-01-05T01:23:00.000Z","350580",
"2551","22b77d7829c68dcd","E2:1F:7B:35:CC:08","100","7","0.390625","9","153","1970-01-05T01:24:00.000Z","350640",
"2551","22b77d7829c68dcd","E2:1F:7B:35:CC:08","100","4","0.44642857142857145","5","153","1970-01-05T01:25:00.000Z","350700",
"2551","22b77d7829c68dcd","E2:1F:7B:35:CC:08","100","7","0.5040322580645161","1","153","1970-01-05T01:26:00.000Z","350760",
"2551","22b77d7829c68dcd","E2:1F:7B:35:CC:08","100","7","0.7440476190476191","0","153","1970-01-05T01:27:00.000Z","350820",
"2551","22b77d7829c68dcd","E2:1F:7B:35:CC:08","100","14","0.7102272727272727","1","153","1970-01-05T01:28:00.000Z","350880",
"2551","22b77d7829c68dcd","E2:1F:7B:35:CC:08","100","6","0.6510416666666666","2","153","1970-01-05T01:29:00.000Z","350940",
"2551","22b77d7829c68dcd","E2:1F:7B:35:CC:08","100","5","0.6009615384615384","7","153","1970-01-05T01:30:00.000Z","351000",
"2551","22b77d7829c68dcd","E2:1F:7B:35:CC:08","78.43137254901961","0","0.4734848484848485","9","153","1970-01-05T01:31:00.000Z","351060",
"2551","22b77d7829c68dcd","E2:1F:7B:35:CC:08","78.43137254901961","7","0.28935185185185186","1","153","1970-01-05T01:32:00.000Z","351120",
"2551","22b77d7829c68dcd","E2:1F:7B:35:CC:08","100","7","0.5208333333333334","2","153","1970-01-05T01:33:00.000Z","351180",
"2551","22b77d7829c68dcd","E2:1F:7B:35:CC:08","100","5","0.6793478260869565","2","153","1970-01-05T01:34:00.000Z","351240",
"2551","22b77d7829c68dcd","E2:1F:7B:35:CC:08","100","5","0.8223684210526315","0","153","1970-01-05T01:35:00.000Z","351300",
"2551","22b77d7829c68dcd","E2:1F:7B:35:CC:08","94.11764705882354","1","0.8680555555555556","5","153","1970-01-05T01:36:00.000Z","351360",
"2551","22b77d7829c68dcd","E2:1F:7B:35:CC:08","100","6","0.8223684210526315","11","153","1970-01-05T01:37:00.000Z","351420",
"2551","22b77d7829c68dcd","E2:1F:7B:35:CC:08","99.34640522875817","5","0.9191176470588235","7","153","1970-01-05T01:38:00.000Z","351480",
"2551","22b77d7829c68dcd","E2:1F:7B:35:CC:08","100","4","0.9765625","9","153","1970-01-05T01:39:00.000Z","351540",
"2551","22b77d7829c68dcd","E2:1F:7B:35:CC:08","94.11764705882354","0","0.38109756097560976","0","153","1970-01-05T01:40:00.000Z","351600",
"2551","22b77d7829c68dcd","E2:1F:7B:35:CC:08","86.27450980392157","4","0.3125","11","153","1970-01-05T01:41:00.000Z","351660",
"2551","22b77d7829c68dcd","E2:1F:7B:35:CC:08","100","7","0.31887755102040816","9","153","1970-01-05T01:42:00.000Z","351720",
"2551","22b77d7829c68dcd","E2:1F:7B:35:CC:08","100","3","0.24801587301587302","9","153","1970-01-05T01:43:00.000Z","351780",
"2551","22b77d7829c68dcd","E2:1F:7B:35:CC:08","94.11764705882354","2","0.244140625","0","153","1970-01-05T01:44:00.000Z","351840",
"2551","22b77d7829c68dcd","E2:1F:7B:35:CC:08","73.20261437908496","0","0.143348623853211","7","153","1970-01-05T01:47:00.000Z","352020",
"2551","22b77d7829c68dcd","E2:1F:7B:35:CC:08","67.97385620915033","9","0.19054878048780488","1","153","1970-01-05T01:48:00.000Z","352080",
"2551","22b77d7829c68dcd","E2:1F:7B:35:CC:08","74.50980392156863","11","0.244140625","7","153","1970-01-05T01:49:00.000Z","352140",
"2551","22b77d7829c68dcd","E2:1F:7B:35:CC:08","100","8","0.24801587301587302","7","153","1970-01-05T01:50:00.000Z","352200",
"2551","22b77d7829c68dcd","E2:1F:7B:35:CC:08","100","4","0.175561797752809","9","153","1970-01-05T01:51:00.000Z","352260",
"2551","22b77d7829c68dcd","E2:1F:7B:35:CC:08","100","13","0.294811320754717","2","153","1970-01-05T01:52:00.000Z","352320",
"2551","22b77d7829c68dcd","E2:1F:7B:35:CC:08","88.88888888888889","6","0.27901785714285715","2","153","1970-01-05T01:53:00.000Z","352380",
"2551","22b77d7829c68dcd","E2:1F:7B:35:CC:08","88.88888888888889","3","0.2741228070175439","12","153","1970-01-05T01:54:00.000Z","352440",
"2551","22b77d7829c68dcd","E2:1F:7B:35:CC:08","100","8","0.41118421052631576","5","153","1970-01-05T01:55:00.000Z","352500",
"2551","22b77d7829c68dcd","E2:1F:7B:35:CC:08","100","6","0.33967391304347827","11","153","1970-01-05T01:56:00.000Z","352560",
"2551","22b77d7829c68dcd","E2:1F:7B:35:CC:08","100","10","0.21404109589041095","1","153","1970-01-05T01:59:00.000Z","352740",
"2551","22b77d7829c68dcd","E2:1F:7B:35:CC:08","100","6","0.21404109589041095","9","153","1970-01-05T02:00:00.000Z","352800",
"2551","22b77d7829c68dcd","E2:1F:7B:35:CC:08","100","0","0.25201612903225806","1","153","1970-01-05T02:01:00.000Z","352860",
"2551","22b77d7829c68dcd","E2:1F:7B:35:CC:08","100","9","0.4222972972972973","0","153","1970-01-05T02:02:00.000Z","352920",
"2551","22b77d7829c68dcd","E2:1F:7B:35:CC:08","100","10","0.3633720930232558","0","153","1970-01-05T02:03:00.000Z","352980",
"2551","22b77d7829c68dcd","E2:1F:7B:35:CC:08","87.58169934640523","4","0.3255208333333333","9","153","1970-01-05T02:04:00.000Z","353040",
"2551","22b77d7829c68dcd","E2:1F:7B:35:CC:08","99.34640522875817","3","0.41118421052631576","26","153","1970-01-05T02:05:00.000Z","353100",
"2551","22b77d7829c68dcd","E2:1F:7B:35:CC:08","83.66013071895425","4","0.390625","5","153","1970-01-05T02:06:00.000Z","353160",
"2551","22b77d7829c68dcd","E2:1F:7B:35:CC:08","84.9673202614379","8","0.4340277777777778","5","153","1970-01-05T02:07:00.000Z","353220",
"2551","22b77d7829c68dcd","E2:1F:7B:35:CC:08","79.73856209150327","3","0.4734848484848485","0","153","1970-01-05T02:08:00.000Z","353280",
"2551","22b77d7829c68dcd","E2:1F:7B:35:CC:08","69.28104575163398","2","0.5387931034482759","0","153","1970-01-05T02:09:00.000Z","353340",
"2551","22b77d7829c68dcd","E2:1F:7B:35:CC:08","71.89542483660131","2","0.5208333333333334","4","153","1970-01-05T02:10:00.000Z","353400",
"2551","22b77d7829c68dcd","E2:1F:7B:35:CC:08","69.28104575163398","3","0.33967391304347827","15","153","1970-01-05T02:11:00.000Z","353460",
"2551","22b77d7829c68dcd","E2:1F:7B:35:CC:08","78.43137254901961","11","0.25201612903225806","14","153","1970-01-05T02:12:00.000Z","353520",
"2551","22b77d7829c68dcd","E2:1F:7B:35:CC:08","100","5","0.26939655172413796","0","153","1970-01-05T02:13:00.000Z","353580",
"2551","22b77d7829c68dcd","E2:1F:7B:35:CC:08","100","6","0.27901785714285715","0","153","1970-01-05T02:14:00.000Z","353640",
"2551","22b77d7829c68dcd","E2:1F:7B:35:CC:08","100","8","0.390625","0","153","1970-01-05T02:15:00.000Z","353700",
"2551","22b77d7829c68dcd","E2:1F:7B:35:CC:08","100","9","0.4734848484848485","4","153","1970-01-05T02:16:00.000Z","353760",
"2551","22b77d7829c68dcd","E2:1F:7B:35:CC:08","100","0","0.11081560283687943","8","153","1970-01-05T02:17:00.000Z","353820",
"2551","22b77d7829c68dcd","E2:1F:7B:35:CC:08","100","6","0.12112403100775193","5","153","1970-01-05T02:18:00.000Z","353880",
"2551","22b77d7829c68dcd","E2:1F:7B:35:CC:08","100","11","0.16447368421052633","0","153","1970-01-05T02:19:00.000Z","353940",
"2551","22b77d7829c68dcd","E2:1F:7B:35:CC:08","100","4","0.2403846153846154","9","153","1970-01-05T02:20:00.000Z","354000",
"2551","22b77d7829c68dcd","E2:1F:7B:35:CC:08","100","6","0.2403846153846154","9","153","1970-01-05T02:22:00.000Z","354120",
"2551","22b77d7829c68dcd","E2:1F:7B:35:CC:08","100","9","0.30637254901960786","8","153","1970-01-05T02:23:00.000Z","354180",
"2551","22b77d7829c68dcd","E2:1F:7B:35:CC:08","100","5","0.13469827586206898","5","153","1970-01-05T02:24:00.000Z","354240",
"2551","22b77d7829c68dcd","E2:1F:7B:35:CC:08","100","8","0.25201612903225806","11","153","1970-01-05T02:25:00.000Z","354300",
"2551","22b77d7829c68dcd","E2:1F:7B:35:CC:08","100","0","0.390625","68","153","1970-01-05T02:33:00.000Z","354780",
"2551","22b77d7829c68dcd","E2:1F:7B:35:CC:08","100","0","0.23674242424242425","63","153","1970-01-05T02:34:00.000Z","354840",
"2551","22b77d7829c68dcd","E2:1F:7B:35:CC:08","88.88888888888889","1","0.21404109589041095","71","153","1970-01-05T02:35:00.000Z","354900",
"2551","22b77d7829c68dcd","E2:1F:7B:35:CC:08","70.58823529411765","4","0.22321428571428573","65","153","1970-01-05T02:36:00.000Z","354960",
"2551","22b77d7829c68dcd","E2:1F:7B:35:CC:08","47.05882352941177","0","0.2170138888888889","75","153","1970-01-05T02:37:00.000Z","355020",
"2551","22b77d7829c68dcd","E2:1F:7B:35:CC:08","45.751633986928105","7","0.09191176470588236","11","153","1970-01-05T02:38:00.000Z","355080",
"2551","22b77d7829c68dcd","E2:1F:7B:35:CC:08","54.90196078431372","3","0.1166044776119403","0","153","1970-01-05T02:39:00.000Z","355140",
"2551","22b77d7829c68dcd","E2:1F:7B:35:CC:08","43.13725490196079","2","0.08138020833333333","0","153","1970-01-05T02:56:00.000Z","356160",
"2551","22b77d7829c68dcd","E2:1F:7B:35:CC:08","39.21568627450981","2","0.0882768361581921","0","153","1970-01-05T03:04:00.000Z","356640",
"2551","22b77d7829c68dcd","E2:1F:7B:35:CC:08","43.13725490196079","2","0.09585889570552147","0","153","1970-01-05T03:05:00.000Z","356700",
"2551","22b77d7829c68dcd","E2:1F:7B:35:CC:08","39.21568627450981","6","0.09889240506329114","0","153","1970-01-05T03:06:00.000Z","356760",
"2551","22b77d7829c68dcd","E2:1F:7B:35:CC:08","39.21568627450981","5","0.08538251366120218","0","153","1970-01-05T03:07:00.000Z","356820",
"2551","22b77d7829c68dcd","E2:1F:7B:35:CC:08","54.90196078431372","6","0.10775862068965517","0","153","1970-01-05T03:08:00.000Z","356880",
"2551","22b77d7829c68dcd","E2:1F:7B:35:CC:08","53.59477124183007","1","0.10775862068965517","0","153","1970-01-05T03:09:00.000Z","356940",
"2551","22b77d7829c68dcd","E2:1F:7B:35:CC:08","23.529411764705884","0","0.10702054794520548","0","153","1970-01-05T03:10:00.000Z","357000",
"2551","22b77d7829c68dcd","E2:1F:7B:35:CC:08","14.379084967320262","0","0.10775862068965517","1","153","1970-01-05T03:11:00.000Z","357060",
"2551","22b77d7829c68dcd","E2:1F:7B:35:CC:08","28.758169934640524","2","0.12600806451612903","0","153","1970-01-05T03:12:00.000Z","357120",
"2551","22b77d7829c68dcd","E2:1F:7B:35:CC:08","26.143790849673202","0","0.13827433628318583","0","153","1970-01-05T03:13:00.000Z","357180",
"2551","22b77d7829c68dcd","E2:1F:7B:35:CC:08","22.22222222222222","0","0.11160714285714286","0","153","1970-01-05T03:14:00.000Z","357240",
"2551","22b77d7829c68dcd","E2:1F:7B:35:CC:08","32.6797385620915","0","0.11488970588235294","0","153","1970-01-05T03:15:00.000Z","357300",
"2551","22b77d7829c68dcd","E2:1F:7B:35:CC:08","16.99346405228758","0","0.09952229299363058","0","153","1970-01-05T03:16:00.000Z","357360",
"2551","22b77d7829c68dcd","E2:1F:7B:35:CC:08","73.20261437908496","4","0.10850694444444445","0","153","1970-01-05T03:17:00.000Z","357420",
"2551","22b77d7829c68dcd","E2:1F:7B:35:CC:08","37.908496732026144","0","0.10702054794520548","0","153","1970-01-05T03:18:00.000Z","357480",
"2551","22b77d7829c68dcd","E2:1F:7B:35:CC:08","15.686274509803921","0","0.10926573426573427","0","153","1970-01-05T03:19:00.000Z","357540",
"2551","22b77d7829c68dcd","E2:1F:7B:35:CC:08","7.8431372549019605","0","0.10926573426573427","0","153","1970-01-05T03:20:00.000Z","357600",
"2551","22b77d7829c68dcd","E2:1F:7B:35:CC:08","6.5359477124183005","0","0.11160714285714286","0","153","1970-01-05T03:21:00.000Z","357660",
"2551","22b77d7829c68dcd","E2:1F:7B:35:CC:08","10.457516339869281","0","0.10850694444444445","0","153","1970-01-05T03:22:00.000Z","357720",
"2551","22b77d7829c68dcd","E2:1F:7B:35:CC:08","18.30065359477124","2","0.10629251700680271","0","153","1970-01-05T03:23:00.000Z","357780",
"2551","22b77d7829c68dcd","E2:1F:7B:35:CC:08","50.98039215686274","13","0.13020833333333334","1","153","1970-01-05T05:00:00.000Z","363600",
"2551","22b77d7829c68dcd","E2:1F:7B:35:CC:08","36.60130718954248","0","0.143348623853211","0","153","1970-01-05T05:01:00.000Z","363660",
"2551","22b77d7829c68dcd","E2:1F:7B:35:CC:08","54.90196078431372","2","0.16983695652173914","2","153","1970-01-05T05:02:00.000Z","363720",
"2551","22b77d7829c68dcd","E2:1F:7B:35:CC:08","53.59477124183007","6","0.20292207792207792","0","153","1970-01-05T05:03:00.000Z","363780",
"2551","22b77d7829c68dcd","E2:1F:7B:35:CC:08","32.6797385620915","0","0.18601190476190477","1","153","1970-01-05T05:04:00.000Z","363840",
"2551","22b77d7829c68dcd","E2:1F:7B:35:CC:08","33.98692810457516","3","0.18825301204819278","1","153","1970-01-05T05:05:00.000Z","363900",
"2551","22b77d7829c68dcd","E2:1F:7B:35:CC:08","36.60130718954248","3","0.21404109589041095","0","153","1970-01-05T05:06:00.000Z","363960",
"2551","22b77d7829c68dcd","E2:1F:7B:35:CC:08","35.294117647058826","0","0.2332089552238806","0","153","1970-01-05T05:07:00.000Z","364020",
"2551","22b77d7829c68dcd","E2:1F:7B:35:CC:08","35.294117647058826","4","0.244140625","1","153","1970-01-05T05:08:00.000Z","364080",
"2551","22b77d7829c68dcd","E2:1F:7B:35:CC:08","44.44444444444444","2","0.25201612903225806","0","153","1970-01-05T05:09:00.000Z","364140",
"2551","22b77d7829c68dcd","E2:1F:7B:35:CC:08","36.60130718954248","3","0.25614754098360654","0","153","1970-01-05T05:10:00.000Z","364200",
"2551","22b77d7829c68dcd","E2:1F:7B:35:CC:08","52.287581699346404","7","0.1502403846153846","4","153","1970-01-05T05:13:00.000Z","364380",
"2551","22b77d7829c68dcd","E2:1F:7B:35:CC:08","65.359477124183","9","0.18382352941176472","0","153","1970-01-05T05:14:00.000Z","364440",
"2551","22b77d7829c68dcd","E2:1F:7B:35:CC:08","57.51633986928105","8","0.22321428571428573","0","153","1970-01-05T05:15:00.000Z","364500",
"2551","22b77d7829c68dcd","E2:1F:7B:35:CC:08","66.66666666666667","7","0.22321428571428573","2","153","1970-01-05T05:16:00.000Z","364560",
"2551","22b77d7829c68dcd","E2:1F:7B:35:CC:08","100","5","0.22977941176470587","1","153","1970-01-05T05:17:00.000Z","364620",
"2551","22b77d7829c68dcd","E2:1F:7B:35:CC:08","90.19607843137256","0","0.21114864864864866","2","153","1970-01-05T05:18:00.000Z","364680",
"2551","22b77d7829c68dcd","E2:1F:7B:35:CC:08","60.130718954248366","2","0.25201612903225806","0","153","1970-01-05T05:19:00.000Z","364740",
"2551","22b77d7829c68dcd","E2:1F:7B:35:CC:08","33.98692810457516","0","0.28935185185185186","0","153","1970-01-05T05:20:00.000Z","364800",
"2551","22b77d7829c68dcd","E2:1F:7B:35:CC:08","27.45098039215686","2","0.25201612903225806","0","153","1970-01-05T05:21:00.000Z","364860",
"2551","22b77d7829c68dcd","E2:1F:7B:35:CC:08","43.13725490196079","9","0.44642857142857145","1","153","1970-01-05T05:22:00.000Z","364920",
"2551","22b77d7829c68dcd","E2:1F:7B:35:CC:08","61.43790849673203","6","0.48828125","7","153","1970-01-05T05:23:00.000Z","364980",
"2551","22b77d7829c68dcd","E2:1F:7B:35:CC:08","67.97385620915033","4","0.6009615384615384","1","153","1970-01-05T05:24:00.000Z","365040",
"2551","22b77d7829c68dcd","E2:1F:7B:35:CC:08","73.20261437908496","6","0.625","0","153","1970-01-05T05:25:00.000Z","365100",
"2551","22b77d7829c68dcd","E2:1F:7B:35:CC:08","69.28104575163398","2","0.5387931034482759","1","153","1970-01-05T05:26:00.000Z","365160",
"2551","22b77d7829c68dcd","E2:1F:7B:35:CC:08","74.50980392156863","7","0.1201923076923077","4","153","1970-01-05T05:27:00.000Z","365220",
"2551","22b77d7829c68dcd","E2:1F:7B:35:CC:08","78.43137254901961","0","0.3324468085106383","1","153","1970-01-05T05:28:00.000Z","365280",
"2551","22b77d7829c68dcd","E2:1F:7B:35:CC:08","94.11764705882354","5","0.41118421052631576","1","153","1970-01-05T05:29:00.000Z","365340",
"2551","22b77d7829c68dcd","E2:1F:7B:35:CC:08","87.58169934640523","9","0.390625","7","153","1970-01-05T05:30:00.000Z","365400",
"2551","22b77d7829c68dcd","E2:1F:7B:35:CC:08","100","5","0.5387931034482759","1","153","1970-01-05T05:31:00.000Z","365460",
"2551","22b77d7829c68dcd","E2:1F:7B:35:CC:08","88.88888888888889","6","0.5787037037037037","0","153","1970-01-05T05:32:00.000Z","365520",
"2551","22b77d7829c68dcd","E2:1F:7B:35:CC:08","66.66666666666667","0","0.6009615384615384","1","153","1970-01-05T05:33:00.000Z","365580",
"2551","22b77d7829c68dcd","E2:1F:7B:35:CC:08","67.97385620915033","6","0.6510416666666666","2","153","1970-01-05T05:34:00.000Z","365640",
"2551","22b77d7829c68dcd","E2:1F:7B:35:CC:08","79.73856209150327","9","0.8223684210526315","1","153","1970-01-05T05:35:00.000Z","365700",
"2551","22b77d7829c68dcd","E2:1F:7B:35:CC:08","54.90196078431372","4","0.7102272727272727","0","153","1970-01-05T05:36:00.000Z","365760",
"2551","22b77d7829c68dcd","E2:1F:7B:35:CC:08","64.05228758169935","3","0.6510416666666666","1","153","1970-01-05T05:37:00.000Z","365820",
"2551","22b77d7829c68dcd","E2:1F:7B:35:CC:08","100","11","0.31887755102040816","0","153","1970-01-05T05:38:00.000Z","365880",
"2551","22b77d7829c68dcd","E2:1F:7B:35:CC:08","100","6","0.31887755102040816","1","153","1970-01-05T05:39:00.000Z","365940",
"2551","22b77d7829c68dcd","E2:1F:7B:35:CC:08","100","11","0.3633720930232558","1","153","1970-01-05T05:40:00.000Z","366000",
"2551","22b77d7829c68dcd","E2:1F:7B:35:CC:08","100","6","0.44642857142857145","5","153","1970-01-05T05:41:00.000Z","366060",
"2551","22b77d7829c68dcd","E2:1F:7B:35:CC:08","100","4","0.625","4","153","1970-01-05T05:42:00.000Z","366120",
"2551","22b77d7829c68dcd","E2:1F:7B:35:CC:08","100","5","0.6510416666666666","0","153","1970-01-05T05:43:00.000Z","366180",
"2551","22b77d7829c68dcd","E2:1F:7B:35:CC:08","100","6","0.8223684210526315","1","153","1970-01-05T05:44:00.000Z","366240",
"2551","22b77d7829c68dcd","E2:1F:7B:35:CC:08","95.42483660130719","3","0.78125","0","153","1970-01-05T05:45:00.000Z","366300",
"2551","22b77d7829c68dcd","E2:1F:7B:35:CC:08","94.11764705882354","4","0.8223684210526315","5","153","1970-01-05T05:46:00.000Z","366360",
"2551","22b77d7829c68dcd","E2:1F:7B:35:CC:08","100","6","0.78125","0","153","1970-01-05T05:47:00.000Z","366420",
"2551","22b77d7829c68dcd","E2:1F:7B:35:CC:08","100","8","0.7440476190476191","8","153","1970-01-05T05:48:00.000Z","366480",
"2551","22b77d7829c68dcd","E2:1F:7B:35:CC:08","100","6","0.7102272727272727","4","153","1970-01-05T05:49:00.000Z","366540",
"2551","22b77d7829c68dcd","E2:1F:7B:35:CC:08","94.11764705882354","7","0.78125","0","153","1970-01-05T05:50:00.000Z","366600",
"2551","22b77d7829c68dcd","E2:1F:7B:35:CC:08","77.12418300653594","4","0.8223684210526315","2","153","1970-01-05T05:51:00.000Z","366660",
"2551","22b77d7829c68dcd","E2:1F:7B:35:CC:08","91.50326797385621","4","0.78125","2","153","1970-01-05T05:52:00.000Z","366720",
"2551","22b77d7829c68dcd","E2:1F:7B:35:CC:08","100","9","0.7102272727272727","1","153","1970-01-05T05:53:00.000Z","366780",
"2551","22b77d7829c68dcd","E2:1F:7B:35:CC:08","100","9","0.45955882352941174","4","153","1970-01-05T05:54:00.000Z","366840",
"2551","22b77d7829c68dcd","E2:1F:7B:35:CC:08","100","7","0.78125","1","153","1970-01-05T05:55:00.000Z","366900",
"2551","22b77d7829c68dcd","E2:1F:7B:35:CC:08","100","3","1.0416666666666667","0","153","1970-01-05T05:56:00.000Z","366960",
"2551","22b77d7829c68dcd","E2:1F:7B:35:CC:08","100","5","0.6793478260869565","1","153","1970-01-05T05:57:00.000Z","367020",
"2551","22b77d7829c68dcd","E2:1F:7B:35:CC:08","100","2","0.6510416666666666","0","153","1970-01-05T05:58:00.000Z","367080",
"2551","22b77d7829c68dcd","E2:1F:7B:35:CC:08","99.34640522875817","0","0.78125","2","153","1970-01-05T05:59:00.000Z","367140",
"2551","22b77d7829c68dcd","E2:1F:7B:35:CC:08","100","4","0.8223684210526315","0","153","1970-01-05T06:00:00.000Z","367200",
"2551","22b77d7829c68dcd","E2:1F:7B:35:CC:08","100","8","0.8680555555555556","0","153","1970-01-05T06:01:00.000Z","367260",
"2551","22b77d7829c68dcd","E2:1F:7B:35:CC:08","96.73202614379085","8","0.7440476190476191","5","153","1970-01-05T06:02:00.000Z","367320",
"2551","22b77d7829c68dcd","E2:1F:7B:35:CC:08","98.03921568627452","3","0.7440476190476191","4","153","1970-01-05T06:03:00.000Z","367380",
"2551","22b77d7829c68dcd","E2:1F:7B:35:CC:08","64.05228758169935","7","0.9191176470588235","1","153","1970-01-05T06:04:00.000Z","367440",
"2551","22b77d7829c68dcd","E2:1F:7B:35:CC:08","48.36601307189542","4","0.9191176470588235","1","153","1970-01-05T06:05:00.000Z","367500",
"2551","22b77d7829c68dcd","E2:1F:7B:35:CC:08","50.98039215686274","5","0.8223684210526315","2","153","1970-01-05T06:06:00.000Z","367560",
"2551","22b77d7829c68dcd","E2:1F:7B:35:CC:08","58.8235294117647","2","0.38109756097560976","8","153","1970-01-05T06:07:00.000Z","367620",
"2551","22b77d7829c68dcd","E2:1F:7B:35:CC:08","92.81045751633987","4","0.19290123456790123","1","153","1970-01-05T06:08:00.000Z","367680",
"2551","22b77d7829c68dcd","E2:1F:7B:35:CC:08","99.34640522875817","8","0.37202380952380953","2","153","1970-01-05T06:09:00.000Z","367740",
"2551","22b77d7829c68dcd","E2:1F:7B:35:CC:08","100","8","0.5387931034482759","0","153","1970-01-05T06:10:00.000Z","367800",
"2551","22b77d7829c68dcd","E2:1F:7B:35:CC:08","100","9","0.625","0","153","1970-01-05T06:11:00.000Z","367860",
"2551","22b77d7829c68dcd","E2:1F:7B:35:CC:08","100","6","0.8680555555555556","1","153","1970-01-05T06:12:00.000Z","367920",
"2551","22b77d7829c68dcd","E2:1F:7B:35:CC:08","100","7","0.9191176470588235","5","153","1970-01-05T06:13:00.000Z","367980",
"2551","22b77d7829c68dcd","E2:1F:7B:35:CC:08","100","8","0.8680555555555556","5","153","1970-01-05T06:14:00.000Z","368040",
"2551","22b77d7829c68dcd","E2:1F:7B:35:CC:08","100","7","0.9765625","4","153","1970-01-05T06:15:00.000Z","368100",
"2551","22b77d7829c68dcd","E2:1F:7B:35:CC:08","100","2","0.9765625","2","153","1970-01-05T06:16:00.000Z","368160",
"2551","22b77d7829c68dcd","E2:1F:7B:35:CC:08","73.20261437908496","4","1.1160714285714286","0","153","1970-01-05T06:17:00.000Z","368220",
"2551","22b77d7829c68dcd","E2:1F:7B:35:CC:08","71.89542483660131","3","0.9765625","2","153","1970-01-05T06:18:00.000Z","368280",
"2551","22b77d7829c68dcd","E2:1F:7B:35:CC:08","79.73856209150327","2","0.9765625","0","153","1970-01-05T06:19:00.000Z","368340",
"2551","22b77d7829c68dcd","E2:1F:7B:35:CC:08","58.8235294117647","7","0.9191176470588235","1","153","1970-01-05T06:20:00.000Z","368400",
"2551","22b77d7829c68dcd","E2:1F:7B:35:CC:08","52.287581699346404","4","1.0416666666666667","0","153","1970-01-05T06:21:00.000Z","368460",
"2551","22b77d7829c68dcd","E2:1F:7B:35:CC:08","47.05882352941177","3","1.1160714285714286","2","153","1970-01-05T06:22:00.000Z","368520",
"2551","22b77d7829c68dcd","E2:1F:7B:35:CC:08","60.130718954248366","5","1.1160714285714286","2","153","1970-01-05T06:23:00.000Z","368580",
"2551","22b77d7829c68dcd","E2:1F:7B:35:CC:08","100","5","1.2019230769230769","5","153","1970-01-05T06:24:00.000Z","368640",
"2551","22b77d7829c68dcd","E2:1F:7B:35:CC:08","92.81045751633987","3","1.2019230769230769","2","153","1970-01-05T06:25:00.000Z","368700",
"2551","22b77d7829c68dcd","E2:1F:7B:35:CC:08","100","7","1.3020833333333333","4","153","1970-01-05T06:26:00.000Z","368760",
"2551","22b77d7829c68dcd","E2:1F:7B:35:CC:08","90.19607843137256","4","1.1160714285714286","0","153","1970-01-05T06:27:00.000Z","368820",
"2551","22b77d7829c68dcd","E2:1F:7B:35:CC:08","92.81045751633987","8","1.1160714285714286","4","153","1970-01-05T06:28:00.000Z","368880",
"2551","22b77d7829c68dcd","E2:1F:7B:35:CC:08","82.3529411764706","7","1.1160714285714286","4","153","1970-01-05T06:29:00.000Z","368940",
"2551","22b77d7829c68dcd","E2:1F:7B:35:CC:08","79.73856209150327","4","1.1160714285714286","7","153","1970-01-05T06:30:00.000Z","369000",
"2551","22b77d7829c68dcd","E2:1F:7B:35:CC:08","81.04575163398692","7","1.2019230769230769","0","153","1970-01-05T06:31:00.000Z","369060",
"2551","22b77d7829c68dcd","E2:1F:7B:35:CC:08","99.34640522875817","9","1.2019230769230769","2","153","1970-01-05T06:32:00.000Z","369120",
"2551","22b77d7829c68dcd","E2:1F:7B:35:CC:08","100","9","1.4204545454545454","1","153","1970-01-05T06:33:00.000Z","369180",
"2551","22b77d7829c68dcd","E2:1F:7B:35:CC:08","88.88888888888889","5","1.3020833333333333","0","153","1970-01-05T06:34:00.000Z","369240",
"2551","22b77d7829c68dcd","E2:1F:7B:35:CC:08","57.51633986928105","2","1.2019230769230769","0","153","1970-01-05T06:35:00.000Z","369300",
"2551","22b77d7829c68dcd","E2:1F:7B:35:CC:08","44.44444444444444","2","1.2019230769230769","0","153","1970-01-05T06:36:00.000Z","369360",
"2551","22b77d7829c68dcd","E2:1F:7B:35:CC:08","30.065359477124183","0","1.1160714285714286","0","153","1970-01-05T06:37:00.000Z","369420",
"2551","22b77d7829c68dcd","E2:1F:7B:35:CC:08","27.45098039215686","0","1.0416666666666667","0","153","1970-01-05T06:38:00.000Z","369480",
"2551","22b77d7829c68dcd","E2:1F:7B:35:CC:08","23.529411764705884","0","1.0416666666666667","1","153","1970-01-05T06:39:00.000Z","369540",
"2551","22b77d7829c68dcd","E2:1F:7B:35:CC:08","26.143790849673202","1","1.1160714285714286","0","153","1970-01-05T06:40:00.000Z","369600",
"2551","22b77d7829c68dcd","E2:1F:7B:35:CC:08","30.065359477124183","0","0.9765625","0","153","1970-01-05T06:41:00.000Z","369660",
"2551","22b77d7829c68dcd","E2:1F:7B:35:CC:08","43.13725490196079","0","0.9191176470588235","0","153","1970-01-05T06:42:00.000Z","369720",
"2551","22b77d7829c68dcd","E2:1F:7B:35:CC:08","22.22222222222222","0","0.9191176470588235","0","153","1970-01-05T06:43:00.000Z","369780",
"2551","22b77d7829c68dcd","E2:1F:7B:35:CC:08","31.372549019607842","1","0.8680555555555556","0","153","1970-01-05T06:44:00.000Z","369840",
"2551","22b77d7829c68dcd","E2:1F:7B:35:CC:08","16.99346405228758","0","0.9191176470588235","0","153","1970-01-05T06:45:00.000Z","369900",
"2551","22b77d7829c68dcd","E2:1F:7B:35:CC:08","49.673202614379086","3","0.8680555555555556","0","153","1970-01-05T06:46:00.000Z","369960",
"2551","22b77d7829c68dcd","E2:1F:7B:35:CC:08","98.03921568627452","4","0.8223684210526315","5","153","1970-01-05T06:47:00.000Z","370020",
"2551","22b77d7829c68dcd","E2:1F:7B:35:CC:08","60.130718954248366","1","0.7440476190476191","0","153","1970-01-05T06:48:00.000Z","370080",
"2551","22b77d7829c68dcd","E2:1F:7B:35:CC:08","71.89542483660131","5","0.8680555555555556","0","153","1970-01-05T06:49:00.000Z","370140",
"2551","22b77d7829c68dcd","E2:1F:7B:35:CC:08","79.73856209150327","2","0.9765625","1","153","1970-01-05T06:50:00.000Z","370200",
"2551","22b77d7829c68dcd","E2:1F:7B:35:CC:08","62.745098039215684","1","0.8223684210526315","0","153","1970-01-05T06:51:00.000Z","370260",
"2551","22b77d7829c68dcd","E2:1F:7B:35:CC:08","100","6","0.13241525423728814","0","153","1970-01-05T11:42:00.000Z","387720",
"2551","22b77d7829c68dcd","E2:1F:7B:35:CC:08","100","12","0.13950892857142858","0","153","1970-01-05T11:43:00.000Z","387780",
"2551","22b77d7829c68dcd","E2:1F:7B:35:CC:08","100","7","0.22007042253521128","0","153","1970-01-05T11:44:00.000Z","387840",
"2551","22b77d7829c68dcd","E2:1F:7B:35:CC:08","86.27450980392157","7","0.2741228070175439","0","153","1970-01-05T11:45:00.000Z","387900",
"2551","22b77d7829c68dcd","E2:1F:7B:35:CC:08","61.43790849673203","3","0.2332089552238806","0","153","1970-01-05T11:46:00.000Z","387960",
"2551","22b77d7829c68dcd","E2:1F:7B:35:CC:08","75.81699346405229","7","0.3125","1","153","1970-01-05T11:47:00.000Z","388020",
"2551","22b77d7829c68dcd","E2:1F:7B:35:CC:08","78.43137254901961","3","0.35511363636363635","0","153","1970-01-05T11:48:00.000Z","388080",
"2551","22b77d7829c68dcd","E2:1F:7B:35:CC:08","44.44444444444444","0","0.38109756097560976","1","153","1970-01-05T11:49:00.000Z","388140",
"2551","22b77d7829c68dcd","E2:1F:7B:35:CC:08","48.36601307189542","1","0.3472222222222222","1","153","1970-01-05T11:50:00.000Z","388200",
"2551","22b77d7829c68dcd","E2:1F:7B:35:CC:08","62.745098039215684","5","0.35511363636363635","0","153","1970-01-05T11:51:00.000Z","388260",
"2551","22b77d7829c68dcd","E2:1F:7B:35:CC:08","61.43790849673203","3","0.4340277777777778","0","153","1970-01-05T11:52:00.000Z","388320",
"2551","22b77d7829c68dcd","E2:1F:7B:35:CC:08","24.836601307189543","0","0.44642857142857145","0","153","1970-01-05T11:53:00.000Z","388380",
"2551","22b77d7829c68dcd","E2:1F:7B:35:CC:08","11.764705882352942","0","0.4340277777777778","0","153","1970-01-05T11:54:00.000Z","388440",
"2551","22b77d7829c68dcd","E2:1F:7B:35:CC:08","7.8431372549019605","0","0.4340277777777778","0","153","1970-01-05T11:55:00.000Z","388500",
"2551","22b77d7829c68dcd","E2:1F:7B:35:CC:08","6.5359477124183005","0","0.4340277777777778","0","153","1970-01-05T11:56:00.000Z","388560",
"2551","22b77d7829c68dcd","E2:1F:7B:35:CC:08","7.8431372549019605","0","0.44642857142857145","0","153","1970-01-05T11:57:00.000Z","388620",
"2551","22b77d7829c68dcd","E2:1F:7B:35:CC:08","15.686274509803921","0","0.44642857142857145","0","153","1970-01-05T11:58:00.000Z","388680",
"2551","22b77d7829c68dcd","E2:1F:7B:35:CC:08","43.13725490196079","0","0.4340277777777778","0","153","1970-01-05T11:59:00.000Z","388740",
"2551","22b77d7829c68dcd","E2:1F:7B:35:CC:08","53.59477124183007","0","0.41118421052631576","0","153","1970-01-05T12:00:00.000Z","388800",
"2551","22b77d7829c68dcd","E2:1F:7B:35:CC:08","28.758169934640524","0","0.4340277777777778","0","153","1970-01-05T12:01:00.000Z","388860",
"2551","22b77d7829c68dcd","E2:1F:7B:35:CC:08","16.99346405228758","0","0.4340277777777778","0","153","1970-01-05T12:02:00.000Z","388920",
"2551","22b77d7829c68dcd","E2:1F:7B:35:CC:08","40.52287581699346","2","0.4340277777777778","0","153","1970-01-05T12:03:00.000Z","388980",
"2551","22b77d7829c68dcd","E2:1F:7B:35:CC:08","36.60130718954248","0","0.4734848484848485","0","153","1970-01-05T12:04:00.000Z","389040",
"2551","22b77d7829c68dcd","E2:1F:7B:35:CC:08","13.071895424836601","0","0.4734848484848485","0","153","1970-01-05T12:05:00.000Z","389100",
"2551","22b77d7829c68dcd","E2:1F:7B:35:CC:08","18.30065359477124","0","0.45955882352941174","0","153","1970-01-05T12:06:00.000Z","389160",
"2551","22b77d7829c68dcd","E2:1F:7B:35:CC:08","16.99346405228758","0","0.48828125","0","153","1970-01-05T12:07:00.000Z","389220",
"2551","22b77d7829c68dcd","E2:1F:7B:35:CC:08","10.457516339869281","0","0.48828125","0","153","1970-01-05T12:08:00.000Z","389280",
"2551","22b77d7829c68dcd","E2:1F:7B:35:CC:08","10.457516339869281","0","0.48828125","0","153","1970-01-05T12:09:00.000Z","389340",
"2551","22b77d7829c68dcd","E2:1F:7B:35:CC:08","7.8431372549019605","0","0.48828125","0","153","1970-01-05T12:10:00.000Z","389400",
"2551","22b77d7829c68dcd","E2:1F:7B:35:CC:08","28.758169934640524","0","0.4222972972972973","0","153","1970-01-05T12:11:00.000Z","389460",
"2551","22b77d7829c68dcd","E2:1F:7B:35:CC:08","70.58823529411765","7","0.4222972972972973","0","153","1970-01-05T12:12:00.000Z","389520",
"2551","22b77d7829c68dcd","E2:1F:7B:35:CC:08","58.8235294117647","2","0.48828125","0","153","1970-01-05T12:13:00.000Z","389580",
"2551","22b77d7829c68dcd","E2:1F:7B:35:CC:08","27.45098039215686","0","0.5040322580645161","0","153","1970-01-05T12:14:00.000Z","389640",
"2551","22b77d7829c68dcd","E2:1F:7B:35:CC:08","36.60130718954248","1","0.45955882352941174","1","153","1970-01-05T12:15:00.000Z","389700",
"2551","22b77d7829c68dcd","E2:1F:7B:35:CC:08","70.58823529411765","6","0.4340277777777778","1","153","1970-01-05T12:16:00.000Z","389760",
"2551","22b77d7829c68dcd","E2:1F:7B:35:CC:08","92.81045751633987","5","0.4340277777777778","2","153","1970-01-05T12:17:00.000Z","389820",
"2551","22b77d7829c68dcd","E2:1F:7B:35:CC:08","74.50980392156863","3","0.5387931034482759","1","153","1970-01-05T12:18:00.000Z","389880",
"2551","22b77d7829c68dcd","E2:1F:7B:35:CC:08","44.44444444444444","0","0.5208333333333334","0","153","1970-01-05T12:19:00.000Z","389940",
"2551","22b77d7829c68dcd","E2:1F:7B:35:CC:08","40.52287581699346","0","0.45955882352941174","0","153","1970-01-05T12:20:00.000Z","390000",
"2551","22b77d7829c68dcd","E2:1F:7B:35:CC:08","41.830065359477125","3","0.44642857142857145","0","153","1970-01-05T12:21:00.000Z","390060",
"2551","22b77d7829c68dcd","E2:1F:7B:35:CC:08","49.673202614379086","3","0.4734848484848485","0","153","1970-01-05T12:22:00.000Z","390120",
"2551","22b77d7829c68dcd","E2:1F:7B:35:CC:08","44.44444444444444","4","0.5040322580645161","0","153","1970-01-05T12:23:00.000Z","390180",
"2551","22b77d7829c68dcd","E2:1F:7B:35:CC:08","41.830065359477125","3","0.5580357142857143","0","153","1970-01-05T12:24:00.000Z","390240",
"2551","22b77d7829c68dcd","E2:1F:7B:35:CC:08","61.43790849673203","13","0.3633720930232558","0","153","1970-01-05T12:25:00.000Z","390300",
"2551","22b77d7829c68dcd","E2:1F:7B:35:CC:08","57.51633986928105","10","0.44642857142857145","1","153","1970-01-05T12:26:00.000Z","390360",
"2551","22b77d7829c68dcd","E2:1F:7B:35:CC:08","69.28104575163398","7","0.4222972972972973","1","153","1970-01-05T12:27:00.000Z","390420",
"2551","22b77d7829c68dcd","E2:1F:7B:35:CC:08","70.58823529411765","2","0.5040322580645161","1","153","1970-01-05T12:28:00.000Z","390480",
"2551","22b77d7829c68dcd","E2:1F:7B:35:CC:08","47.05882352941177","4","0.5208333333333334","0","153","1970-01-05T12:29:00.000Z","390540",
"2551","22b77d7829c68dcd","E2:1F:7B:35:CC:08","32.6797385620915","1","0.5040322580645161","0","153","1970-01-05T12:30:00.000Z","390600",
"2551","22b77d7829c68dcd","E2:1F:7B:35:CC:08","27.45098039215686","0","0.5580357142857143","0","153","1970-01-05T12:31:00.000Z","390660",
"2551","22b77d7829c68dcd","E2:1F:7B:35:CC:08","31.372549019607842","1","0.5208333333333334","0","153","1970-01-05T12:32:00.000Z","390720",
"2551","22b77d7829c68dcd","E2:1F:7B:35:CC:08","43.13725490196079","4","0.6009615384615384","4","153","1970-01-05T12:33:00.000Z","390780",
"2551","22b77d7829c68dcd","E2:1F:7B:35:CC:08","60.130718954248366","4","0.625","4","153","1970-01-05T12:34:00.000Z","390840",
"2551","22b77d7829c68dcd","E2:1F:7B:35:CC:08","56.209150326797385","3","0.5787037037037037","1","153","1970-01-05T12:35:00.000Z","390900",
"2551","22b77d7829c68dcd","E2:1F:7B:35:CC:08","100","3","0.16801075268817203","1","217","2022-05-10T15:48:00.000Z","1652197680",
"2551","22b77d7829c68dcd","E2:1F:7B:35:CC:08","100","3","0.294811320754717","0","217","2022-05-10T15:49:00.000Z","1652197740",
"2551","22b77d7829c68dcd","E2:1F:7B:35:CC:08","85.71428571428571","8","0.21404109589041095","0","217","2022-05-10T15:50:00.000Z","1652197800",
"2551","22b77d7829c68dcd","E2:1F:7B:35:CC:08","74.65437788018433","10","0.22321428571428573","0","217","2022-05-10T15:51:00.000Z","1652197860",
"2551","22b77d7829c68dcd","E2:1F:7B:35:CC:08","84.7926267281106","12","0.30637254901960786","1","217","2022-05-10T15:52:00.000Z","1652197920",
"2551","22b77d7829c68dcd","E2:1F:7B:35:CC:08","70.96774193548387","6","0.33967391304347827","0","217","2022-05-10T15:53:00.000Z","1652197980",
"2551","22b77d7829c68dcd","E2:1F:7B:35:CC:08","49.76958525345622","7","0.4734848484848485","0","217","2022-05-10T15:54:00.000Z","1652198040",
"2551","22b77d7829c68dcd","E2:1F:7B:35:CC:08","46.08294930875576","9","0.48828125","0","217","2022-05-10T15:55:00.000Z","1652198100",
"2551","22b77d7829c68dcd","E2:1F:7B:35:CC:08","49.76958525345622","6","0.38109756097560976","4","217","2022-05-10T15:56:00.000Z","1652198160",
"2551","22b77d7829c68dcd","E2:1F:7B:35:CC:08","58.986175115207374","11","0.4734848484848485","8","217","2022-05-10T15:57:00.000Z","1652198220",
"2551","22b77d7829c68dcd","E2:1F:7B:35:CC:08","62.672811059907836","0","0.5208333333333334","16","217","2022-05-10T15:58:00.000Z","1652198280",
"2551","22b77d7829c68dcd","E2:1F:7B:35:CC:08","63.59447004608295","2","0.41118421052631576","8","217","2022-05-10T15:59:00.000Z","1652198340",
"2551","22b77d7829c68dcd","E2:1F:7B:35:CC:08","78.3410138248848","5","0.5208333333333334","14","217","2022-05-10T16:00:00.000Z","1652198400",
"2551","22b77d7829c68dcd","E2:1F:7B:35:CC:08","81.10599078341014","0","0.19290123456790123","1","217","2022-05-10T16:01:00.000Z","1652198460",
"2551","22b77d7829c68dcd","E2:1F:7B:35:CC:08","93.08755760368663","8","0.23674242424242425","15","217","2022-05-10T16:02:00.000Z","1652198520",
"2551","22b77d7829c68dcd","E2:1F:7B:35:CC:08","90.3225806451613","3","0.3255208333333333","4","217","2022-05-10T16:03:00.000Z","1652198580",
"2551","22b77d7829c68dcd","E2:1F:7B:35:CC:08","81.10599078341014","3","0.19778481012658228","18","217","2022-05-10T16:04:00.000Z","1652198640",
"2551","22b77d7829c68dcd","E2:1F:7B:35:CC:08","73.73271889400921","9","0.1953125","33","217","2022-05-10T16:05:00.000Z","1652198700",
"2551","22b77d7829c68dcd","E2:1F:7B:35:CC:08","68.20276497695852","0","0.25201612903225806","14","217","2022-05-10T16:06:00.000Z","1652198760",
"2551","22b77d7829c68dcd","E2:1F:7B:35:CC:08","69.12442396313364","5","0.2840909090909091","19","217","2022-05-10T16:07:00.000Z","1652198820",
"2551","22b77d7829c68dcd","E2:1F:7B:35:CC:08","71.88940092165899","10","0.2840909090909091","7","217","2022-05-10T16:08:00.000Z","1652198880",
"2551","22b77d7829c68dcd","E2:1F:7B:35:CC:08","64.51612903225806","10","0.3472222222222222","1","217","2022-05-10T16:09:00.000Z","1652198940",
"2551","22b77d7829c68dcd","E2:1F:7B:35:CC:08","56.22119815668203","4","0.3324468085106383","0","217","2022-05-10T16:10:00.000Z","1652199000",
"2551","22b77d7829c68dcd","E2:1F:7B:35:CC:08","51.61290322580645","5","0.5580357142857143","1","217","2022-05-10T16:11:00.000Z","1652199060",
"2551","22b77d7829c68dcd","E2:1F:7B:35:CC:08","65.43778801843318","8","0.38109756097560976","1","217","2022-05-10T16:12:00.000Z","1652199120",
"2551","22b77d7829c68dcd","E2:1F:7B:35:CC:08","67.28110599078342","6","0.44642857142857145","1","217","2022-05-10T16:13:00.000Z","1652199180",
"2551","22b77d7829c68dcd","E2:1F:7B:35:CC:08","56.22119815668203","5","0.41118421052631576","1","217","2022-05-10T16:14:00.000Z","1652199240",
"2551","22b77d7829c68dcd","E2:1F:7B:35:CC:08","56.22119815668203","10","0.4734848484848485","0","217","2022-05-10T16:15:00.000Z","1652199300",
"2551","22b77d7829c68dcd","E2:1F:7B:35:CC:08","77.41935483870968","3","0.22007042253521128","0","217","2022-05-10T16:17:00.000Z","1652199420",
"2551","22b77d7829c68dcd","E2:1F:7B:35:CC:08","65.43778801843318","4","0.44642857142857145","0","217","2022-05-10T16:18:00.000Z","1652199480",
"2551","22b77d7829c68dcd","E2:1F:7B:35:CC:08","52.534562211981566","8","0.33967391304347827","0","217","2022-05-10T16:19:00.000Z","1652199540",
"2551","22b77d7829c68dcd","E2:1F:7B:35:CC:08","44.23963133640553","3","0.3472222222222222","0","217","2022-05-10T16:20:00.000Z","1652199600",
"2551","22b77d7829c68dcd","E2:1F:7B:35:CC:08","36.866359447004605","3","0.48828125","0","217","2022-05-10T16:21:00.000Z","1652199660",
"2551","22b77d7829c68dcd","E2:1F:7B:35:CC:08","25.806451612903224","0","0.5208333333333334","0","217","2022-05-10T16:22:00.000Z","1652199720",
"2551","22b77d7829c68dcd","E2:1F:7B:35:CC:08","21.19815668202765","0","0.625","0","217","2022-05-10T16:23:00.000Z","1652199780",
"2551","22b77d7829c68dcd","E2:1F:7B:35:CC:08","29.493087557603687","1","0.625","0","217","2022-05-10T16:24:00.000Z","1652199840",
"2551","22b77d7829c68dcd","E2:1F:7B:35:CC:08","28.571428571428573","3","0.6009615384615384","0","217","2022-05-10T16:25:00.000Z","1652199900",
"2551","22b77d7829c68dcd","E2:1F:7B:35:CC:08","37.78801843317972","4","0.625","0","217","2022-05-10T16:26:00.000Z","1652199960",
"2551","22b77d7829c68dcd","E2:1F:7B:35:CC:08","49.76958525345622","6","0.8223684210526315","0","217","2022-05-10T16:27:00.000Z","1652200020",
"2551","22b77d7829c68dcd","E2:1F:7B:35:CC:08","42.3963133640553","4","0.6009615384615384","0","217","2022-05-10T16:28:00.000Z","1652200080",
"2551","22b77d7829c68dcd","E2:1F:7B:35:CC:08","29.493087557603687","1","0.7102272727272727","0","217","2022-05-10T16:29:00.000Z","1652200140",
"2551","22b77d7829c68dcd","E2:1F:7B:35:CC:08","18.433179723502302","0","0.9765625","0","217","2022-05-10T16:30:00.000Z","1652200200",
"2551","22b77d7829c68dcd","E2:1F:7B:35:CC:08","26.72811059907834","5","0.6009615384615384","0","217","2022-05-10T16:31:00.000Z","1652200260",
"2551","22b77d7829c68dcd","E2:1F:7B:35:CC:08","28.571428571428573","1","0.5208333333333334","0","217","2022-05-10T16:32:00.000Z","1652200320",
"2551","22b77d7829c68dcd","E2:1F:7B:35:CC:08","31.336405529953918","3","0.7440476190476191","0","217","2022-05-10T16:33:00.000Z","1652200380",
"2551","22b77d7829c68dcd","E2:1F:7B:35:CC:08","34.10138248847926","2","0.78125","0","217","2022-05-10T16:34:00.000Z","1652200440",
"2551","22b77d7829c68dcd","E2:1F:7B:35:CC:08","23.963133640552996","2","0.7440476190476191","0","217","2022-05-10T16:35:00.000Z","1652200500",
"2551","22b77d7829c68dcd","E2:1F:7B:35:CC:08","24.88479262672811","2","0.5787037037037037","0","217","2022-05-10T16:36:00.000Z","1652200560",
"2551","22b77d7829c68dcd","E2:1F:7B:35:CC:08","23.04147465437788","1","0.8223684210526315","5","217","2022-05-10T16:37:00.000Z","1652200620",
"2551","22b77d7829c68dcd","E2:1F:7B:35:CC:08","82.02764976958525","4","0.48828125","0","217","2022-05-10T16:38:00.000Z","1652200680",
"2551","22b77d7829c68dcd","E2:1F:7B:35:CC:08","73.73271889400921","3","0.6009615384615384","0","217","2022-05-10T16:39:00.000Z","1652200740",
"2551","22b77d7829c68dcd","E2:1F:7B:35:CC:08","46.08294930875576","2","0.5787037037037037","0","217","2022-05-10T16:40:00.000Z","1652200800",
"2551","22b77d7829c68dcd","E2:1F:7B:35:CC:08","25.806451612903224","0","0.5787037037037037","0","217","2022-05-10T16:41:00.000Z","1652200860",
"2551","22b77d7829c68dcd","E2:1F:7B:35:CC:08","20.276497695852534","0","0.6009615384615384","0","217","2022-05-10T16:42:00.000Z","1652200920",
"2551","22b77d7829c68dcd","E2:1F:7B:35:CC:08","20.276497695852534","1","0.7102272727272727","0","217","2022-05-10T16:43:00.000Z","1652200980",
"2551","22b77d7829c68dcd","E2:1F:7B:35:CC:08","25.806451612903224","5","0.78125","0","217","2022-05-10T16:44:00.000Z","1652201040",
"2551","22b77d7829c68dcd","E2:1F:7B:35:CC:08","45.16129032258065","2","0.5208333333333334","0","217","2022-05-10T16:45:00.000Z","1652201100",
"2551","22b77d7829c68dcd","E2:1F:7B:35:CC:08","31.336405529953918","2","0.48828125","2","217","2022-05-10T16:46:00.000Z","1652201160",
"2551","22b77d7829c68dcd","E2:1F:7B:35:CC:08","32.25806451612903","8","0.4734848484848485","0","217","2022-05-10T16:47:00.000Z","1652201220",
"2551","22b77d7829c68dcd","E2:1F:7B:35:CC:08","28.571428571428573","7","0.48828125","0","217","2022-05-10T16:48:00.000Z","1652201280",
"2551","22b77d7829c68dcd","E2:1F:7B:35:CC:08","32.25806451612903","9","0.5208333333333334","0","217","2022-05-10T16:49:00.000Z","1652201340",
"2551","22b77d7829c68dcd","E2:1F:7B:35:CC:08","39.63133640552996","7","0.5787037037037037","0","217","2022-05-10T16:50:00.000Z","1652201400",
"2551","22b77d7829c68dcd","E2:1F:7B:35:CC:08","39.63133640552996","7","0.6510416666666666","0","217","2022-05-10T16:51:00.000Z","1652201460",
"2551","22b77d7829c68dcd","E2:1F:7B:35:CC:08","41.474654377880185","7","0.48828125","0","217","2022-05-10T16:52:00.000Z","1652201520",
"2551","22b77d7829c68dcd","E2:1F:7B:35:CC:08","42.3963133640553","6","0.5040322580645161","1","217","2022-05-10T16:53:00.000Z","1652201580",
"2551","22b77d7829c68dcd","E2:1F:7B:35:CC:08","40.55299539170507","5","0.5787037037037037","0","217","2022-05-10T16:54:00.000Z","1652201640",
"2551","22b77d7829c68dcd","E2:1F:7B:35:CC:08","43.31797235023041","7","0.45955882352941174","0","217","2022-05-10T16:55:00.000Z","1652201700",
"2551","22b77d7829c68dcd","E2:1F:7B:35:CC:08","45.16129032258065","7","0.5040322580645161","0","217","2022-05-10T16:56:00.000Z","1652201760",
"2551","22b77d7829c68dcd","E2:1F:7B:35:CC:08","39.63133640552996","4","0.48828125","0","217","2022-05-10T16:57:00.000Z","1652201820",
"2551","22b77d7829c68dcd","E2:1F:7B:35:CC:08","51.61290322580645","5","0.3633720930232558","9","217","2022-05-10T16:58:00.000Z","1652201880",
"2551","22b77d7829c68dcd","E2:1F:7B:35:CC:08","52.534562211981566","0","0.14204545454545456","5","217","2022-05-10T16:59:00.000Z","1652201940",
"2551","22b77d7829c68dcd","E2:1F:7B:35:CC:08","52.534562211981566","16","0.175561797752809","1","217","2022-05-10T17:00:00.000Z","1652202000",
"2551","22b77d7829c68dcd","E2:1F:7B:35:CC:08","53.45622119815668","0","0.21404109589041095","1","217","2022-05-10T17:01:00.000Z","1652202060",
"2551","22b77d7829c68dcd","E2:1F:7B:35:CC:08","55.29953917050691","0","0.2403846153846154","4","217","2022-05-10T17:02:00.000Z","1652202120",
"2551","22b77d7829c68dcd","E2:1F:7B:35:CC:08","68.20276497695852","10","0.3004807692307692","4","217","2022-05-10T17:03:00.000Z","1652202180",
"2551","22b77d7829c68dcd","E2:1F:7B:35:CC:08","72.8110599078341","8","0.30637254901960786","9","217","2022-05-10T17:04:00.000Z","1652202240",
"2551","22b77d7829c68dcd","E2:1F:7B:35:CC:08","63.59447004608295","6","0.38109756097560976","0","217","2022-05-10T17:05:00.000Z","1652202300",
"2551","22b77d7829c68dcd","E2:1F:7B:35:CC:08","52.534562211981566","5","0.3633720930232558","1","217","2022-05-10T17:06:00.000Z","1652202360",
"2551","22b77d7829c68dcd","E2:1F:7B:35:CC:08","47.92626728110599","3","0.41118421052631576","0","217","2022-05-10T17:07:00.000Z","1652202420",
"2551","22b77d7829c68dcd","E2:1F:7B:35:CC:08","70.96774193548387","6","0.5208333333333334","2","217","2022-05-10T17:08:00.000Z","1652202480",
"2551","22b77d7829c68dcd","E2:1F:7B:35:CC:08","79.26267281105991","1","0.31887755102040816","0","217","2022-05-10T17:09:00.000Z","1652202540",
"2551","22b77d7829c68dcd","E2:1F:7B:35:CC:08","70.96774193548387","4","0.48828125","0","217","2022-05-10T17:10:00.000Z","1652202600",
"2551","22b77d7829c68dcd","E2:1F:7B:35:CC:08","59.90783410138249","1","0.33967391304347827","1","217","2022-05-10T17:11:00.000Z","1652202660",
"2551","22b77d7829c68dcd","E2:1F:7B:35:CC:08","59.90783410138249","1","0.4222972972972973","0","217","2022-05-10T17:12:00.000Z","1652202720",
"2551","22b77d7829c68dcd","E2:1F:7B:35:CC:08","65.43778801843318","4","0.37202380952380953","0","217","2022-05-10T17:13:00.000Z","1652202780",
"2551","22b77d7829c68dcd","E2:1F:7B:35:CC:08","60.8294930875576","4","0.3255208333333333","1","217","2022-05-10T17:14:00.000Z","1652202840",
"2551","22b77d7829c68dcd","E2:1F:7B:35:CC:08","55.29953917050691","4","0.3125","0","217","2022-05-10T17:15:00.000Z","1652202900",
"2551","22b77d7829c68dcd","E2:1F:7B:35:CC:08","45.09803921568628","3","0.33967391304347827","0","204","2022-05-10T17:19:00.000Z","1652203140",
"2551","22b77d7829c68dcd","E2:1F:7B:35:CC:08","44.11764705882353","2","0.37202380952380953","0","204","2022-05-10T17:20:00.000Z","1652203200",
"2551","22b77d7829c68dcd","E2:1F:7B:35:CC:08","56.86274509803921","8","0.2840909090909091","0","204","2022-05-10T17:21:00.000Z","1652203260",
"2551","22b77d7829c68dcd","E2:1F:7B:35:CC:08","68.62745098039215","9","0.19778481012658228","0","204","2022-05-10T17:22:00.000Z","1652203320",
"2551","22b77d7829c68dcd","E2:1F:7B:35:CC:08","90.19607843137256","9","0.2648305084745763","0","204","2022-05-10T17:23:00.000Z","1652203380",
"2551","22b77d7829c68dcd","E2:1F:7B:35:CC:08","97.05882352941177","5","0.2332089552238806","1","204","2022-05-10T17:24:00.000Z","1652203440",
"2551","22b77d7829c68dcd","E2:1F:7B:35:CC:08","87.25490196078431","4","0.21114864864864866","0","204","2022-05-10T17:25:00.000Z","1652203500",
"2551","22b77d7829c68dcd","E2:1F:7B:35:CC:08","68.62745098039215","9","0.21404109589041095","0","204","2022-05-10T17:26:00.000Z","1652203560",
"2551","22b77d7829c68dcd","E2:1F:7B:35:CC:08","53.92156862745098","3","0.23674242424242425","0","204","2022-05-10T17:27:00.000Z","1652203620",
"2551","22b77d7829c68dcd","E2:1F:7B:35:CC:08","48.03921568627451","8","0.2648305084745763","0","204","2022-05-10T17:28:00.000Z","1652203680",
"2551","22b77d7829c68dcd","E2:1F:7B:35:CC:08","48.03921568627451","8","0.25614754098360654","1","204","2022-05-10T17:29:00.000Z","1652203740",
"2551","22b77d7829c68dcd","E2:1F:7B:35:CC:08","40.19607843137255","3","0.27901785714285715","0","204","2022-05-10T17:30:00.000Z","1652203800",
"2551","22b77d7829c68dcd","E2:1F:7B:35:CC:08","42.15686274509804","3","0.28935185185185186","0","204","2022-05-10T17:31:00.000Z","1652203860",
"2551","22b77d7829c68dcd","E2:1F:7B:35:CC:08","36.27450980392157","4","0.2741228070175439","0","204","2022-05-10T17:32:00.000Z","1652203920",
"2551","22b77d7829c68dcd","E2:1F:7B:35:CC:08","47.05882352941177","5","0.3255208333333333","0","204","2022-05-10T17:33:00.000Z","1652203980",
"2551","22b77d7829c68dcd","E2:1F:7B:35:CC:08","48.03921568627451","5","0.30637254901960786","0","204","2022-05-10T17:34:00.000Z","1652204040",
"2551","22b77d7829c68dcd","E2:1F:7B:35:CC:08","44.11764705882353","0","0.16108247422680413","1","204","2022-05-10T17:35:00.000Z","1652204100",
"2551","22b77d7829c68dcd","E2:1F:7B:35:CC:08","50.98039215686274","7","0.20559210526315788","1","204","2022-05-10T17:36:00.000Z","1652204160",
"2551","22b77d7829c68dcd","E2:1F:7B:35:CC:08","54.90196078431372","7","0.18382352941176472","0","204","2022-05-10T17:37:00.000Z","1652204220",
"2551","22b77d7829c68dcd","E2:1F:7B:35:CC:08","52.94117647058823","3","0.20032051282051283","0","204","2022-05-10T17:38:00.000Z","1652204280",
"2551","22b77d7829c68dcd","E2:1F:7B:35:CC:08","55.88235294117647","8","0.19778481012658228","0","204","2022-05-10T17:39:00.000Z","1652204340",
"2551","22b77d7829c68dcd","E2:1F:7B:35:CC:08","69.6078431372549","6","0.244140625","0","204","2022-05-10T17:40:00.000Z","1652204400",
"2551","22b77d7829c68dcd","E2:1F:7B:35:CC:08","73.52941176470588","3","0.17959770114942528","0","204","2022-05-10T17:41:00.000Z","1652204460",
"2551","22b77d7829c68dcd","E2:1F:7B:35:CC:08","67.6470588235294","5","0.2604166666666667","0","204","2022-05-10T17:42:00.000Z","1652204520",
"2551","22b77d7829c68dcd","E2:1F:7B:35:CC:08","66.66666666666667","6","0.2840909090909091","0","204","2022-05-10T17:43:00.000Z","1652204580",
"2551","22b77d7829c68dcd","E2:1F:7B:35:CC:08","65.68627450980392","5","0.22644927536231885","0","204","2022-05-10T17:44:00.000Z","1652204640",
"2551","22b77d7829c68dcd","E2:1F:7B:35:CC:08","63.72549019607843","6","0.17755681818181818","0","204","2022-05-10T17:45:00.000Z","1652204700",
"2551","22b77d7829c68dcd","E2:1F:7B:35:CC:08","52.94117647058823","9","0.25201612903225806","0","204","2022-05-10T17:46:00.000Z","1652204760",
"2551","22b77d7829c68dcd","E2:1F:7B:35:CC:08","49.01960784313726","0","0.22644927536231885","1","204","2022-05-10T17:47:00.000Z","1652204820",
"2551","22b77d7829c68dcd","E2:1F:7B:35:CC:08","50.98039215686274","9","0.26939655172413796","1","204","2022-05-10T17:48:00.000Z","1652204880",
"2551","22b77d7829c68dcd","E2:1F:7B:35:CC:08","49.01960784313726","7","0.23674242424242425","0","204","2022-05-10T17:49:00.000Z","1652204940",
"2551","22b77d7829c68dcd","E2:1F:7B:35:CC:08","49.01960784313726","7","0.27901785714285715","0","204","2022-05-10T17:50:00.000Z","1652205000",
"2551","22b77d7829c68dcd","E2:1F:7B:35:CC:08","45.09803921568628","3","0.31887755102040816","0","204","2022-05-10T17:51:00.000Z","1652205060",
"2551","22b77d7829c68dcd","E2:1F:7B:35:CC:08","42.15686274509804","0","0.24801587301587302","0","204","2022-05-10T17:52:00.000Z","1652205120",
"2551","22b77d7829c68dcd","E2:1F:7B:35:CC:08","42.15686274509804","7","0.2604166666666667","0","204","2022-05-10T17:53:00.000Z","1652205180",
"2551","22b77d7829c68dcd","E2:1F:7B:35:CC:08","47.05882352941177","7","0.33967391304347827","0","204","2022-05-10T17:54:00.000Z","1652205240",
"2551","22b77d7829c68dcd","E2:1F:7B:35:CC:08","36.27450980392157","1","0.2648305084745763","0","204","2022-05-10T17:55:00.000Z","1652205300",
"2551","22b77d7829c68dcd","E2:1F:7B:35:CC:08","35.294117647058826","5","0.3633720930232558","0","204","2022-05-10T17:56:00.000Z","1652205360",
"2551","22b77d7829c68dcd","E2:1F:7B:35:CC:08","36.27450980392157","7","0.4222972972972973","1","204","2022-05-10T17:57:00.000Z","1652205420",
"2551","22b77d7829c68dcd","E2:1F:7B:35:CC:08","36.27450980392157","2","0.40064102564102566","0","204","2022-05-10T17:58:00.000Z","1652205480",
"2551","22b77d7829c68dcd","E2:1F:7B:35:CC:08","47.05882352941177","5","0.37202380952380953","0","204","2022-05-10T17:59:00.000Z","1652205540",
"2551","22b77d7829c68dcd","E2:1F:7B:35:CC:08","46.07843137254902","6","0.4222972972972973","0","204","2022-05-10T18:00:00.000Z","1652205600",
"2551","22b77d7829c68dcd","E2:1F:7B:35:CC:08","45.09803921568628","5","0.4222972972972973","0","204","2022-05-10T18:01:00.000Z","1652205660",
"2551","22b77d7829c68dcd","E2:1F:7B:35:CC:08","38.23529411764706","3","0.44642857142857145","0","204","2022-05-10T18:02:00.000Z","1652205720",
"2551","22b77d7829c68dcd","E2:1F:7B:35:CC:08","41.1764705882353","7","0.3324468085106383","0","204","2022-05-10T18:03:00.000Z","1652205780",
"2551","22b77d7829c68dcd","E2:1F:7B:35:CC:08","40.19607843137255","4","0.37202380952380953","0","204","2022-05-10T18:04:00.000Z","1652205840",
"2551","22b77d7829c68dcd","E2:1F:7B:35:CC:08","35.294117647058826","6","0.390625","0","204","2022-05-10T18:05:00.000Z","1652205900",
"2551","22b77d7829c68dcd","E2:1F:7B:35:CC:08","37.254901960784316","4","0.3633720930232558","0","204","2022-05-10T18:06:00.000Z","1652205960",
"2551","22b77d7829c68dcd","E2:1F:7B:35:CC:08","41.1764705882353","7","0.40064102564102566","0","204","2022-05-10T18:07:00.000Z","1652206020",
"2551","22b77d7829c68dcd","E2:1F:7B:35:CC:08","51.96078431372549","4","0.4340277777777778","0","204","2022-05-10T18:08:00.000Z","1652206080",
"2551","22b77d7829c68dcd","E2:1F:7B:35:CC:08","51.96078431372549","4","0.4734848484848485","0","204","2022-05-10T18:09:00.000Z","1652206140",
"2551","22b77d7829c68dcd","E2:1F:7B:35:CC:08","39.21568627450981","1","0.44642857142857145","2","204","2022-05-10T18:10:00.000Z","1652206200",
"2551","22b77d7829c68dcd","E2:1F:7B:35:CC:08","37.254901960784316","0","0.41118421052631576","1","204","2022-05-10T18:11:00.000Z","1652206260",
"2551","22b77d7829c68dcd","E2:1F:7B:35:CC:08","52.94117647058823","7","0.41118421052631576","0","204","2022-05-10T18:12:00.000Z","1652206320",
"2551","22b77d7829c68dcd","E2:1F:7B:35:CC:08","72.54901960784314","6","0.38109756097560976","0","204","2022-05-10T18:13:00.000Z","1652206380",
"2551","22b77d7829c68dcd","E2:1F:7B:35:CC:08","68.62745098039215","4","0.30637254901960786","2","204","2022-05-10T18:14:00.000Z","1652206440",
"2551","22b77d7829c68dcd","E2:1F:7B:35:CC:08","56.86274509803921","6","0.3633720930232558","0","204","2022-05-10T18:15:00.000Z","1652206500",
"2551","22b77d7829c68dcd","E2:1F:7B:35:CC:08","52.94117647058823","6","0.41118421052631576","0","204","2022-05-10T18:16:00.000Z","1652206560",
"2551","22b77d7829c68dcd","E2:1F:7B:35:CC:08","56.86274509803921","6","0.45955882352941174","0","204","2022-05-10T18:17:00.000Z","1652206620",
"2551","22b77d7829c68dcd","E2:1F:7B:35:CC:08","59.80392156862745","4","0.4734848484848485","1","204","2022-05-10T18:18:00.000Z","1652206680",
"2551","22b77d7829c68dcd","E2:1F:7B:35:CC:08","40.19607843137255","1","0.5040322580645161","0","204","2022-05-10T18:19:00.000Z","1652206740",
"2551","22b77d7829c68dcd","E2:1F:7B:35:CC:08","32.35294117647059","7","0.5040322580645161","0","204","2022-05-10T18:20:00.000Z","1652206800",
"2551","22b77d7829c68dcd","E2:1F:7B:35:CC:08","36.27450980392157","7","0.48828125","0","204","2022-05-10T18:21:00.000Z","1652206860",
"2551","22b77d7829c68dcd","E2:1F:7B:35:CC:08","37.254901960784316","5","0.5580357142857143","0","204","2022-05-10T18:22:00.000Z","1652206920",
"2551","22b77d7829c68dcd","E2:1F:7B:35:CC:08","36.27450980392157","2","0.5787037037037037","0","204","2022-05-10T18:23:00.000Z","1652206980",
"2551","22b77d7829c68dcd","E2:1F:7B:35:CC:08","34.31372549019608","5","0.13706140350877194","1","204","2022-05-10T18:24:00.000Z","1652207040",
"2551","22b77d7829c68dcd","E2:1F:7B:35:CC:08","40.19607843137255","7","0.2170138888888889","0","204","2022-05-10T18:25:00.000Z","1652207100",
"2551","22b77d7829c68dcd","E2:1F:7B:35:CC:08","73.52941176470588","11","0.19290123456790123","0","204","2022-05-10T18:27:00.000Z","1652207220",
"2551","22b77d7829c68dcd","E2:1F:7B:35:CC:08","81.37254901960785","3","0.2403846153846154","0","204","2022-05-10T18:28:00.000Z","1652207280",
"2551","22b77d7829c68dcd","E2:1F:7B:35:CC:08","77.45098039215686","6","0.244140625","0","204","2022-05-10T18:29:00.000Z","1652207340",
"2551","22b77d7829c68dcd","E2:1F:7B:35:CC:08","68.62745098039215","11","0.23674242424242425","0","204","2022-05-10T18:30:00.000Z","1652207400",
"2551","22b77d7829c68dcd","E2:1F:7B:35:CC:08","71.56862745098039","7","0.22977941176470587","0","204","2022-05-10T18:31:00.000Z","1652207460",
"2551","22b77d7829c68dcd","E2:1F:7B:35:CC:08","71.56862745098039","4","0.25201612903225806","0","204","2022-05-10T18:32:00.000Z","1652207520",
"2551","22b77d7829c68dcd","E2:1F:7B:35:CC:08","67.6470588235294","3","0.3255208333333333","0","204","2022-05-10T18:33:00.000Z","1652207580",
"2551","22b77d7829c68dcd","E2:1F:7B:35:CC:08","41.1764705882353","1","0.28935185185185186","0","204","2022-05-10T18:34:00.000Z","1652207640",
"2551","22b77d7829c68dcd","E2:1F:7B:35:CC:08","44.11764705882353","10","0.3633720930232558","0","204","2022-05-10T18:35:00.000Z","1652207700",
"2551","22b77d7829c68dcd","E2:1F:7B:35:CC:08","52.94117647058823","5","0.3255208333333333","1","204","2022-05-10T18:36:00.000Z","1652207760",
"2551","22b77d7829c68dcd","E2:1F:7B:35:CC:08","49.01960784313726","6","0.28935185185185186","0","204","2022-05-10T18:37:00.000Z","1652207820",
"2551","22b77d7829c68dcd","E2:1F:7B:35:CC:08","48.03921568627451","7","0.294811320754717","0","204","2022-05-10T18:38:00.000Z","1652207880",
"2551","22b77d7829c68dcd","E2:1F:7B:35:CC:08","58.8235294117647","3","0.3125","0","204","2022-05-10T18:39:00.000Z","1652207940",
"2551","22b77d7829c68dcd","E2:1F:7B:35:CC:08","56.86274509803921","3","0.3255208333333333","0","204","2022-05-10T18:40:00.000Z","1652208000",
"2551","22b77d7829c68dcd","E2:1F:7B:35:CC:08","67.6470588235294","7","0.41118421052631576","0","204","2022-05-10T18:41:00.000Z","1652208060",
"2551","22b77d7829c68dcd","E2:1F:7B:35:CC:08","45.09803921568628","1","0.44642857142857145","0","204","2022-05-10T18:42:00.000Z","1652208120",
"2551","22b77d7829c68dcd","E2:1F:7B:35:CC:08","30.392156862745097","4","0.41118421052631576","0","204","2022-05-10T18:43:00.000Z","1652208180",
"2551","22b77d7829c68dcd","E2:1F:7B:35:CC:08","31.372549019607842","9","0.41118421052631576","0","204","2022-05-10T18:44:00.000Z","1652208240",
"2551","22b77d7829c68dcd","E2:1F:7B:35:CC:08","30.392156862745097","1","0.3324468085106383","1","204","2022-05-10T18:45:00.000Z","1652208300",
"2551","22b77d7829c68dcd","E2:1F:7B:35:CC:08","46.07843137254902","7","0.35511363636363635","0","204","2022-05-10T18:46:00.000Z","1652208360",
"2551","22b77d7829c68dcd","E2:1F:7B:35:CC:08","54.90196078431372","12","0.4222972972972973","0","204","2022-05-10T18:47:00.000Z","1652208420",
"2551","22b77d7829c68dcd","E2:1F:7B:35:CC:08","59.80392156862745","9","0.5208333333333334","0","204","2022-05-10T18:48:00.000Z","1652208480",
"2551","22b77d7829c68dcd","E2:1F:7B:35:CC:08","50.98039215686274","4","0.48828125","0","204","2022-05-10T18:49:00.000Z","1652208540",
"2551","22b77d7829c68dcd","E2:1F:7B:35:CC:08","45.09803921568628","1","0.4340277777777778","1","204","2022-05-10T18:50:00.000Z","1652208600",
"2551","22b77d7829c68dcd","E2:1F:7B:35:CC:08","45.09803921568628","5","0.5040322580645161","1","204","2022-05-10T18:51:00.000Z","1652208660",
"2551","22b77d7829c68dcd","E2:1F:7B:35:CC:08","39.21568627450981","1","0.45955882352941174","0","204","2022-05-10T18:52:00.000Z","1652208720",
"2551","22b77d7829c68dcd","E2:1F:7B:35:CC:08","35.294117647058826","5","0.5387931034482759","0","204","2022-05-10T18:53:00.000Z","1652208780",
"2551","22b77d7829c68dcd","E2:1F:7B:35:CC:08","36.27450980392157","4","0.4340277777777778","0","204","2022-05-10T18:54:00.000Z","1652208840",
"2551","22b77d7829c68dcd","E2:1F:7B:35:CC:08","49.01960784313726","6","0.40064102564102566","0","204","2022-05-10T18:55:00.000Z","1652208900",
"2551","22b77d7829c68dcd","E2:1F:7B:35:CC:08","54.90196078431372","3","0.2170138888888889","0","204","2022-05-10T18:56:00.000Z","1652208960",
"2551","22b77d7829c68dcd","E2:1F:7B:35:CC:08","86.27450980392157","2","0.3004807692307692","0","204","2022-05-10T18:57:00.000Z","1652209020",
"2551","22b77d7829c68dcd","E2:1F:7B:35:CC:08","98.03921568627452","10","0.3472222222222222","0","204","2022-05-10T18:58:00.000Z","1652209080",
"2551","22b77d7829c68dcd","E2:1F:7B:35:CC:08","86.27450980392157","8","0.3633720930232558","0","204","2022-05-10T18:59:00.000Z","1652209140",
"2551","22b77d7829c68dcd","E2:1F:7B:35:CC:08","75.49019607843137","7","0.40064102564102566","0","204","2022-05-10T19:00:00.000Z","1652209200",
"2551","22b77d7829c68dcd","E2:1F:7B:35:CC:08","58.8235294117647","4","0.4734848484848485","0","204","2022-05-10T19:01:00.000Z","1652209260",
"2551","22b77d7829c68dcd","E2:1F:7B:35:CC:08","60.78431372549019","7","0.45955882352941174","0","204","2022-05-10T19:02:00.000Z","1652209320",
"2551","22b77d7829c68dcd","E2:1F:7B:35:CC:08","66.66666666666667","5","0.45955882352941174","0","204","2022-05-10T19:03:00.000Z","1652209380",
"2551","22b77d7829c68dcd","E2:1F:7B:35:CC:08","62.745098039215684","4","0.45955882352941174","0","204","2022-05-10T19:04:00.000Z","1652209440",
"2551","22b77d7829c68dcd","E2:1F:7B:35:CC:08","53.92156862745098","4","0.5040322580645161","0","204","2022-05-10T19:05:00.000Z","1652209500",
"2551","22b77d7829c68dcd","E2:1F:7B:35:CC:08","50.98039215686274","8","0.5040322580645161","0","204","2022-05-10T19:06:00.000Z","1652209560",
"2551","22b77d7829c68dcd","E2:1F:7B:35:CC:08","50","5","0.625","0","204","2022-05-10T19:07:00.000Z","1652209620",
"2551","22b77d7829c68dcd","E2:1F:7B:35:CC:08","53.92156862745098","6","0.625","1","204","2022-05-10T19:08:00.000Z","1652209680",
"2551","22b77d7829c68dcd","E2:1F:7B:35:CC:08","47.05882352941177","6","0.6510416666666666","0","204","2022-05-10T19:09:00.000Z","1652209740",
"2551","22b77d7829c68dcd","E2:1F:7B:35:CC:08","41.1764705882353","3","0.6510416666666666","1","204","2022-05-10T19:10:00.000Z","1652209800",
"2551","22b77d7829c68dcd","E2:1F:7B:35:CC:08","36.27450980392157","3","0.6009615384615384","0","204","2022-05-10T19:11:00.000Z","1652209860",
"2551","22b77d7829c68dcd","E2:1F:7B:35:CC:08","31.372549019607842","4","0.625","0","204","2022-05-10T19:12:00.000Z","1652209920",
"2551","22b77d7829c68dcd","E2:1F:7B:35:CC:08","54.90196078431372","4","0.6510416666666666","0","204","2022-05-10T19:13:00.000Z","1652209980",
"2551","22b77d7829c68dcd","E2:1F:7B:35:CC:08","40.19607843137255","5","0.6793478260869565","0","204","2022-05-10T19:14:00.000Z","1652210040",
"2551","22b77d7829c68dcd","E2:1F:7B:35:CC:08","39.21568627450981","3","0.7102272727272727","0","204","2022-05-10T19:15:00.000Z","1652210100",
"2551","22b77d7829c68dcd","E2:1F:7B:35:CC:08","38.23529411764706","2","0.48828125","2","204","2022-05-10T19:16:00.000Z","1652210160",
"2551","22b77d7829c68dcd","E2:1F:7B:35:CC:08","50","7","0.38109756097560976","0","204","2022-05-10T19:17:00.000Z","1652210220",
"2551","22b77d7829c68dcd","E2:1F:7B:35:CC:08","64.70588235294117","5","0.38109756097560976","0","204","2022-05-10T19:18:00.000Z","1652210280",
"2551","22b77d7829c68dcd","E2:1F:7B:35:CC:08","64.70588235294117","12","0.31887755102040816","0","204","2022-05-10T19:19:00.000Z","1652210340",
"2551","22b77d7829c68dcd","E2:1F:7B:35:CC:08","65.68627450980392","10","0.4222972972972973","0","204","2022-05-10T19:20:00.000Z","1652210400",
"2551","22b77d7829c68dcd","E2:1F:7B:35:CC:08","65.68627450980392","4","0.4340277777777778","0","204","2022-05-10T19:21:00.000Z","1652210460",
"2551","22b77d7829c68dcd","E2:1F:7B:35:CC:08","51.96078431372549","6","0.45955882352941174","0","204","2022-05-10T19:22:00.000Z","1652210520",
"2551","22b77d7829c68dcd","E2:1F:7B:35:CC:08","40.19607843137255","4","0.5040322580645161","0","204","2022-05-10T19:23:00.000Z","1652210580",
"2551","22b77d7829c68dcd","E2:1F:7B:35:CC:08","41.1764705882353","2","0.48828125","0","204","2022-05-10T19:24:00.000Z","1652210640",
"2551","22b77d7829c68dcd","E2:1F:7B:35:CC:08","34.31372549019608","1","0.5208333333333334","1","204","2022-05-10T19:25:00.000Z","1652210700",
"2551","22b77d7829c68dcd","E2:1F:7B:35:CC:08","34.31372549019608","2","0.5787037037037037","0","204","2022-05-10T19:26:00.000Z","1652210760",
"2551","22b77d7829c68dcd","E2:1F:7B:35:CC:08","33.333333333333336","5","0.5387931034482759","0","204","2022-05-10T19:27:00.000Z","1652210820",
"2551","22b77d7829c68dcd","E2:1F:7B:35:CC:08","31.372549019607842","3","0.5787037037037037","0","204","2022-05-10T19:28:00.000Z","1652210880",
"2551","22b77d7829c68dcd","E2:1F:7B:35:CC:08","19.607843137254903","0","0.5787037037037037","0","204","2022-05-10T19:29:00.000Z","1652210940",
"2551","22b77d7829c68dcd","E2:1F:7B:35:CC:08","21.568627450980394","4","0.5580357142857143","0","204","2022-05-10T19:30:00.000Z","1652211000",
"2551","22b77d7829c68dcd","E2:1F:7B:35:CC:08","33.333333333333336","9","0.6009615384615384","0","204","2022-05-10T19:31:00.000Z","1652211060",
"2551","22b77d7829c68dcd","E2:1F:7B:35:CC:08","26.470588235294116","2","0.625","0","204","2022-05-10T19:32:00.000Z","1652211120",
"2551","22b77d7829c68dcd","E2:1F:7B:35:CC:08","29.41176470588235","3","0.625","0","204","2022-05-10T19:33:00.000Z","1652211180",
"2551","22b77d7829c68dcd","E2:1F:7B:35:CC:08","18.627450980392158","0","0.6009615384615384","0","204","2022-05-10T19:34:00.000Z","1652211240",
"2551","22b77d7829c68dcd","E2:1F:7B:35:CC:08","18.627450980392158","0","0.6009615384615384","0","204","2022-05-10T19:35:00.000Z","1652211300",
"2551","22b77d7829c68dcd","E2:1F:7B:35:CC:08","32.35294117647059","4","0.5387931034482759","0","204","2022-05-10T19:36:00.000Z","1652211360",
"2551","22b77d7829c68dcd","E2:1F:7B:35:CC:08","38.23529411764706","7","0.625","1","204","2022-05-10T19:37:00.000Z","1652211420",
"2551","22b77d7829c68dcd","E2:1F:7B:35:CC:08","29.41176470588235","3","0.6009615384615384","0","204","2022-05-10T19:38:00.000Z","1652211480",
"2551","22b77d7829c68dcd","E2:1F:7B:35:CC:08","36.27450980392157","6","0.5208333333333334","4","204","2022-05-10T19:39:00.000Z","1652211540",
"2551","22b77d7829c68dcd","E2:1F:7B:35:CC:08","40.19607843137255","4","0.5387931034482759","1","204","2022-05-10T19:40:00.000Z","1652211600",
"2551","22b77d7829c68dcd","E2:1F:7B:35:CC:08","34.31372549019608","4","0.5387931034482759","0","204","2022-05-10T19:41:00.000Z","1652211660",
"2551","22b77d7829c68dcd","E2:1F:7B:35:CC:08","42.15686274509804","6","0.6009615384615384","0","204","2022-05-10T19:42:00.000Z","1652211720",
"2551","22b77d7829c68dcd","E2:1F:7B:35:CC:08","37.254901960784316","3","0.5787037037037037","1","204","2022-05-10T19:43:00.000Z","1652211780",
"2551","22b77d7829c68dcd","E2:1F:7B:35:CC:08","45.09803921568628","5","0.5580357142857143","0","204","2022-05-10T19:44:00.000Z","1652211840",
"2551","22b77d7829c68dcd","E2:1F:7B:35:CC:08","45.09803921568628","3","0.5387931034482759","0","204","2022-05-10T19:45:00.000Z","1652211900",
"2551","22b77d7829c68dcd","E2:1F:7B:35:CC:08","41.1764705882353","5","0.6510416666666666","0","204","2022-05-10T19:46:00.000Z","1652211960",
"2551","22b77d7829c68dcd","E2:1F:7B:35:CC:08","43.13725490196079","2","0.6510416666666666","0","204","2022-05-10T19:47:00.000Z","1652212020",
"2551","22b77d7829c68dcd","E2:1F:7B:35:CC:08","57.84313725490196","3","0.6793478260869565","0","204","2022-05-10T19:48:00.000Z","1652212080",
"2551","22b77d7829c68dcd","E2:1F:7B:35:CC:08","47.05882352941177","5","0.6793478260869565","0","204","2022-05-10T19:49:00.000Z","1652212140",
"2551","22b77d7829c68dcd","E2:1F:7B:35:CC:08","40.19607843137255","2","0.7102272727272727","1","204","2022-05-10T19:50:00.000Z","1652212200",
"2551","22b77d7829c68dcd","E2:1F:7B:35:CC:08","26.470588235294116","0","0.6793478260869565","0","204","2022-05-10T19:51:00.000Z","1652212260",
"2551","22b77d7829c68dcd","E2:1F:7B:35:CC:08","33.333333333333336","3","0.625","0","204","2022-05-10T19:52:00.000Z","1652212320",
"2551","22b77d7829c68dcd","E2:1F:7B:35:CC:08","29.41176470588235","2","0.6009615384615384","0","204","2022-05-10T19:53:00.000Z","1652212380",
"2551","22b77d7829c68dcd","E2:1F:7B:35:CC:08","34.31372549019608","4","0.4222972972972973","0","204","2022-05-10T19:54:00.000Z","1652212440",
"2551","22b77d7829c68dcd","E2:1F:7B:35:CC:08","42.15686274509804","4","0.10279605263157894","0","204","2022-05-10T19:57:00.000Z","1652212620",
"2551","22b77d7829c68dcd","E2:1F:7B:35:CC:08","55.88235294117647","9","0.14076576576576577","0","204","2022-05-10T19:58:00.000Z","1652212680",
"2551","22b77d7829c68dcd","E2:1F:7B:35:CC:08","57.84313725490196","6","0.13020833333333334","0","204","2022-05-10T19:59:00.000Z","1652212740",
"2551","22b77d7829c68dcd","E2:1F:7B:35:CC:08","52.94117647058823","4","0.1717032967032967","0","204","2022-05-10T20:00:00.000Z","1652212800",
"2551","22b77d7829c68dcd","E2:1F:7B:35:CC:08","52.94117647058823","0","0.17755681818181818","0","204","2022-05-10T20:01:00.000Z","1652212860",
"2551","22b77d7829c68dcd","E2:1F:7B:35:CC:08","54.90196078431372","8","0.2170138888888889","0","204","2022-05-10T20:02:00.000Z","1652212920",
"2551","22b77d7829c68dcd","E2:1F:7B:35:CC:08","50.98039215686274","0","0.16276041666666666","0","204","2022-05-10T20:03:00.000Z","1652212980",
"2551","22b77d7829c68dcd","E2:1F:7B:35:CC:08","50.98039215686274","0","0.22321428571428573","0","204","2022-05-10T20:04:00.000Z","1652213040",
"2551","22b77d7829c68dcd","E2:1F:7B:35:CC:08","60.78431372549019","8","0.18601190476190477","0","204","2022-05-10T20:05:00.000Z","1652213100",
"2551","22b77d7829c68dcd","E2:1F:7B:35:CC:08","53.92156862745098","6","0.12303149606299213","0","204","2022-05-10T20:06:00.000Z","1652213160",
"2551","22b77d7829c68dcd","E2:1F:7B:35:CC:08","51.96078431372549","10","0.15943877551020408","4","204","2022-05-10T20:07:00.000Z","1652213220",
"2551","22b77d7829c68dcd","E2:1F:7B:35:CC:08","56.86274509803921","0","0.16108247422680413","1","204","2022-05-10T20:08:00.000Z","1652213280",
"2551","22b77d7829c68dcd","E2:1F:7B:35:CC:08","73.58490566037736","2","0.23674242424242425","0","212","2022-05-10T20:10:00.000Z","1652213400",
"2551","22b77d7829c68dcd","E2:1F:7B:35:CC:08","99.05660377358491","3","0.22977941176470587","0","212","2022-05-10T20:11:00.000Z","1652213460",
"2551","22b77d7829c68dcd","E2:1F:7B:35:CC:08","78.30188679245283","9","0.2741228070175439","0","212","2022-05-10T20:12:00.000Z","1652213520",
"2551","22b77d7829c68dcd","E2:1F:7B:35:CC:08","73.58490566037736","6","0.25614754098360654","12","212","2022-05-10T20:13:00.000Z","1652213580",
"2551","22b77d7829c68dcd","E2:1F:7B:35:CC:08","76.41509433962264","0","0.294811320754717","15","212","2022-05-10T20:14:00.000Z","1652213640",
"2551","22b77d7829c68dcd","E2:1F:7B:35:CC:08","78.30188679245283","0","0.17755681818181818","2","212","2022-05-10T20:15:00.000Z","1652213700",
"2551","22b77d7829c68dcd","E2:1F:7B:35:CC:08","98.11320754716981","9","0.15625","0","212","2022-05-10T20:16:00.000Z","1652213760",
"2551","22b77d7829c68dcd","E2:1F:7B:35:CC:08","99.05660377358491","2","0.15318627450980393","0","212","2022-05-10T20:17:00.000Z","1652213820",
"2551","22b77d7829c68dcd","E2:1F:7B:35:CC:08","83.01886792452831","5","0.1717032967032967","0","212","2022-05-10T20:18:00.000Z","1652213880",
"2551","22b77d7829c68dcd","E2:1F:7B:35:CC:08","72.64150943396227","3","0.19778481012658228","0","212","2022-05-10T20:19:00.000Z","1652213940",
"2551","22b77d7829c68dcd","E2:1F:7B:35:CC:08","63.20754716981132","5","0.17959770114942528","0","212","2022-05-10T20:20:00.000Z","1652214000",
"2551","22b77d7829c68dcd","E2:1F:7B:35:CC:08","60.37735849056604","3","0.19778481012658228","0","212","2022-05-10T20:21:00.000Z","1652214060",
"2551","22b77d7829c68dcd","E2:1F:7B:35:CC:08","54.716981132075475","8","0.20559210526315788","0","212","2022-05-10T20:22:00.000Z","1652214120",
"2551","22b77d7829c68dcd","E2:1F:7B:35:CC:08","50","7","0.20833333333333334","0","212","2022-05-10T20:23:00.000Z","1652214180",
"2551","22b77d7829c68dcd","E2:1F:7B:35:CC:08","47.16981132075472","7","0.16276041666666666","1","212","2022-05-10T20:24:00.000Z","1652214240",
"2551","22b77d7829c68dcd","E2:1F:7B:35:CC:08","44.339622641509436","5","0.20559210526315788","0","212","2022-05-10T20:25:00.000Z","1652214300",
"2551","22b77d7829c68dcd","E2:1F:7B:35:CC:08","48.113207547169814","9","0.19778481012658228","0","212","2022-05-10T20:26:00.000Z","1652214360",
"2551","22b77d7829c68dcd","E2:1F:7B:35:CC:08","42.45283018867924","7","0.20032051282051283","0","212","2022-05-10T20:27:00.000Z","1652214420",
"2551","22b77d7829c68dcd","E2:1F:7B:35:CC:08","47.16981132075472","6","0.23674242424242425","0","212","2022-05-10T20:28:00.000Z","1652214480",
"2551","22b77d7829c68dcd","E2:1F:7B:35:CC:08","45.283018867924525","5","0.2332089552238806","0","212","2022-05-10T20:29:00.000Z","1652214540",
"2551","22b77d7829c68dcd","E2:1F:7B:35:CC:08","49.056603773584904","3","0.2170138888888889","0","212","2022-05-10T20:30:00.000Z","1652214600",
"2551","22b77d7829c68dcd","E2:1F:7B:35:CC:08","49.056603773584904","11","0.24801587301587302","0","212","2022-05-10T20:31:00.000Z","1652214660",
"2551","22b77d7829c68dcd","E2:1F:7B:35:CC:08","47.16981132075472","9","0.25201612903225806","0","212","2022-05-10T20:32:00.000Z","1652214720",
"2551","22b77d7829c68dcd","E2:1F:7B:35:CC:08","45.283018867924525","5","0.2604166666666667","0","212","2022-05-10T20:33:00.000Z","1652214780",
"2551","22b77d7829c68dcd","E2:1F:7B:35:CC:08","51.886792452830186","10","0.2604166666666667","0","212","2022-05-10T20:34:00.000Z","1652214840",
"2551","22b77d7829c68dcd","E2:1F:7B:35:CC:08","47.16981132075472","3","0.24801587301587302","1","212","2022-05-10T20:35:00.000Z","1652214900",
"2551","22b77d7829c68dcd","E2:1F:7B:35:CC:08","53.77358490566038","6","0.1717032967032967","0","212","2022-05-10T20:36:00.000Z","1652214960",
"2551","22b77d7829c68dcd","E2:1F:7B:35:CC:08","50.943396226415096","4","0.10557432432432433","4","212","2022-05-10T20:37:00.000Z","1652215020",
"2551","22b77d7829c68dcd","E2:1F:7B:35:CC:08","50.943396226415096","5","0.18601190476190477","0","212","2022-05-10T20:38:00.000Z","1652215080",
"2551","22b77d7829c68dcd","E2:1F:7B:35:CC:08","40.56603773584906","8","0.20559210526315788","0","212","2022-05-10T20:39:00.000Z","1652215140",
"2551","22b77d7829c68dcd","E2:1F:7B:35:CC:08","38.679245283018865","6","0.2170138888888889","0","212","2022-05-10T20:40:00.000Z","1652215200",
"2551","22b77d7829c68dcd","E2:1F:7B:35:CC:08","42.45283018867924","11","0.22644927536231885","0","212","2022-05-10T20:41:00.000Z","1652215260",
"2551","22b77d7829c68dcd","E2:1F:7B:35:CC:08","46.22641509433962","8","0.22007042253521128","0","212","2022-05-10T20:42:00.000Z","1652215320",
"2551","22b77d7829c68dcd","E2:1F:7B:35:CC:08","50","4","0.22321428571428573","0","212","2022-05-10T20:43:00.000Z","1652215380",
"2551","22b77d7829c68dcd","E2:1F:7B:35:CC:08","45.283018867924525","5","0.22977941176470587","0","212","2022-05-10T20:44:00.000Z","1652215440",
"2551","22b77d7829c68dcd","E2:1F:7B:35:CC:08","51.886792452830186","7","0.13354700854700854","0","212","2022-05-10T20:45:00.000Z","1652215500",
"2551","22b77d7829c68dcd","E2:1F:7B:35:CC:08","54.716981132075475","11","0.16622340425531915","0","212","2022-05-10T20:46:00.000Z","1652215560",
"2551","22b77d7829c68dcd","E2:1F:7B:35:CC:08","61.320754716981135","9","0.16983695652173914","0","212","2022-05-10T20:47:00.000Z","1652215620",
"2551","22b77d7829c68dcd","E2:1F:7B:35:CC:08","50","13","0.2170138888888889","1","212","2022-05-10T20:48:00.000Z","1652215680",
"2551","22b77d7829c68dcd","E2:1F:7B:35:CC:08","42.45283018867924","3","0.2170138888888889","0","212","2022-05-10T20:49:00.000Z","1652215740",
"2551","22b77d7829c68dcd","E2:1F:7B:35:CC:08","45.283018867924525","6","0.22977941176470587","0","212","2022-05-10T20:50:00.000Z","1652215800",
"2551","22b77d7829c68dcd","E2:1F:7B:35:CC:08","52.83018867924528","6","0.2170138888888889","0","212","2022-05-10T20:51:00.000Z","1652215860",
"2551","22b77d7829c68dcd","E2:1F:7B:35:CC:08","41.509433962264154","1","0.22321428571428573","0","212","2022-05-10T20:52:00.000Z","1652215920",
"2551","22b77d7829c68dcd","E2:1F:7B:35:CC:08","41.509433962264154","3","0.21404109589041095","0","212","2022-05-10T20:53:00.000Z","1652215980",
"2551","22b77d7829c68dcd","E2:1F:7B:35:CC:08","59.43396226415094","7","0.2648305084745763","0","212","2022-05-10T20:54:00.000Z","1652216040",
"2551","22b77d7829c68dcd","E2:1F:7B:35:CC:08","59.43396226415094","3","0.294811320754717","0","212","2022-05-10T20:55:00.000Z","1652216100",
"2551","22b77d7829c68dcd","E2:1F:7B:35:CC:08","55.660377358490564","0","0.20292207792207792","1","212","2022-05-10T20:56:00.000Z","1652216160",
"2551","22b77d7829c68dcd","E2:1F:7B:35:CC:08","54.716981132075475","0","0.20559210526315788","2","212","2022-05-10T20:57:00.000Z","1652216220",
"2551","22b77d7829c68dcd","E2:1F:7B:35:CC:08","53.77358490566038","10","0.2741228070175439","1","212","2022-05-10T20:58:00.000Z","1652216280",
"2551","22b77d7829c68dcd","E2:1F:7B:35:CC:08","53.77358490566038","0","0.1474056603773585","1","212","2022-05-10T20:59:00.000Z","1652216340",
"2551","22b77d7829c68dcd","E2:1F:7B:35:CC:08","54.716981132075475","0","0.1201923076923077","5","212","2022-05-10T21:00:00.000Z","1652216400",
"2551","22b77d7829c68dcd","E2:1F:7B:35:CC:08","63.20754716981132","3","0.10146103896103896","4","212","2022-05-10T21:01:00.000Z","1652216460",
"2551","22b77d7829c68dcd","E2:1F:7B:35:CC:08","67.9245283018868","5","0.12303149606299213","1","212","2022-05-10T21:02:00.000Z","1652216520",
"2551","22b77d7829c68dcd","E2:1F:7B:35:CC:08","77.35849056603773","6","0.2604166666666667","4","212","2022-05-10T21:03:00.000Z","1652216580",
"2551","22b77d7829c68dcd","E2:1F:7B:35:CC:08","77.35849056603773","5","0.10416666666666667","0","212","2022-05-10T21:04:00.000Z","1652216640",
"2551","22b77d7829c68dcd","E2:1F:7B:35:CC:08","80.18867924528301","8","0.1358695652173913","0","212","2022-05-10T21:05:00.000Z","1652216700",
"2551","22b77d7829c68dcd","E2:1F:7B:35:CC:08","67.9245283018868","8","0.1547029702970297","0","212","2022-05-10T21:06:00.000Z","1652216760",
"2551","22b77d7829c68dcd","E2:1F:7B:35:CC:08","65.09433962264151","4","0.16801075268817203","0","212","2022-05-10T21:07:00.000Z","1652216820",
"2551","22b77d7829c68dcd","E2:1F:7B:35:CC:08","54.716981132075475","9","0.17755681818181818","0","212","2022-05-10T21:08:00.000Z","1652216880",
"2551","22b77d7829c68dcd","E2:1F:7B:35:CC:08","44.339622641509436","7","0.19054878048780488","0","212","2022-05-10T21:09:00.000Z","1652216940",
"2551","22b77d7829c68dcd","E2:1F:7B:35:CC:08","43.39622641509434","5","0.14467592592592593","0","212","2022-05-10T21:10:00.000Z","1652217000",
"2551","22b77d7829c68dcd","E2:1F:7B:35:CC:08","55.660377358490564","9","0.175561797752809","1","212","2022-05-10T21:11:00.000Z","1652217060",
"2551","22b77d7829c68dcd","E2:1F:7B:35:CC:08","67.9245283018868","8","0.1717032967032967","0","212","2022-05-10T21:12:00.000Z","1652217120",
"2551","22b77d7829c68dcd","E2:1F:7B:35:CC:08","58.490566037735846","8","0.125","2","212","2022-05-10T21:13:00.000Z","1652217180",
"2551","22b77d7829c68dcd","E2:1F:7B:35:CC:08","65.09433962264151","6","0.15169902912621358","0","212","2022-05-10T21:14:00.000Z","1652217240",
"2551","22b77d7829c68dcd","E2:1F:7B:35:CC:08","48.113207547169814","7","0.15943877551020408","0","212","2022-05-10T21:15:00.000Z","1652217300",
"2551","22b77d7829c68dcd","E2:1F:7B:35:CC:08","47.16981132075472","2","0.11322463768115942","1","212","2022-05-10T21:16:00.000Z","1652217360",
"2551","22b77d7829c68dcd","E2:1F:7B:35:CC:08","50.943396226415096","0","0.062250996015936255","1","212","2022-05-10T21:17:00.000Z","1652217420",
"2551","22b77d7829c68dcd","E2:1F:7B:35:CC:08","62.264150943396224","8","0.13706140350877194","2","212","2022-05-10T21:18:00.000Z","1652217480",
"2551","22b77d7829c68dcd","E2:1F:7B:35:CC:08","53.77358490566038","10","0.15943877551020408","0","212","2022-05-10T21:19:00.000Z","1652217540",
"2551","22b77d7829c68dcd","E2:1F:7B:35:CC:08","46.22641509433962","8","0.16447368421052633","0","212","2022-05-10T21:20:00.000Z","1652217600",
"2551","22b77d7829c68dcd","E2:1F:7B:35:CC:08","53.77358490566038","7","0.10016025641025642","0","212","2022-05-10T21:23:00.000Z","1652217780",
"2551","22b77d7829c68dcd","E2:1F:7B:35:CC:08","65.09433962264151","8","0.11003521126760564","1","212","2022-05-10T21:24:00.000Z","1652217840",
"2551","22b77d7829c68dcd","E2:1F:7B:35:CC:08","63.20754716981132","7","0.125","0","212","2022-05-10T21:25:00.000Z","1652217900",
"2551","22b77d7829c68dcd","E2:1F:7B:35:CC:08","46.22641509433962","4","0.13706140350877194","0","212","2022-05-10T21:26:00.000Z","1652217960",
"2551","22b77d7829c68dcd","E2:1F:7B:35:CC:08","41.509433962264154","2","0.1220703125","0","212","2022-05-10T21:27:00.000Z","1652218020",
"2551","22b77d7829c68dcd","E2:1F:7B:35:CC:08","47.16981132075472","8","0.10629251700680271","2","212","2022-05-10T21:28:00.000Z","1652218080",
"2551","22b77d7829c68dcd","E2:1F:7B:35:CC:08","50.943396226415096","3","0.1220703125","0","212","2022-05-10T21:30:00.000Z","1652218200",
"2551","22b77d7829c68dcd","E2:1F:7B:35:CC:08","56.60377358490566","6","0.09137426900584796","0","212","2022-05-10T21:32:00.000Z","1652218320",
"2551","22b77d7829c68dcd","E2:1F:7B:35:CC:08","48.113207547169814","8","0.12600806451612903","0","212","2022-05-10T21:35:00.000Z","1652218500",
"2551","22b77d7829c68dcd","E2:1F:7B:35:CC:08","29.66507177033493","6","0.10016025641025642","0","209","2022-05-10T21:44:00.000Z","1652219040",
"2551","22b77d7829c68dcd","E2:1F:7B:35:CC:08","19.138755980861244","0","0.10486577181208054","0","209","2022-05-10T21:45:00.000Z","1652219100",
"2551","22b77d7829c68dcd","E2:1F:7B:35:CC:08","17.22488038277512","2","0.08311170212765957","1","209","2022-05-10T21:46:00.000Z","1652219160",
"2551","22b77d7829c68dcd","E2:1F:7B:35:CC:08","49.760765550239235","4","0.09356287425149701","0","209","2022-05-10T21:47:00.000Z","1652219220",
"2551","22b77d7829c68dcd","E2:1F:7B:35:CC:08","63.1578947368421","5","0.11160714285714286","0","209","2022-05-10T21:48:00.000Z","1652219280",
"2551","22b77d7829c68dcd","E2:1F:7B:35:CC:08","62.20095693779904","7","0.1220703125","0","209","2022-05-10T21:49:00.000Z","1652219340",
"2551","22b77d7829c68dcd","E2:1F:7B:35:CC:08","37.32057416267943","1","0.12913223140495866","0","209","2022-05-10T21:50:00.000Z","1652219400",
"2551","22b77d7829c68dcd","E2:1F:7B:35:CC:08","42.10526315789474","6","0.10775862068965517","0","209","2022-05-10T21:51:00.000Z","1652219460",
"2551","22b77d7829c68dcd","E2:1F:7B:35:CC:08","41.14832535885167","7","0.11405109489051095","0","209","2022-05-10T21:53:00.000Z","1652219580",
"2551","22b77d7829c68dcd","E2:1F:7B:35:CC:08","37.32057416267943","11","0.10702054794520548","1","209","2022-05-10T21:54:00.000Z","1652219640",
"2551","22b77d7829c68dcd","E2:1F:7B:35:CC:08","37.32057416267943","4","0.11837121212121213","2","209","2022-05-10T21:55:00.000Z","1652219700",
"2551","22b77d7829c68dcd","E2:1F:7B:35:CC:08","36.36363636363637","6","0.12807377049180327","0","209","2022-05-10T21:56:00.000Z","1652219760",
"2551","22b77d7829c68dcd","E2:1F:7B:35:CC:08","34.44976076555024","3","0.1358695652173913","0","209","2022-05-10T21:57:00.000Z","1652219820",
"2551","22b77d7829c68dcd","E2:1F:7B:35:CC:08","35.4066985645933","6","0.1502403846153846","0","209","2022-05-10T21:58:00.000Z","1652219880",
"2551","22b77d7829c68dcd","E2:1F:7B:35:CC:08","30.62200956937799","5","0.15782828282828282","0","209","2022-05-10T21:59:00.000Z","1652219940",
"2551","22b77d7829c68dcd","E2:1F:7B:35:CC:08","29.66507177033493","3","0.1547029702970297","1","209","2022-05-10T22:00:00.000Z","1652220000",
"2551","22b77d7829c68dcd","E2:1F:7B:35:CC:08","32.535885167464116","13","0.1488095238095238","4","209","2022-05-10T22:01:00.000Z","1652220060",
"2551","22b77d7829c68dcd","E2:1F:7B:35:CC:08","45.933014354066984","11","0.12807377049180327","0","209","2022-05-10T22:02:00.000Z","1652220120",
"2551","22b77d7829c68dcd","E2:1F:7B:35:CC:08","57.41626794258373","9","0.13827433628318583","9","209","2022-05-10T22:03:00.000Z","1652220180",
"2551","22b77d7829c68dcd","E2:1F:7B:35:CC:08","68.89952153110048","9","0.16622340425531915","5","209","2022-05-10T22:04:00.000Z","1652220240",
"2551","22b77d7829c68dcd","E2:1F:7B:35:CC:08","84.21052631578948","7","0.17755681818181818","1","209","2022-05-10T22:05:00.000Z","1652220300",
"2551","22b77d7829c68dcd","E2:1F:7B:35:CC:08","97.14285714285714","2","3.90625","1","175","2022-05-10T22:11:00.000Z","1652220660",
"2551","22b77d7829c68dcd","E2:1F:7B:35:CC:08","94.85714285714286","0","1.953125","2","175","2022-05-10T22:12:00.000Z","1652220720",
"2551","22b77d7829c68dcd","E2:1F:7B:35:CC:08","100","2","0.3324468085106383","1","175","2022-05-10T22:13:00.000Z","1652220780",
"2551","22b77d7829c68dcd","E2:1F:7B:35:CC:08","69.71428571428571","1","0.11488970588235294","1","175","2022-05-10T22:14:00.000Z","1652220840",
"2551","22b77d7829c68dcd","E2:1F:7B:35:CC:08","70.85714285714286","5","0.11081560283687943","2","175","2022-05-10T22:15:00.000Z","1652220900",
"2551","22b77d7829c68dcd","E2:1F:7B:35:CC:08","68.57142857142857","5","0.08538251366120218","7","175","2022-05-10T22:16:00.000Z","1652220960",
"2551","22b77d7829c68dcd","E2:1F:7B:35:CC:08","72","9","0.23674242424242425","15","175","2022-05-10T22:17:00.000Z","1652221020",
"2551","22b77d7829c68dcd","E2:1F:7B:35:CC:08","100","11","0.18825301204819278","25","175","2022-05-10T22:18:00.000Z","1652221080",
"2551","22b77d7829c68dcd","E2:1F:7B:35:CC:08","100","0","0.062250996015936255","0","175","2022-05-10T22:19:00.000Z","1652221140",
"2551","22b77d7829c68dcd","E2:1F:7B:35:CC:08","100","2","0.15782828282828282","9","175","2022-05-10T22:21:00.000Z","1652221260",
"2551","22b77d7829c68dcd","E2:1F:7B:35:CC:08","100","11","0.20833333333333334","0","175","2022-05-10T22:22:00.000Z","1652221320",
"2551","22b77d7829c68dcd","E2:1F:7B:35:CC:08","69.71428571428571","5","0.24801587301587302","0","175","2022-05-10T22:23:00.000Z","1652221380",
"2551","22b77d7829c68dcd","E2:1F:7B:35:CC:08","56","2","0.28935185185185186","0","175","2022-05-10T22:24:00.000Z","1652221440",
"2551","22b77d7829c68dcd","E2:1F:7B:35:CC:08","69.71428571428571","1","0.23674242424242425","5","175","2022-05-10T22:25:00.000Z","1652221500",
"2551","22b77d7829c68dcd","E2:1F:7B:35:CC:08","50.285714285714285","4","0.26939655172413796","0","175","2022-05-10T22:26:00.000Z","1652221560",
"2551","22b77d7829c68dcd","E2:1F:7B:35:CC:08","38.857142857142854","0","0.08632596685082873","4","175","2022-05-10T22:27:00.000Z","1652221620",
"2551","22b77d7829c68dcd","E2:1F:7B:35:CC:08","53.714285714285715","3","0.20559210526315788","4","175","2022-05-10T22:28:00.000Z","1652221680",
"2551","22b77d7829c68dcd","E2:1F:7B:35:CC:08","50.285714285714285","4","0.24801587301587302","0","175","2022-05-10T22:29:00.000Z","1652221740",
"2551","22b77d7829c68dcd","E2:1F:7B:35:CC:08","26.285714285714285","0","0.2648305084745763","0","175","2022-05-10T22:30:00.000Z","1652221800",
"2551","22b77d7829c68dcd","E2:1F:7B:35:CC:08","16","0","0.27901785714285715","0","175","2022-05-10T22:31:00.000Z","1652221860",
"2551","22b77d7829c68dcd","E2:1F:7B:35:CC:08","9.142857142857142","0","0.294811320754717","0","175","2022-05-10T22:32:00.000Z","1652221920",
"2551","22b77d7829c68dcd","E2:1F:7B:35:CC:08","6.857142857142857","0","0.3004807692307692","0","175","2022-05-10T22:33:00.000Z","1652221980",
"2551","22b77d7829c68dcd","E2:1F:7B:35:CC:08","5.714285714285714","0","0.3125","0","175","2022-05-10T22:34:00.000Z","1652222040",
"2551","22b77d7829c68dcd","E2:1F:7B:35:CC:08","5.714285714285714","0","0.3255208333333333","0","175","2022-05-10T22:35:00.000Z","1652222100",
"2551","22b77d7829c68dcd","E2:1F:7B:35:CC:08","5.714285714285714","0","0.3125","2","175","2022-05-10T22:36:00.000Z","1652222160",
"2551","22b77d7829c68dcd","E2:1F:7B:35:CC:08","4.571428571428571","0","0.3255208333333333","0","175","2022-05-10T22:37:00.000Z","1652222220",
"2551","22b77d7829c68dcd","E2:1F:7B:35:CC:08","3.4285714285714284","0","0.3324468085106383","0","175","2022-05-10T22:38:00.000Z","1652222280",
"2551","22b77d7829c68dcd","E2:1F:7B:35:CC:08","3.4285714285714284","0","0.33967391304347827","0","175","2022-05-10T22:39:00.000Z","1652222340",
"2551","22b77d7829c68dcd","E2:1F:7B:35:CC:08","2.2857142857142856","0","0.33967391304347827","0","175","2022-05-10T22:40:00.000Z","1652222400",
"2551","22b77d7829c68dcd","E2:1F:7B:35:CC:08","2.2857142857142856","0","0.3472222222222222","0","175","2022-05-10T22:41:00.000Z","1652222460",
"2551","22b77d7829c68dcd","E2:1F:7B:35:CC:08","2.2857142857142856","0","0.35511363636363635","0","175","2022-05-10T22:42:00.000Z","1652222520",
"2551","22b77d7829c68dcd","E2:1F:7B:35:CC:08","2.2857142857142856","0","0.3633720930232558","0","175","2022-05-10T22:43:00.000Z","1652222580",
"2551","22b77d7829c68dcd","E2:1F:7B:35:CC:08","2.2857142857142856","0","0.3633720930232558","0","175","2022-05-10T22:44:00.000Z","1652222640",
"2551","22b77d7829c68dcd","E2:1F:7B:35:CC:08","2.2857142857142856","0","0.37202380952380953","0","175","2022-05-10T22:45:00.000Z","1652222700",
"2551","22b77d7829c68dcd","E2:1F:7B:35:CC:08","2.2857142857142856","0","0.37202380952380953","0","175","2022-05-10T22:46:00.000Z","1652222760",
"2551","22b77d7829c68dcd","E2:1F:7B:35:CC:08","2.2857142857142856","0","0.38109756097560976","0","175","2022-05-10T22:47:00.000Z","1652222820",
"2551","22b77d7829c68dcd","E2:1F:7B:35:CC:08","2.2857142857142856","0","0.390625","0","175","2022-05-10T22:48:00.000Z","1652222880",
"2551","22b77d7829c68dcd","E2:1F:7B:35:CC:08","2.2857142857142856","0","0.390625","0","175","2022-05-10T22:49:00.000Z","1652222940",
"2551","22b77d7829c68dcd","E2:1F:7B:35:CC:08","2.2857142857142856","0","0.40064102564102566","0","175","2022-05-10T22:50:00.000Z","1652223000",
"2551","22b77d7829c68dcd","E2:1F:7B:35:CC:08","2.2857142857142856","0","0.40064102564102566","0","175","2022-05-10T22:51:00.000Z","1652223060",
"2551","22b77d7829c68dcd","E2:1F:7B:35:CC:08","2.2857142857142856","0","0.40064102564102566","0","175","2022-05-10T22:52:00.000Z","1652223120",
"2551","22b77d7829c68dcd","E2:1F:7B:35:CC:08","2.2857142857142856","0","0.41118421052631576","0","175","2022-05-10T22:53:00.000Z","1652223180",
"2551","22b77d7829c68dcd","E2:1F:7B:35:CC:08","2.2857142857142856","0","0.41118421052631576","0","175","2022-05-10T22:54:00.000Z","1652223240",
"2551","22b77d7829c68dcd","E2:1F:7B:35:CC:08","2.2857142857142856","0","0.40064102564102566","1","175","2022-05-10T22:55:00.000Z","1652223300",
"2551","22b77d7829c68dcd","E2:1F:7B:35:CC:08","16","3","0.40064102564102566","1","175","2022-05-10T22:56:00.000Z","1652223360",
"2551","22b77d7829c68dcd","E2:1F:7B:35:CC:08","11.428571428571429","0","0.41118421052631576","0","175","2022-05-10T22:57:00.000Z","1652223420",
"2551","22b77d7829c68dcd","E2:1F:7B:35:CC:08","5.714285714285714","0","0.4222972972972973","0","175","2022-05-10T22:58:00.000Z","1652223480",
"2551","22b77d7829c68dcd","E2:1F:7B:35:CC:08","3.4285714285714284","0","0.4340277777777778","0","175","2022-05-10T22:59:00.000Z","1652223540",
"2551","22b77d7829c68dcd","E2:1F:7B:35:CC:08","2.2857142857142856","0","0.4340277777777778","0","175","2022-05-10T23:00:00.000Z","1652223600",
"2551","22b77d7829c68dcd","E2:1F:7B:35:CC:08","2.2857142857142856","0","0.44642857142857145","0","175","2022-05-10T23:01:00.000Z","1652223660",
"2551","22b77d7829c68dcd","E2:1F:7B:35:CC:08","2.2857142857142856","0","0.44642857142857145","0","175","2022-05-10T23:02:00.000Z","1652223720",
"2551","22b77d7829c68dcd","E2:1F:7B:35:CC:08","2.2857142857142856","0","0.45955882352941174","0","175","2022-05-10T23:03:00.000Z","1652223780",
"2551","22b77d7829c68dcd","E2:1F:7B:35:CC:08","2.2857142857142856","0","0.45955882352941174","0","175","2022-05-10T23:04:00.000Z","1652223840",
"2551","22b77d7829c68dcd","E2:1F:7B:35:CC:08","2.2857142857142856","0","0.4734848484848485","0","175","2022-05-10T23:05:00.000Z","1652223900",
"2551","22b77d7829c68dcd","E2:1F:7B:35:CC:08","2.2857142857142856","0","0.4734848484848485","0","175","2022-05-10T23:06:00.000Z","1652223960",
"2551","22b77d7829c68dcd","E2:1F:7B:35:CC:08","2.2857142857142856","0","0.48828125","0","175","2022-05-10T23:07:00.000Z","1652224020",
"2551","22b77d7829c68dcd","E2:1F:7B:35:CC:08","2.2857142857142856","0","0.48828125","0","175","2022-05-10T23:08:00.000Z","1652224080",
"2551","22b77d7829c68dcd","E2:1F:7B:35:CC:08","2.2857142857142856","0","0.48828125","0","175","2022-05-10T23:09:00.000Z","1652224140",
"2551","22b77d7829c68dcd","E2:1F:7B:35:CC:08","2.2857142857142856","0","0.5040322580645161","0","175","2022-05-10T23:10:00.000Z","1652224200",
"2551","22b77d7829c68dcd","E2:1F:7B:35:CC:08","2.2857142857142856","0","0.5040322580645161","0","175","2022-05-10T23:11:00.000Z","1652224260",
"2551","22b77d7829c68dcd","E2:1F:7B:35:CC:08","2.2857142857142856","0","0.5208333333333334","0","175","2022-05-10T23:12:00.000Z","1652224320",
"2551","22b77d7829c68dcd","E2:1F:7B:35:CC:08","5.714285714285714","0","0.5387931034482759","0","175","2022-05-10T23:13:00.000Z","1652224380",
"2551","22b77d7829c68dcd","E2:1F:7B:35:CC:08","12.571428571428571","1","0.5787037037037037","0","175","2022-05-10T23:14:00.000Z","1652224440",
"2551","22b77d7829c68dcd","E2:1F:7B:35:CC:08","25.142857142857142","6","0.6510416666666666","0","175","2022-05-10T23:15:00.000Z","1652224500",
"2551","22b77d7829c68dcd","E2:1F:7B:35:CC:08","30.857142857142858","3","0.6510416666666666","0","175","2022-05-10T23:16:00.000Z","1652224560",
"2551","22b77d7829c68dcd","E2:1F:7B:35:CC:08","29.714285714285715","3","0.6793478260869565","0","175","2022-05-10T23:17:00.000Z","1652224620",
"2551","22b77d7829c68dcd","E2:1F:7B:35:CC:08","30.857142857142858","3","0.7440476190476191","0","175","2022-05-10T23:18:00.000Z","1652224680",
"2551","22b77d7829c68dcd","E2:1F:7B:35:CC:08","35.42857142857143","5","0.78125","0","175","2022-05-10T23:19:00.000Z","1652224740",
"2551","22b77d7829c68dcd","E2:1F:7B:35:CC:08","45.714285714285715","4","0.8223684210526315","0","175","2022-05-10T23:20:00.000Z","1652224800",
"2551","22b77d7829c68dcd","E2:1F:7B:35:CC:08","41.142857142857146","3","0.8680555555555556","0","175","2022-05-10T23:21:00.000Z","1652224860",
"2551","22b77d7829c68dcd","E2:1F:7B:35:CC:08","57.142857142857146","6","0.9765625","0","175","2022-05-10T23:22:00.000Z","1652224920",
"2551","22b77d7829c68dcd","E2:1F:7B:35:CC:08","58.285714285714285","7","1.0416666666666667","0","175","2022-05-10T23:23:00.000Z","1652224980",
"2551","22b77d7829c68dcd","E2:1F:7B:35:CC:08","50.285714285714285","3","1.0416666666666667","0","175","2022-05-10T23:24:00.000Z","1652225040",
"2551","22b77d7829c68dcd","E2:1F:7B:35:CC:08","51.42857142857143","7","1.0416666666666667","0","175","2022-05-10T23:25:00.000Z","1652225100",
"2551","22b77d7829c68dcd","E2:1F:7B:35:CC:08","53.714285714285715","5","0.9765625","0","175","2022-05-10T23:26:00.000Z","1652225160",
"2551","22b77d7829c68dcd","E2:1F:7B:35:CC:08","52.57142857142857","0","0.6510416666666666","4","175","2022-05-10T23:27:00.000Z","1652225220",
"2551","22b77d7829c68dcd","E2:1F:7B:35:CC:08","43.42857142857143","2","0.6510416666666666","0","175","2022-05-10T23:28:00.000Z","1652225280",
"2551","22b77d7829c68dcd","E2:1F:7B:35:CC:08","34.285714285714285","1","0.6510416666666666","0","175","2022-05-10T23:29:00.000Z","1652225340",
"2551","22b77d7829c68dcd","E2:1F:7B:35:CC:08","34.285714285714285","2","0.6510416666666666","0","175","2022-05-10T23:30:00.000Z","1652225400",
"2551","22b77d7829c68dcd","E2:1F:7B:35:CC:08","25.142857142857142","2","0.625","0","175","2022-05-10T23:31:00.000Z","1652225460",
"2551","22b77d7829c68dcd","E2:1F:7B:35:CC:08","27.428571428571427","1","0.5387931034482759","0","175","2022-05-10T23:32:00.000Z","1652225520",
"2551","22b77d7829c68dcd","E2:1F:7B:35:CC:08","24","0","0.5208333333333334","0","175","2022-05-10T23:33:00.000Z","1652225580",
"2551","22b77d7829c68dcd","E2:1F:7B:35:CC:08","36.57142857142857","7","0.7102272727272727","4","175","2022-05-10T23:34:00.000Z","1652225640",
"2551","22b77d7829c68dcd","E2:1F:7B:35:CC:08","20.571428571428573","0","0.7440476190476191","0","175","2022-05-10T23:35:00.000Z","1652225700",
"2551","22b77d7829c68dcd","E2:1F:7B:35:CC:08","6.857142857142857","0","0.78125","0","175","2022-05-10T23:36:00.000Z","1652225760",
"2551","22b77d7829c68dcd","E2:1F:7B:35:CC:08","3.4285714285714284","0","0.78125","0","175","2022-05-10T23:37:00.000Z","1652225820",
"2551","22b77d7829c68dcd","E2:1F:7B:35:CC:08","2.2857142857142856","0","0.78125","0","175","2022-05-10T23:38:00.000Z","1652225880",
"2551","22b77d7829c68dcd","E2:1F:7B:35:CC:08","2.2857142857142856","0","0.78125","0","175","2022-05-10T23:39:00.000Z","1652225940",
"2551","22b77d7829c68dcd","E2:1F:7B:35:CC:08","2.2857142857142856","0","0.8223684210526315","0","175","2022-05-10T23:40:00.000Z","1652226000",
"2551","22b77d7829c68dcd","E2:1F:7B:35:CC:08","2.2857142857142856","0","0.8223684210526315","0","175","2022-05-10T23:41:00.000Z","1652226060",
"2551","22b77d7829c68dcd","E2:1F:7B:35:CC:08","2.2857142857142856","0","0.8223684210526315","0","175","2022-05-10T23:42:00.000Z","1652226120",
"2551","22b77d7829c68dcd","E2:1F:7B:35:CC:08","2.2857142857142856","0","0.8223684210526315","0","175","2022-05-10T23:43:00.000Z","1652226180",
"2551","22b77d7829c68dcd","E2:1F:7B:35:CC:08","2.2857142857142856","0","0.8223684210526315","0","175","2022-05-10T23:44:00.000Z","1652226240",
"2551","22b77d7829c68dcd","E2:1F:7B:35:CC:08","3.4285714285714284","0","0.8680555555555556","0","175","2022-05-10T23:45:00.000Z","1652226300",
"2551","22b77d7829c68dcd","E2:1F:7B:35:CC:08","3.4285714285714284","0","0.8680555555555556","0","175","2022-05-10T23:46:00.000Z","1652226360",
"2551","22b77d7829c68dcd","E2:1F:7B:35:CC:08","5.714285714285714","0","0.6009615384615384","1","175","2022-05-10T23:47:00.000Z","1652226420",
"2551","22b77d7829c68dcd","E2:1F:7B:35:CC:08","4.571428571428571","0","0.625","0","175","2022-05-10T23:48:00.000Z","1652226480",
"2551","22b77d7829c68dcd","E2:1F:7B:35:CC:08","3.4285714285714284","0","0.625","0","175","2022-05-10T23:49:00.000Z","1652226540",
"2551","22b77d7829c68dcd","E2:1F:7B:35:CC:08","3.4285714285714284","0","0.625","0","175","2022-05-10T23:50:00.000Z","1652226600",
"2551","22b77d7829c68dcd","E2:1F:7B:35:CC:08","4.571428571428571","0","0.625","0","175","2022-05-10T23:51:00.000Z","1652226660",
"2551","22b77d7829c68dcd","E2:1F:7B:35:CC:08","8","1","0.6510416666666666","0","175","2022-05-10T23:52:00.000Z","1652226720",
"2551","22b77d7829c68dcd","E2:1F:7B:35:CC:08","11.428571428571429","0","0.6510416666666666","0","175","2022-05-10T23:53:00.000Z","1652226780",
"2551","22b77d7829c68dcd","E2:1F:7B:35:CC:08","10.285714285714286","0","0.6510416666666666","0","175","2022-05-10T23:54:00.000Z","1652226840",
"2551","22b77d7829c68dcd","E2:1F:7B:35:CC:08","10.285714285714286","0","0.6510416666666666","0","175","2022-05-10T23:55:00.000Z","1652226900",
"2551","22b77d7829c68dcd","E2:1F:7B:35:CC:08","9.142857142857142","0","0.6510416666666666","0","175","2022-05-10T23:56:00.000Z","1652226960",
"2551","22b77d7829c68dcd","E2:1F:7B:35:CC:08","6.857142857142857","0","0.6510416666666666","0","175","2022-05-10T23:57:00.000Z","1652227020",
"2551","22b77d7829c68dcd","E2:1F:7B:35:CC:08","5.714285714285714","0","0.6510416666666666","0","175","2022-05-10T23:58:00.000Z","1652227080",
"2551","22b77d7829c68dcd","E2:1F:7B:35:CC:08","4.571428571428571","0","0.6510416666666666","0","175","2022-05-10T23:59:00.000Z","1652227140",
"2551","22b77d7829c68dcd","E2:1F:7B:35:CC:08","4.571428571428571","0","0.6510416666666666","0","175","2022-05-11T00:00:00.000Z","1652227200",
"2551","22b77d7829c68dcd","E2:1F:7B:35:CC:08","6.857142857142857","0","0.6510416666666666","0","175","2022-05-11T00:01:00.000Z","1652227260",
"2551","22b77d7829c68dcd","E2:1F:7B:35:CC:08","13.714285714285714","1","0.6793478260869565","0","175","2022-05-11T00:02:00.000Z","1652227320",
"2551","22b77d7829c68dcd","E2:1F:7B:35:CC:08","18.285714285714285","0","0.6793478260869565","0","175","2022-05-11T00:03:00.000Z","1652227380",
"2551","22b77d7829c68dcd","E2:1F:7B:35:CC:08","14.857142857142858","0","0.6793478260869565","0","175","2022-05-11T00:04:00.000Z","1652227440",
"2551","22b77d7829c68dcd","E2:1F:7B:35:CC:08","11.428571428571429","0","0.6793478260869565","0","175","2022-05-11T00:05:00.000Z","1652227500",
"2551","22b77d7829c68dcd","E2:1F:7B:35:CC:08","13.714285714285714","2","0.7440476190476191","0","175","2022-05-11T00:06:00.000Z","1652227560",
"2551","22b77d7829c68dcd","E2:1F:7B:35:CC:08","29.714285714285715","4","0.7440476190476191","0","175","2022-05-11T00:07:00.000Z","1652227620",
"2551","22b77d7829c68dcd","E2:1F:7B:35:CC:08","38.857142857142854","5","0.8223684210526315","0","175","2022-05-11T00:08:00.000Z","1652227680",
"2551","22b77d7829c68dcd","E2:1F:7B:35:CC:08","45.714285714285715","5","0.8680555555555556","0","175","2022-05-11T00:09:00.000Z","1652227740",
"2551","22b77d7829c68dcd","E2:1F:7B:35:CC:08","76.57142857142857","5","0.9765625","0","175","2022-05-11T00:10:00.000Z","1652227800",
"2551","22b77d7829c68dcd","E2:1F:7B:35:CC:08","84.57142857142857","5","1.1160714285714286","0","175","2022-05-11T00:11:00.000Z","1652227860",
"2551","22b77d7829c68dcd","E2:1F:7B:35:CC:08","72","5","1.0416666666666667","0","175","2022-05-11T00:12:00.000Z","1652227920",
"2551","22b77d7829c68dcd","E2:1F:7B:35:CC:08","81.14285714285714","5","1.1160714285714286","0","175","2022-05-11T00:13:00.000Z","1652227980",
"2551","22b77d7829c68dcd","E2:1F:7B:35:CC:08","92.57142857142857","7","1.2019230769230769","0","175","2022-05-11T00:14:00.000Z","1652228040",
"2551","22b77d7829c68dcd","E2:1F:7B:35:CC:08","100","6","1.3020833333333333","0","175","2022-05-11T00:15:00.000Z","1652228100",
"2551","22b77d7829c68dcd","E2:1F:7B:35:CC:08","90.28571428571429","7","1.4204545454545454","0","175","2022-05-11T00:16:00.000Z","1652228160",
"2551","22b77d7829c68dcd","E2:1F:7B:35:CC:08","91.42857142857143","6","1.4204545454545454","0","175","2022-05-11T00:17:00.000Z","1652228220",
"2551","22b77d7829c68dcd","E2:1F:7B:35:CC:08","83.42857142857143","7","1.4204545454545454","0","175","2022-05-11T00:18:00.000Z","1652228280",
"2551","22b77d7829c68dcd","E2:1F:7B:35:CC:08","82.28571428571429","5","1.5625","0","175","2022-05-11T00:19:00.000Z","1652228340",
"2551","22b77d7829c68dcd","E2:1F:7B:35:CC:08","84.57142857142857","7","1.5625","0","175","2022-05-11T00:20:00.000Z","1652228400",
"2551","22b77d7829c68dcd","E2:1F:7B:35:CC:08","88","8","1.7361111111111112","0","175","2022-05-11T00:21:00.000Z","1652228460",
"2551","22b77d7829c68dcd","E2:1F:7B:35:CC:08","88","5","1.5625","0","175","2022-05-11T00:22:00.000Z","1652228520",
"2551","22b77d7829c68dcd","E2:1F:7B:35:CC:08","93.71428571428571","3","1.5625","0","175","2022-05-11T00:23:00.000Z","1652228580",
"2551","22b77d7829c68dcd","E2:1F:7B:35:CC:08","83.42857142857143","7","1.5625","0","175","2022-05-11T00:24:00.000Z","1652228640",
"2551","22b77d7829c68dcd","E2:1F:7B:35:CC:08","73.14285714285714","7","1.7361111111111112","0","175","2022-05-11T00:25:00.000Z","1652228700",
"2551","22b77d7829c68dcd","E2:1F:7B:35:CC:08","72","2","1.4204545454545454","0","175","2022-05-11T00:26:00.000Z","1652228760",
"2551","22b77d7829c68dcd","E2:1F:7B:35:CC:08","90.28571428571429","3","1.4204545454545454","0","175","2022-05-11T00:27:00.000Z","1652228820",
"2551","22b77d7829c68dcd","E2:1F:7B:35:CC:08","100","9","1.7361111111111112","0","175","2022-05-11T00:28:00.000Z","1652228880",
"2551","22b77d7829c68dcd","E2:1F:7B:35:CC:08","98.28571428571429","8","1.953125","0","175","2022-05-11T00:29:00.000Z","1652228940",
"2551","22b77d7829c68dcd","E2:1F:7B:35:CC:08","98.28571428571429","8","1.7361111111111112","0","175","2022-05-11T00:30:00.000Z","1652229000",
"2551","22b77d7829c68dcd","E2:1F:7B:35:CC:08","97.14285714285714","6","1.953125","0","175","2022-05-11T00:31:00.000Z","1652229060",
"2551","22b77d7829c68dcd","E2:1F:7B:35:CC:08","97.14285714285714","5","1.953125","0","175","2022-05-11T00:32:00.000Z","1652229120",
"2551","22b77d7829c68dcd","E2:1F:7B:35:CC:08","78.85714285714286","5","1.7361111111111112","0","175","2022-05-11T00:33:00.000Z","1652229180",
"2551","22b77d7829c68dcd","E2:1F:7B:35:CC:08","74.28571428571429","2","1.5625","0","175","2022-05-11T00:34:00.000Z","1652229240",
"2551","22b77d7829c68dcd","E2:1F:7B:35:CC:08","59.42857142857143","0","1.4204545454545454","0","175","2022-05-11T00:35:00.000Z","1652229300",
"2551","22b77d7829c68dcd","E2:1F:7B:35:CC:08","65.14285714285714","2","1.4204545454545454","0","175","2022-05-11T00:36:00.000Z","1652229360",
"2551","22b77d7829c68dcd","E2:1F:7B:35:CC:08","52.57142857142857","0","1.3020833333333333","0","175","2022-05-11T00:37:00.000Z","1652229420",
"2551","22b77d7829c68dcd","E2:1F:7B:35:CC:08","58.285714285714285","1","1.2019230769230769","0","175","2022-05-11T00:38:00.000Z","1652229480",
"2551","22b77d7829c68dcd","E2:1F:7B:35:CC:08","32","0","1.1160714285714286","0","175","2022-05-11T00:39:00.000Z","1652229540",
"2551","22b77d7829c68dcd","E2:1F:7B:35:CC:08","26.285714285714285","0","1.1160714285714286","0","175","2022-05-11T00:40:00.000Z","1652229600",
"2551","22b77d7829c68dcd","E2:1F:7B:35:CC:08","54.857142857142854","7","1.4204545454545454","1","175","2022-05-11T00:41:00.000Z","1652229660",
"2551","22b77d7829c68dcd","E2:1F:7B:35:CC:08","91.42857142857143","8","1.5625","0","175","2022-05-11T00:42:00.000Z","1652229720",
"2551","22b77d7829c68dcd","E2:1F:7B:35:CC:08","88","2","1.3020833333333333","0","175","2022-05-11T00:43:00.000Z","1652229780",
"2551","22b77d7829c68dcd","E2:1F:7B:35:CC:08","84.57142857142857","3","1.3020833333333333","0","175","2022-05-11T00:44:00.000Z","1652229840",
"2551","22b77d7829c68dcd","E2:1F:7B:35:CC:08","54.857142857142854","0","1.1160714285714286","0","175","2022-05-11T00:45:00.000Z","1652229900",
"2551","22b77d7829c68dcd","E2:1F:7B:35:CC:08","36.57142857142857","0","1.1160714285714286","0","175","2022-05-11T00:46:00.000Z","1652229960",
"2551","22b77d7829c68dcd","E2:1F:7B:35:CC:08","40","0","1.0416666666666667","0","175","2022-05-11T00:47:00.000Z","1652230020",
"2551","22b77d7829c68dcd","E2:1F:7B:35:CC:08","25.142857142857142","0","0.9765625","0","175","2022-05-11T00:48:00.000Z","1652230080",
"2551","22b77d7829c68dcd","E2:1F:7B:35:CC:08","19.428571428571427","0","0.9765625","0","175","2022-05-11T00:49:00.000Z","1652230140",
"2551","22b77d7829c68dcd","E2:1F:7B:35:CC:08","17.142857142857142","0","0.78125","1","175","2022-05-11T00:50:00.000Z","1652230200",
"2551","22b77d7829c68dcd","E2:1F:7B:35:CC:08","12.571428571428571","0","0.8223684210526315","0","175","2022-05-11T00:51:00.000Z","1652230260",
"2551","22b77d7829c68dcd","E2:1F:7B:35:CC:08","9.142857142857142","0","0.78125","0","175","2022-05-11T00:52:00.000Z","1652230320",
"2551","22b77d7829c68dcd","E2:1F:7B:35:CC:08","8","0","0.78125","0","175","2022-05-11T00:53:00.000Z","1652230380",
"2551","22b77d7829c68dcd","E2:1F:7B:35:CC:08","8","0","0.78125","0","175","2022-05-11T00:54:00.000Z","1652230440",
"2551","22b77d7829c68dcd","E2:1F:7B:35:CC:08","16","0","0.7440476190476191","0","175","2022-05-11T00:55:00.000Z","1652230500",
"2551","22b77d7829c68dcd","E2:1F:7B:35:CC:08","20.571428571428573","1","0.8223684210526315","0","175","2022-05-11T00:56:00.000Z","1652230560",
"2551","22b77d7829c68dcd","E2:1F:7B:35:CC:08","59.42857142857143","4","0.9765625","0","175","2022-05-11T00:57:00.000Z","1652230620",
"2551","22b77d7829c68dcd","E2:1F:7B:35:CC:08","78.85714285714286","5","1.1160714285714286","0","175","2022-05-11T00:58:00.000Z","1652230680",
"2551","22b77d7829c68dcd","E2:1F:7B:35:CC:08","100","7","1.3020833333333333","0","175","2022-05-11T00:59:00.000Z","1652230740",
"2551","22b77d7829c68dcd","E2:1F:7B:35:CC:08","100","6","1.4204545454545454","0","175","2022-05-11T01:00:00.000Z","1652230800",
"2551","22b77d7829c68dcd","E2:1F:7B:35:CC:08","100","5","1.2019230769230769","0","175","2022-05-11T01:01:00.000Z","1652230860",
"2551","22b77d7829c68dcd","E2:1F:7B:35:CC:08","100","5","1.3020833333333333","0","175","2022-05-11T01:02:00.000Z","1652230920",
"2551","22b77d7829c68dcd","E2:1F:7B:35:CC:08","100","4","1.3020833333333333","0","175","2022-05-11T01:03:00.000Z","1652230980",
"2551","22b77d7829c68dcd","E2:1F:7B:35:CC:08","100","4","1.3020833333333333","0","175","2022-05-11T01:04:00.000Z","1652231040",
"2551","22b77d7829c68dcd","E2:1F:7B:35:CC:08","100","5","1.3020833333333333","0","175","2022-05-11T01:05:00.000Z","1652231100",
"2551","22b77d7829c68dcd","E2:1F:7B:35:CC:08","86.85714285714286","5","1.3020833333333333","0","175","2022-05-11T01:06:00.000Z","1652231160",
"2551","22b77d7829c68dcd","E2:1F:7B:35:CC:08","100","8","1.4204545454545454","0","175","2022-05-11T01:07:00.000Z","1652231220",
"2551","22b77d7829c68dcd","E2:1F:7B:35:CC:08","100","3","1.4204545454545454","0","175","2022-05-11T01:08:00.000Z","1652231280",
"2551","22b77d7829c68dcd","E2:1F:7B:35:CC:08","93.71428571428571","6","1.5625","0","175","2022-05-11T01:09:00.000Z","1652231340",
"2551","22b77d7829c68dcd","E2:1F:7B:35:CC:08","100","7","1.7361111111111112","0","175","2022-05-11T01:10:00.000Z","1652231400",
"2551","22b77d7829c68dcd","E2:1F:7B:35:CC:08","100","7","1.5625","0","175","2022-05-11T01:11:00.000Z","1652231460",
"2551","22b77d7829c68dcd","E2:1F:7B:35:CC:08","100","6","1.7361111111111112","0","175","2022-05-11T01:12:00.000Z","1652231520",
"2551","22b77d7829c68dcd","E2:1F:7B:35:CC:08","100","6","1.7361111111111112","0","175","2022-05-11T01:13:00.000Z","1652231580",
"2551","22b77d7829c68dcd","E2:1F:7B:35:CC:08","100","9","1.953125","0","175","2022-05-11T01:14:00.000Z","1652231640",
"2551","22b77d7829c68dcd","E2:1F:7B:35:CC:08","99.42857142857143","6","1.7361111111111112","0","175","2022-05-11T01:15:00.000Z","1652231700",
"2551","22b77d7829c68dcd","E2:1F:7B:35:CC:08","90.28571428571429","5","1.7361111111111112","0","175","2022-05-11T01:16:00.000Z","1652231760",
"2551","22b77d7829c68dcd","E2:1F:7B:35:CC:08","98.28571428571429","7","1.7361111111111112","0","175","2022-05-11T01:17:00.000Z","1652231820",
"2551","22b77d7829c68dcd","E2:1F:7B:35:CC:08","100","9","1.953125","0","175","2022-05-11T01:18:00.000Z","1652231880",
"2551","22b77d7829c68dcd","E2:1F:7B:35:CC:08","90.28571428571429","7","1.953125","0","175","2022-05-11T01:19:00.000Z","1652231940",
"2551","22b77d7829c68dcd","E2:1F:7B:35:CC:08","96","6","1.953125","0","175","2022-05-11T01:20:00.000Z","1652232000",
"2551","22b77d7829c68dcd","E2:1F:7B:35:CC:08","94.85714285714286","11","1.953125","0","175","2022-05-11T01:21:00.000Z","1652232060",
"2551","22b77d7829c68dcd","E2:1F:7B:35:CC:08","97.14285714285714","7","1.953125","0","175","2022-05-11T01:22:00.000Z","1652232120",
"2551","22b77d7829c68dcd","E2:1F:7B:35:CC:08","88","8","2.232142857142857","0","175","2022-05-11T01:23:00.000Z","1652232180",
"2551","22b77d7829c68dcd","E2:1F:7B:35:CC:08","78.85714285714286","5","1.7361111111111112","1","175","2022-05-11T01:24:00.000Z","1652232240",
"2551","22b77d7829c68dcd","E2:1F:7B:35:CC:08","64","6","1.7361111111111112","0","175","2022-05-11T01:25:00.000Z","1652232300",
"2551","22b77d7829c68dcd","E2:1F:7B:35:CC:08","58.285714285714285","7","1.7361111111111112","0","175","2022-05-11T01:26:00.000Z","1652232360",
"2551","22b77d7829c68dcd","E2:1F:7B:35:CC:08","51.42857142857143","7","1.7361111111111112","0","175","2022-05-11T01:27:00.000Z","1652232420",
"2551","22b77d7829c68dcd","E2:1F:7B:35:CC:08","48","4","1.7361111111111112","0","175","2022-05-11T01:28:00.000Z","1652232480",
"2551","22b77d7829c68dcd","E2:1F:7B:35:CC:08","43.42857142857143","3","1.4204545454545454","0","175","2022-05-11T01:29:00.000Z","1652232540",
"2551","22b77d7829c68dcd","E2:1F:7B:35:CC:08","61.714285714285715","6","1.953125","0","175","2022-05-11T01:30:00.000Z","1652232600",
"2551","22b77d7829c68dcd","E2:1F:7B:35:CC:08","81.14285714285714","5","1.953125","0","175","2022-05-11T01:31:00.000Z","1652232660",
"2551","22b77d7829c68dcd","E2:1F:7B:35:CC:08","90.28571428571429","9","2.232142857142857","0","175","2022-05-11T01:32:00.000Z","1652232720",
"2551","22b77d7829c68dcd","E2:1F:7B:35:CC:08","92.57142857142857","6","2.232142857142857","0","175","2022-05-11T01:33:00.000Z","1652232780",
"2551","22b77d7829c68dcd","E2:1F:7B:35:CC:08","75.42857142857143","1","1.7361111111111112","0","175","2022-05-11T01:34:00.000Z","1652232840",
"2551","22b77d7829c68dcd","E2:1F:7B:35:CC:08","85.71428571428571","2","1.953125","0","175","2022-05-11T01:35:00.000Z","1652232900",
"2551","22b77d7829c68dcd","E2:1F:7B:35:CC:08","74.28571428571429","1","1.7361111111111112","0","175","2022-05-11T01:36:00.000Z","1652232960",
"2551","22b77d7829c68dcd","E2:1F:7B:35:CC:08","51.42857142857143","1","1.7361111111111112","0","175","2022-05-11T01:37:00.000Z","1652233020",
"2551","22b77d7829c68dcd","E2:1F:7B:35:CC:08","46.857142857142854","1","1.5625","0","175","2022-05-11T01:38:00.000Z","1652233080",
"2551","22b77d7829c68dcd","E2:1F:7B:35:CC:08","30.857142857142858","0","1.4204545454545454","0","175","2022-05-11T01:39:00.000Z","1652233140",
"2551","22b77d7829c68dcd","E2:1F:7B:35:CC:08","22.857142857142858","0","1.4204545454545454","0","175","2022-05-11T01:40:00.000Z","1652233200",
"2551","22b77d7829c68dcd","E2:1F:7B:35:CC:08","29.714285714285715","0","1.4204545454545454","0","175","2022-05-11T01:41:00.000Z","1652233260",
"2551","22b77d7829c68dcd","E2:1F:7B:35:CC:08","32","0","1.3020833333333333","0","175","2022-05-11T01:42:00.000Z","1652233320",
"2551","22b77d7829c68dcd","E2:1F:7B:35:CC:08","20.571428571428573","0","1.3020833333333333","0","175","2022-05-11T01:43:00.000Z","1652233380",
"2551","22b77d7829c68dcd","E2:1F:7B:35:CC:08","17.142857142857142","0","1.3020833333333333","0","175","2022-05-11T01:44:00.000Z","1652233440",
"2551","22b77d7829c68dcd","E2:1F:7B:35:CC:08","25.142857142857142","0","1.3020833333333333","0","175","2022-05-11T01:45:00.000Z","1652233500",
"2551","22b77d7829c68dcd","E2:1F:7B:35:CC:08","29.714285714285715","0","1.3020833333333333","0","175","2022-05-11T01:46:00.000Z","1652233560",
"2551","22b77d7829c68dcd","E2:1F:7B:35:CC:08","27.428571428571427","0","1.2019230769230769","0","175","2022-05-11T01:47:00.000Z","1652233620",
"2551","22b77d7829c68dcd","E2:1F:7B:35:CC:08","18.285714285714285","0","1.1160714285714286","0","175","2022-05-11T01:48:00.000Z","1652233680",
"2551","22b77d7829c68dcd","E2:1F:7B:35:CC:08","14.857142857142858","0","1.1160714285714286","0","175","2022-05-11T01:49:00.000Z","1652233740",
"2551","22b77d7829c68dcd","E2:1F:7B:35:CC:08","25.142857142857142","2","1.1160714285714286","0","175","2022-05-11T01:50:00.000Z","1652233800",
"2551","22b77d7829c68dcd","E2:1F:7B:35:CC:08","13.714285714285714","0","1.1160714285714286","0","175","2022-05-11T01:51:00.000Z","1652233860",
"2551","22b77d7829c68dcd","E2:1F:7B:35:CC:08","10.285714285714286","0","1.1160714285714286","0","175","2022-05-11T01:52:00.000Z","1652233920",
"2551","22b77d7829c68dcd","E2:1F:7B:35:CC:08","10.285714285714286","0","1.1160714285714286","0","175","2022-05-11T01:53:00.000Z","1652233980",
"2551","22b77d7829c68dcd","E2:1F:7B:35:CC:08","10.285714285714286","0","1.0416666666666667","0","175","2022-05-11T01:54:00.000Z","1652234040",
"2551","22b77d7829c68dcd","E2:1F:7B:35:CC:08","8","0","1.0416666666666667","0","175","2022-05-11T01:55:00.000Z","1652234100",
"2551","22b77d7829c68dcd","E2:1F:7B:35:CC:08","8","0","1.0416666666666667","0","175","2022-05-11T01:56:00.000Z","1652234160",
"2551","22b77d7829c68dcd","E2:1F:7B:35:CC:08","25.142857142857142","1","1.1160714285714286","0","175","2022-05-11T01:57:00.000Z","1652234220",
"2551","22b77d7829c68dcd","E2:1F:7B:35:CC:08","22.857142857142858","0","1.1160714285714286","0","175","2022-05-11T01:58:00.000Z","1652234280",
"2551","22b77d7829c68dcd","E2:1F:7B:35:CC:08","25.142857142857142","2","1.2019230769230769","0","175","2022-05-11T01:59:00.000Z","1652234340",
"2551","22b77d7829c68dcd","E2:1F:7B:35:CC:08","68.57142857142857","3","1.4204545454545454","0","175","2022-05-11T02:00:00.000Z","1652234400",
"2551","22b77d7829c68dcd","E2:1F:7B:35:CC:08","94.85714285714286","3","1.4204545454545454","0","175","2022-05-11T02:01:00.000Z","1652234460",
"2551","22b77d7829c68dcd","E2:1F:7B:35:CC:08","65.14285714285714","0","1.3020833333333333","0","175","2022-05-11T02:02:00.000Z","1652234520",
"2551","22b77d7829c68dcd","E2:1F:7B:35:CC:08","34.285714285714285","0","1.2019230769230769","0","175","2022-05-11T02:03:00.000Z","1652234580",
"2551","22b77d7829c68dcd","E2:1F:7B:35:CC:08","24","0","1.2019230769230769","0","175","2022-05-11T02:04:00.000Z","1652234640",
"2551","22b77d7829c68dcd","E2:1F:7B:35:CC:08","44.57142857142857","4","1.3020833333333333","0","175","2022-05-11T02:05:00.000Z","1652234700",
"2551","22b77d7829c68dcd","E2:1F:7B:35:CC:08","38.857142857142854","0","1.2019230769230769","0","175","2022-05-11T02:06:00.000Z","1652234760",
"2551","22b77d7829c68dcd","E2:1F:7B:35:CC:08","33.142857142857146","0","1.2019230769230769","0","175","2022-05-11T02:07:00.000Z","1652234820",
"2551","22b77d7829c68dcd","E2:1F:7B:35:CC:08","33.142857142857146","2","1.2019230769230769","0","175","2022-05-11T02:08:00.000Z","1652234880",
"2551","22b77d7829c68dcd","E2:1F:7B:35:CC:08","33.142857142857146","1","1.2019230769230769","0","175","2022-05-11T02:09:00.000Z","1652234940",
"2551","22b77d7829c68dcd","E2:1F:7B:35:CC:08","46.857142857142854","1","1.0416666666666667","1","175","2022-05-11T02:10:00.000Z","1652235000",
"2551","22b77d7829c68dcd","E2:1F:7B:35:CC:08","49.142857142857146","2","1.1160714285714286","0","175","2022-05-11T02:11:00.000Z","1652235060",
"2551","22b77d7829c68dcd","E2:1F:7B:35:CC:08","84.57142857142857","4","1.1160714285714286","0","175","2022-05-11T02:12:00.000Z","1652235120",
"2551","22b77d7829c68dcd","E2:1F:7B:35:CC:08","74.28571428571429","3","1.1160714285714286","0","175","2022-05-11T02:13:00.000Z","1652235180",
"2551","22b77d7829c68dcd","E2:1F:7B:35:CC:08","64","4","1.0416666666666667","0","175","2022-05-11T02:14:00.000Z","1652235240",
"2551","22b77d7829c68dcd","E2:1F:7B:35:CC:08","56","3","1.0416666666666667","0","175","2022-05-11T02:15:00.000Z","1652235300",
"2551","22b77d7829c68dcd","E2:1F:7B:35:CC:08","41.142857142857146","2","0.9191176470588235","0","175","2022-05-11T02:16:00.000Z","1652235360",
"2551","22b77d7829c68dcd","E2:1F:7B:35:CC:08","48","6","1.1160714285714286","0","175","2022-05-11T02:17:00.000Z","1652235420",
"2551","22b77d7829c68dcd","E2:1F:7B:35:CC:08","100","6","1.2019230769230769","0","175","2022-05-11T02:18:00.000Z","1652235480",
"2551","22b77d7829c68dcd","E2:1F:7B:35:CC:08","100","2","1.0416666666666667","1","175","2022-05-11T02:19:00.000Z","1652235540",
"2551","22b77d7829c68dcd","E2:1F:7B:35:CC:08","68.57142857142857","0","0.9191176470588235","0","175","2022-05-11T02:20:00.000Z","1652235600",
"2551","22b77d7829c68dcd","E2:1F:7B:35:CC:08","42.285714285714285","2","0.9191176470588235","0","175","2022-05-11T02:21:00.000Z","1652235660",
"2551","22b77d7829c68dcd","E2:1F:7B:35:CC:08","40","1","0.9191176470588235","0","175","2022-05-11T02:22:00.000Z","1652235720",
"2551","22b77d7829c68dcd","E2:1F:7B:35:CC:08","43.42857142857143","3","0.9191176470588235","0","175","2022-05-11T02:23:00.000Z","1652235780",
"2551","22b77d7829c68dcd","E2:1F:7B:35:CC:08","49.142857142857146","1","0.9191176470588235","0","175","2022-05-11T02:24:00.000Z","1652235840",
"2551","22b77d7829c68dcd","E2:1F:7B:35:CC:08","40","0","0.8680555555555556","0","175","2022-05-11T02:25:00.000Z","1652235900",
"2551","22b77d7829c68dcd","E2:1F:7B:35:CC:08","32","0","0.8223684210526315","0","175","2022-05-11T02:26:00.000Z","1652235960",
"2551","22b77d7829c68dcd","E2:1F:7B:35:CC:08","29.714285714285715","2","0.8223684210526315","0","175","2022-05-11T02:27:00.000Z","1652236020",
"2551","22b77d7829c68dcd","E2:1F:7B:35:CC:08","26.285714285714285","2","0.8680555555555556","0","175","2022-05-11T02:28:00.000Z","1652236080",
"2551","22b77d7829c68dcd","E2:1F:7B:35:CC:08","36.57142857142857","2","0.8680555555555556","8","175","2022-05-11T02:29:00.000Z","1652236140",
"2551","22b77d7829c68dcd","E2:1F:7B:35:CC:08","69.71428571428571","7","1.2019230769230769","9","175","2022-05-11T02:30:00.000Z","1652236200",
"2551","22b77d7829c68dcd","E2:1F:7B:35:CC:08","77.71428571428571","0","0.9191176470588235","9","175","2022-05-11T02:31:00.000Z","1652236260",
"2551","22b77d7829c68dcd","E2:1F:7B:35:CC:08","43.42857142857143","2","0.9191176470588235","0","175","2022-05-11T02:32:00.000Z","1652236320",
"2551","22b77d7829c68dcd","E2:1F:7B:35:CC:08","33.142857142857146","1","0.9191176470588235","0","175","2022-05-11T02:33:00.000Z","1652236380",
"2551","22b77d7829c68dcd","E2:1F:7B:35:CC:08","37.714285714285715","2","0.9191176470588235","0","175","2022-05-11T02:34:00.000Z","1652236440",
"2551","22b77d7829c68dcd","E2:1F:7B:35:CC:08","43.42857142857143","0","0.9191176470588235","0","175","2022-05-11T02:35:00.000Z","1652236500",
"2551","22b77d7829c68dcd","E2:1F:7B:35:CC:08","77.71428571428571","6","1.1160714285714286","0","175","2022-05-11T02:36:00.000Z","1652236560",
"2551","22b77d7829c68dcd","E2:1F:7B:35:CC:08","83.42857142857143","2","1.1160714285714286","0","175","2022-05-11T02:37:00.000Z","1652236620",
"2551","22b77d7829c68dcd","E2:1F:7B:35:CC:08","69.71428571428571","3","1.1160714285714286","0","175","2022-05-11T02:38:00.000Z","1652236680",
"2551","22b77d7829c68dcd","E2:1F:7B:35:CC:08","56","1","1.0416666666666667","0","175","2022-05-11T02:39:00.000Z","1652236740",
"2551","22b77d7829c68dcd","E2:1F:7B:35:CC:08","49.142857142857146","2","1.0416666666666667","0","175","2022-05-11T02:40:00.000Z","1652236800",
"2551","22b77d7829c68dcd","E2:1F:7B:35:CC:08","51.42857142857143","2","1.0416666666666667","0","175","2022-05-11T02:41:00.000Z","1652236860",
"2551","22b77d7829c68dcd","E2:1F:7B:35:CC:08","68.57142857142857","4","1.2019230769230769","0","175","2022-05-11T02:42:00.000Z","1652236920",
"2551","22b77d7829c68dcd","E2:1F:7B:35:CC:08","99.42857142857143","4","1.3020833333333333","0","175","2022-05-11T02:43:00.000Z","1652236980",
"2551","22b77d7829c68dcd","E2:1F:7B:35:CC:08","100","6","1.3020833333333333","0","175","2022-05-11T02:44:00.000Z","1652237040",
"2551","22b77d7829c68dcd","E2:1F:7B:35:CC:08","100","6","1.4204545454545454","0","175","2022-05-11T02:45:00.000Z","1652237100",
"2551","22b77d7829c68dcd","E2:1F:7B:35:CC:08","100","4","1.4204545454545454","0","175","2022-05-11T02:46:00.000Z","1652237160",
"2551","22b77d7829c68dcd","E2:1F:7B:35:CC:08","90.28571428571429","5","1.4204545454545454","0","175","2022-05-11T02:47:00.000Z","1652237220",
"2551","22b77d7829c68dcd","E2:1F:7B:35:CC:08","97.14285714285714","6","1.4204545454545454","0","175","2022-05-11T02:48:00.000Z","1652237280",
"2551","22b77d7829c68dcd","E2:1F:7B:35:CC:08","96","2","1.3020833333333333","0","175","2022-05-11T02:49:00.000Z","1652237340",
"2551","22b77d7829c68dcd","E2:1F:7B:35:CC:08","92.57142857142857","9","1.5625","0","175","2022-05-11T02:50:00.000Z","1652237400",
"2551","22b77d7829c68dcd","E2:1F:7B:35:CC:08","100","5","1.5625","0","175","2022-05-11T02:51:00.000Z","1652237460",
"2551","22b77d7829c68dcd","E2:1F:7B:35:CC:08","100","7","1.5625","0","175","2022-05-11T02:52:00.000Z","1652237520",
"2551","22b77d7829c68dcd","E2:1F:7B:35:CC:08","100","4","1.5625","0","175","2022-05-11T02:53:00.000Z","1652237580",
"2551","22b77d7829c68dcd","E2:1F:7B:35:CC:08","100","7","1.5625","0","175","2022-05-11T02:54:00.000Z","1652237640",
"2551","22b77d7829c68dcd","E2:1F:7B:35:CC:08","100","7","1.5625","0","175","2022-05-11T02:55:00.000Z","1652237700",
"2551","22b77d7829c68dcd","E2:1F:7B:35:CC:08","100","5","1.7361111111111112","0","175","2022-05-11T02:56:00.000Z","1652237760",
"2551","22b77d7829c68dcd","E2:1F:7B:35:CC:08","100","6","1.7361111111111112","0","175","2022-05-11T02:57:00.000Z","1652237820",
"2551","22b77d7829c68dcd","E2:1F:7B:35:CC:08","100","6","1.7361111111111112","0","175","2022-05-11T02:58:00.000Z","1652237880",
"2551","22b77d7829c68dcd","E2:1F:7B:35:CC:08","100","4","1.5625","0","175","2022-05-11T02:59:00.000Z","1652237940",
"2551","22b77d7829c68dcd","E2:1F:7B:35:CC:08","96","6","1.5625","0","175","2022-05-11T03:00:00.000Z","1652238000",
"2551","22b77d7829c68dcd","E2:1F:7B:35:CC:08","100","5","1.5625","0","175","2022-05-11T03:01:00.000Z","1652238060",
"2551","22b77d7829c68dcd","E2:1F:7B:35:CC:08","100","5","1.7361111111111112","0","175","2022-05-11T03:02:00.000Z","1652238120",
"2551","22b77d7829c68dcd","E2:1F:7B:35:CC:08","100","5","1.5625","0","175","2022-05-11T03:03:00.000Z","1652238180",
"2551","22b77d7829c68dcd","E2:1F:7B:35:CC:08","93.71428571428571","7","1.5625","0","175","2022-05-11T03:04:00.000Z","1652238240",
"2551","22b77d7829c68dcd","E2:1F:7B:35:CC:08","100","8","1.953125","0","175","2022-05-11T03:05:00.000Z","1652238300",
"2551","22b77d7829c68dcd","E2:1F:7B:35:CC:08","100","7","1.7361111111111112","0","175","2022-05-11T03:06:00.000Z","1652238360",
"2551","22b77d7829c68dcd","E2:1F:7B:35:CC:08","100","7","1.7361111111111112","0","175","2022-05-11T03:07:00.000Z","1652238420",
"2551","22b77d7829c68dcd","E2:1F:7B:35:CC:08","88","2","1.1160714285714286","1","175","2022-05-11T03:08:00.000Z","1652238480",
"2551","22b77d7829c68dcd","E2:1F:7B:35:CC:08","66.28571428571429","5","1.1160714285714286","0","175","2022-05-11T03:09:00.000Z","1652238540",
"2551","22b77d7829c68dcd","E2:1F:7B:35:CC:08","50.285714285714285","1","1.1160714285714286","0","175","2022-05-11T03:10:00.000Z","1652238600",
"2551","22b77d7829c68dcd","E2:1F:7B:35:CC:08","45.714285714285715","4","1.1160714285714286","0","175","2022-05-11T03:11:00.000Z","1652238660",
"2551","22b77d7829c68dcd","E2:1F:7B:35:CC:08","51.42857142857143","3","1.2019230769230769","0","175","2022-05-11T03:12:00.000Z","1652238720",
"2551","22b77d7829c68dcd","E2:1F:7B:35:CC:08","51.42857142857143","5","1.2019230769230769","0","175","2022-05-11T03:13:00.000Z","1652238780",
"2551","22b77d7829c68dcd","E2:1F:7B:35:CC:08","40","1","1.1160714285714286","0","175","2022-05-11T03:14:00.000Z","1652238840",
"2551","22b77d7829c68dcd","E2:1F:7B:35:CC:08","28.571428571428573","0","1.0416666666666667","0","175","2022-05-11T03:15:00.000Z","1652238900",
"2551","22b77d7829c68dcd","E2:1F:7B:35:CC:08","36.57142857142857","2","0.9765625","1","175","2022-05-11T03:16:00.000Z","1652238960",
"2551","22b77d7829c68dcd","E2:1F:7B:35:CC:08","65.14285714285714","2","1.1160714285714286","0","175","2022-05-11T03:17:00.000Z","1652239020",
"2551","22b77d7829c68dcd","E2:1F:7B:35:CC:08","49.142857142857146","1","0.9765625","0","175","2022-05-11T03:18:00.000Z","1652239080",
"2551","22b77d7829c68dcd","E2:1F:7B:35:CC:08","38.857142857142854","0","0.9191176470588235","0","175","2022-05-11T03:19:00.000Z","1652239140",
"2551","22b77d7829c68dcd","E2:1F:7B:35:CC:08","42.285714285714285","0","0.9191176470588235","0","175","2022-05-11T03:20:00.000Z","1652239200",
"2551","22b77d7829c68dcd","E2:1F:7B:35:CC:08","30.857142857142858","0","0.8680555555555556","0","175","2022-05-11T03:21:00.000Z","1652239260",
"2551","22b77d7829c68dcd","E2:1F:7B:35:CC:08","26.285714285714285","0","0.8223684210526315","0","175","2022-05-11T03:22:00.000Z","1652239320",
"2551","22b77d7829c68dcd","E2:1F:7B:35:CC:08","16","0","0.8223684210526315","0","175","2022-05-11T03:23:00.000Z","1652239380",
"2551","22b77d7829c68dcd","E2:1F:7B:35:CC:08","12.571428571428571","0","0.8223684210526315","0","175","2022-05-11T03:24:00.000Z","1652239440",
"2551","22b77d7829c68dcd","E2:1F:7B:35:CC:08","11.428571428571429","0","0.78125","0","175","2022-05-11T03:25:00.000Z","1652239500",
"2551","22b77d7829c68dcd","E2:1F:7B:35:CC:08","10.285714285714286","0","0.78125","0","175","2022-05-11T03:26:00.000Z","1652239560",
"2551","22b77d7829c68dcd","E2:1F:7B:35:CC:08","9.142857142857142","0","0.7440476190476191","0","175","2022-05-11T03:27:00.000Z","1652239620",
"2551","22b77d7829c68dcd","E2:1F:7B:35:CC:08","8","0","0.7440476190476191","0","175","2022-05-11T03:28:00.000Z","1652239680",
"2551","22b77d7829c68dcd","E2:1F:7B:35:CC:08","20.571428571428573","2","0.6510416666666666","0","175","2022-05-11T03:29:00.000Z","1652239740",
"2551","22b77d7829c68dcd","E2:1F:7B:35:CC:08","14.857142857142858","0","0.6793478260869565","0","175","2022-05-11T03:30:00.000Z","1652239800",
"2551","22b77d7829c68dcd","E2:1F:7B:35:CC:08","10.285714285714286","0","0.7102272727272727","0","175","2022-05-11T03:31:00.000Z","1652239860",
"2551","22b77d7829c68dcd","E2:1F:7B:35:CC:08","11.428571428571429","0","0.7440476190476191","0","175","2022-05-11T03:32:00.000Z","1652239920",
"2551","22b77d7829c68dcd","E2:1F:7B:35:CC:08","18.285714285714285","3","0.78125","0","175","2022-05-11T03:33:00.000Z","1652239980",
"2551","22b77d7829c68dcd","E2:1F:7B:35:CC:08","21.714285714285715","2","0.8223684210526315","0","175","2022-05-11T03:34:00.000Z","1652240040",
"2551","22b77d7829c68dcd","E2:1F:7B:35:CC:08","25.142857142857142","4","0.625","1","175","2022-05-11T03:35:00.000Z","1652240100",
"2551","22b77d7829c68dcd","E2:1F:7B:35:CC:08","26.285714285714285","3","0.7102272727272727","0","175","2022-05-11T03:36:00.000Z","1652240160",
"2551","22b77d7829c68dcd","E2:1F:7B:35:CC:08","25.142857142857142","1","0.7102272727272727","0","175","2022-05-11T03:37:00.000Z","1652240220",
"2551","22b77d7829c68dcd","E2:1F:7B:35:CC:08","26.285714285714285","2","0.7102272727272727","0","175","2022-05-11T03:38:00.000Z","1652240280",
"2551","22b77d7829c68dcd","E2:1F:7B:35:CC:08","20.571428571428573","0","0.6793478260869565","0","175","2022-05-11T03:39:00.000Z","1652240340",
"2551","22b77d7829c68dcd","E2:1F:7B:35:CC:08","22.857142857142858","2","0.7440476190476191","0","175","2022-05-11T03:40:00.000Z","1652240400",
"2551","22b77d7829c68dcd","E2:1F:7B:35:CC:08","18.285714285714285","0","0.7102272727272727","0","175","2022-05-11T03:41:00.000Z","1652240460",
"2551","22b77d7829c68dcd","E2:1F:7B:35:CC:08","12.571428571428571","0","0.7102272727272727","0","175","2022-05-11T03:42:00.000Z","1652240520",
"2551","22b77d7829c68dcd","E2:1F:7B:35:CC:08","17.142857142857142","1","0.78125","1","175","2022-05-11T03:43:00.000Z","1652240580",
"2551","22b77d7829c68dcd","E2:1F:7B:35:CC:08","10.285714285714286","0","0.8223684210526315","0","175","2022-05-11T03:44:00.000Z","1652240640",
"2551","22b77d7829c68dcd","E2:1F:7B:35:CC:08","5.714285714285714","0","0.8223684210526315","0","175","2022-05-11T03:45:00.000Z","1652240700",
"2551","22b77d7829c68dcd","E2:1F:7B:35:CC:08","8","0","0.8680555555555556","0","175","2022-05-11T03:46:00.000Z","1652240760",
"2551","22b77d7829c68dcd","E2:1F:7B:35:CC:08","11.428571428571429","1","0.9191176470588235","0","175","2022-05-11T03:47:00.000Z","1652240820",
"2551","22b77d7829c68dcd","E2:1F:7B:35:CC:08","9.142857142857142","0","0.9191176470588235","0","175","2022-05-11T03:48:00.000Z","1652240880",
"2551","22b77d7829c68dcd","E2:1F:7B:35:CC:08","12.571428571428571","0","0.9191176470588235","0","175","2022-05-11T03:49:00.000Z","1652240940",
"2551","22b77d7829c68dcd","E2:1F:7B:35:CC:08","12.571428571428571","0","0.9765625","0","175","2022-05-11T03:50:00.000Z","1652241000",
"2551","22b77d7829c68dcd","E2:1F:7B:35:CC:08","12.571428571428571","1","0.9765625","0","175","2022-05-11T03:51:00.000Z","1652241060",
"2551","22b77d7829c68dcd","E2:1F:7B:35:CC:08","12.571428571428571","2","0.9765625","0","175","2022-05-11T03:52:00.000Z","1652241120",
"2551","22b77d7829c68dcd","E2:1F:7B:35:CC:08","17.142857142857142","0","0.9765625","0","175","2022-05-11T03:53:00.000Z","1652241180",
"2551","22b77d7829c68dcd","E2:1F:7B:35:CC:08","13.714285714285714","0","0.9765625","0","175","2022-05-11T03:54:00.000Z","1652241240",
"2551","22b77d7829c68dcd","E2:1F:7B:35:CC:08","16","3","1.0416666666666667","0","175","2022-05-11T03:55:00.000Z","1652241300",
"2551","22b77d7829c68dcd","E2:1F:7B:35:CC:08","22.857142857142858","3","1.0416666666666667","0","175","2022-05-11T03:56:00.000Z","1652241360",
"2551","22b77d7829c68dcd","E2:1F:7B:35:CC:08","20.571428571428573","0","1.0416666666666667","0","175","2022-05-11T03:57:00.000Z","1652241420",
"2551","22b77d7829c68dcd","E2:1F:7B:35:CC:08","14.857142857142858","0","1.0416666666666667","0","175","2022-05-11T03:58:00.000Z","1652241480",
"2551","22b77d7829c68dcd","E2:1F:7B:35:CC:08","13.714285714285714","0","1.0416666666666667","0","175","2022-05-11T03:59:00.000Z","1652241540",
"2551","22b77d7829c68dcd","E2:1F:7B:35:CC:08","14.857142857142858","0","1.0416666666666667","0","175","2022-05-11T04:00:00.000Z","1652241600",
"2551","22b77d7829c68dcd","E2:1F:7B:35:CC:08","14.857142857142858","1","1.1160714285714286","0","175","2022-05-11T04:01:00.000Z","1652241660",
"2551","22b77d7829c68dcd","E2:1F:7B:35:CC:08","26.285714285714285","2","1.2019230769230769","0","175","2022-05-11T04:02:00.000Z","1652241720",
"2551","22b77d7829c68dcd","E2:1F:7B:35:CC:08","33.142857142857146","3","1.2019230769230769","0","175","2022-05-11T04:03:00.000Z","1652241780",
"2551","22b77d7829c68dcd","E2:1F:7B:35:CC:08","37.714285714285715","2","1.2019230769230769","0","175","2022-05-11T04:04:00.000Z","1652241840",
"2551","22b77d7829c68dcd","E2:1F:7B:35:CC:08","43.42857142857143","5","0.9191176470588235","0","175","2022-05-11T04:05:00.000Z","1652241900",
"2551","22b77d7829c68dcd","E2:1F:7B:35:CC:08","26.285714285714285","1","0.9191176470588235","0","175","2022-05-11T04:06:00.000Z","1652241960",
"2551","22b77d7829c68dcd","E2:1F:7B:35:CC:08","20.571428571428573","0","0.9191176470588235","0","175","2022-05-11T04:07:00.000Z","1652242020",
"2551","22b77d7829c68dcd","E2:1F:7B:35:CC:08","20.571428571428573","1","0.8680555555555556","0","175","2022-05-11T04:08:00.000Z","1652242080",
"2551","22b77d7829c68dcd","E2:1F:7B:35:CC:08","19.428571428571427","0","0.8680555555555556","0","175","2022-05-11T04:09:00.000Z","1652242140",
"2551","22b77d7829c68dcd","E2:1F:7B:35:CC:08","17.142857142857142","1","0.8680555555555556","0","175","2022-05-11T04:10:00.000Z","1652242200",
"2551","22b77d7829c68dcd","E2:1F:7B:35:CC:08","16","0","0.8223684210526315","0","175","2022-05-11T04:11:00.000Z","1652242260",
"2551","22b77d7829c68dcd","E2:1F:7B:35:CC:08","13.714285714285714","0","0.8223684210526315","0","175","2022-05-11T04:12:00.000Z","1652242320",
"2551","22b77d7829c68dcd","E2:1F:7B:35:CC:08","12.571428571428571","0","0.8223684210526315","0","175","2022-05-11T04:13:00.000Z","1652242380",
"2551","22b77d7829c68dcd","E2:1F:7B:35:CC:08","9.142857142857142","0","0.78125","0","175","2022-05-11T04:14:00.000Z","1652242440",
"2551","22b77d7829c68dcd","E2:1F:7B:35:CC:08","8","0","0.8223684210526315","0","175","2022-05-11T04:15:00.000Z","1652242500",
"2551","22b77d7829c68dcd","E2:1F:7B:35:CC:08","9.142857142857142","0","0.78125","0","175","2022-05-11T04:16:00.000Z","1652242560",
"2551","22b77d7829c68dcd","E2:1F:7B:35:CC:08","9.142857142857142","0","0.78125","0","175","2022-05-11T04:17:00.000Z","1652242620",
"2551","22b77d7829c68dcd","E2:1F:7B:35:CC:08","9.142857142857142","0","0.78125","0","175","2022-05-11T04:18:00.000Z","1652242680",
"2551","22b77d7829c68dcd","E2:1F:7B:35:CC:08","6.857142857142857","0","0.5580357142857143","0","175","2022-05-11T04:19:00.000Z","1652242740",
"2551","22b77d7829c68dcd","E2:1F:7B:35:CC:08","24","4","0.5580357142857143","1","175","2022-05-11T04:20:00.000Z","1652242800",
"2551","22b77d7829c68dcd","E2:1F:7B:35:CC:08","34.285714285714285","0","0.625","0","175","2022-05-11T04:21:00.000Z","1652242860",
"2551","22b77d7829c68dcd","E2:1F:7B:35:CC:08","11.428571428571429","0","0.6510416666666666","0","175","2022-05-11T04:22:00.000Z","1652242920",
"2551","22b77d7829c68dcd","E2:1F:7B:35:CC:08","6.857142857142857","0","0.6510416666666666","0","175","2022-05-11T04:23:00.000Z","1652242980",
"2551","22b77d7829c68dcd","E2:1F:7B:35:CC:08","5.714285714285714","0","0.6510416666666666","0","175","2022-05-11T04:24:00.000Z","1652243040",
"2551","22b77d7829c68dcd","E2:1F:7B:35:CC:08","4.571428571428571","0","0.4734848484848485","0","175","2022-05-11T04:25:00.000Z","1652243100",
"2551","22b77d7829c68dcd","E2:1F:7B:35:CC:08","9.142857142857142","0","0.48828125","0","175","2022-05-11T04:26:00.000Z","1652243160",
"2551","22b77d7829c68dcd","E2:1F:7B:35:CC:08","40","5","0.37202380952380953","2","175","2022-05-11T04:27:00.000Z","1652243220",
"2551","22b77d7829c68dcd","E2:1F:7B:35:CC:08","60.22727272727273","5","0.37202380952380953","1","176","2022-05-11T04:30:00.000Z","1652243400",
"2551","22b77d7829c68dcd","E2:1F:7B:35:CC:08","79.54545454545455","9","0.15318627450980393","4","176","2022-05-11T04:46:00.000Z","1652244360",
"2551","22b77d7829c68dcd","E2:1F:7B:35:CC:08","85.22727272727273","5","0.175561797752809","4","176","2022-05-11T04:47:00.000Z","1652244420",
"2551","22b77d7829c68dcd","E2:1F:7B:35:CC:08","86.36363636363636","12","0.26939655172413796","21","176","2022-05-11T04:48:00.000Z","1652244480",
"2551","22b77d7829c68dcd","E2:1F:7B:35:CC:08","86.36363636363636","0","0.22007042253521128","15","176","2022-05-11T04:49:00.000Z","1652244540",
"2551","22b77d7829c68dcd","E2:1F:7B:35:CC:08","85.22727272727273","6","0.1474056603773585","22","176","2022-05-11T04:50:00.000Z","1652244600",
"2551","22b77d7829c68dcd","E2:1F:7B:35:CC:08","82.95454545454545","0","0.17959770114942528","8","176","2022-05-11T04:51:00.000Z","1652244660",
"2551","22b77d7829c68dcd","E2:1F:7B:35:CC:08","79.54545454545455","5","0.08928571428571429","16","176","2022-05-11T04:52:00.000Z","1652244720",
"2551","22b77d7829c68dcd","E2:1F:7B:35:CC:08","78.4090909090909","0","0.16801075268817203","16","176","2022-05-11T04:53:00.000Z","1652244780",
"2551","22b77d7829c68dcd","E2:1F:7B:35:CC:08","71.5909090909091","0","0.143348623853211","5","176","2022-05-11T04:54:00.000Z","1652244840",
"2551","22b77d7829c68dcd","E2:1F:7B:35:CC:08","75","12","0.09827044025157233","2","176","2022-05-11T04:55:00.000Z","1652244900",
"2551","22b77d7829c68dcd","E2:1F:7B:35:CC:08","80.68181818181819","7","0.09645061728395062","12","176","2022-05-11T04:56:00.000Z","1652244960",
"2551","22b77d7829c68dcd","E2:1F:7B:35:CC:08","76.13636363636364","6","0.12112403100775193","0","176","2022-05-11T04:57:00.000Z","1652245020",
"2551","22b77d7829c68dcd","E2:1F:7B:35:CC:08","82.95454545454545","7","0.09412650602409639","0","176","2022-05-11T04:58:00.000Z","1652245080",
"2551","22b77d7829c68dcd","E2:1F:7B:35:CC:08","72.72727272727273","12","0.1166044776119403","0","176","2022-05-11T04:59:00.000Z","1652245140",
"2551","22b77d7829c68dcd","E2:1F:7B:35:CC:08","56.81818181818182","0","0.12600806451612903","14","176","2022-05-11T05:02:00.000Z","1652245320",
"2551","22b77d7829c68dcd","E2:1F:7B:35:CC:08","47.72727272727273","3","0.08632596685082873","11","176","2022-05-11T05:05:00.000Z","1652245500",
"2551","22b77d7829c68dcd","E2:1F:7B:35:CC:08","40.90909090909091","3","0.07267441860465117","29","176","2022-05-11T05:07:00.000Z","1652245620",
"2551","22b77d7829c68dcd","E2:1F:7B:35:CC:08","48.86363636363637","9","0.09245562130177515","1","176","2022-05-11T05:17:00.000Z","1652246220",
"2551","22b77d7829c68dcd","E2:1F:7B:35:CC:08","59.09090909090909","10","0.08538251366120218","0","176","2022-05-11T05:18:00.000Z","1652246280",
"2551","22b77d7829c68dcd","E2:1F:7B:35:CC:08","57.95454545454545","0","0.08979885057471264","5","176","2022-05-11T05:19:00.000Z","1652246340",
"2551","22b77d7829c68dcd","E2:1F:7B:35:CC:08","59.09090909090909","6","0.11405109489051095","30","176","2022-05-11T05:20:00.000Z","1652246400",
"2551","22b77d7829c68dcd","E2:1F:7B:35:CC:08","59.09090909090909","6","0.11003521126760564","14","176","2022-05-11T05:21:00.000Z","1652246460",
"2551","22b77d7829c68dcd","E2:1F:7B:35:CC:08","56.49717514124294","5","0.09412650602409639","0","177","2022-05-11T05:32:00.000Z","1652247120",
"2551","22b77d7829c68dcd","E2:1F:7B:35:CC:08","71.1864406779661","4","0.062250996015936255","0","177","2022-05-11T05:37:00.000Z","1652247420",
"2551","22b77d7829c68dcd","E2:1F:7B:35:CC:08","50.847457627118644","4","0.12807377049180327","0","177","2022-05-11T05:47:00.000Z","1652248020",
"2551","22b77d7829c68dcd","E2:1F:7B:35:CC:08","51.9774011299435","2","0.13130252100840337","0","177","2022-05-11T05:48:00.000Z","1652248080",
"2551","22b77d7829c68dcd","E2:1F:7B:35:CC:08","88.13559322033899","11","0.12400793650793651","7","177","2022-05-11T05:49:00.000Z","1652248140",
"2551","22b77d7829c68dcd","E2:1F:7B:35:CC:08","81.35593220338983","9","0.08877840909090909","4","177","2022-05-11T05:50:00.000Z","1652248200",
"2551","22b77d7829c68dcd","E2:1F:7B:35:CC:08","72.31638418079096","9","0.10557432432432433","0","177","2022-05-11T05:51:00.000Z","1652248260",
"2551","22b77d7829c68dcd","E2:1F:7B:35:CC:08","64.40677966101696","3","0.09300595238095238","0","177","2022-05-11T05:52:00.000Z","1652248320",
"2551","22b77d7829c68dcd","E2:1F:7B:35:CC:08","61.016949152542374","7","0.06706008583690987","2","177","2022-05-11T05:53:00.000Z","1652248380",
"2551","22b77d7829c68dcd","E2:1F:7B:35:CC:08","82.48587570621469","8","0.10486577181208054","0","177","2022-05-11T05:54:00.000Z","1652248440",
"2551","22b77d7829c68dcd","E2:1F:7B:35:CC:08","68.92655367231639","9","0.1201923076923077","4","177","2022-05-11T05:55:00.000Z","1652248500",
"2551","22b77d7829c68dcd","E2:1F:7B:35:CC:08","88.13559322033899","8","0.12703252032520326","1","177","2022-05-11T05:56:00.000Z","1652248560",
"2551","22b77d7829c68dcd","E2:1F:7B:35:CC:08","57.6271186440678","4","0.15318627450980393","5","177","2022-05-11T05:57:00.000Z","1652248620",
"2551","22b77d7829c68dcd","E2:1F:7B:35:CC:08","44.067796610169495","1","0.16801075268817203","0","177","2022-05-11T05:58:00.000Z","1652248680",
"2551","22b77d7829c68dcd","E2:1F:7B:35:CC:08","37.28813559322034","1","0.175561797752809","0","177","2022-05-11T05:59:00.000Z","1652248740",
"2551","22b77d7829c68dcd","E2:1F:7B:35:CC:08","31.638418079096045","2","0.13020833333333334","1","177","2022-05-11T06:00:00.000Z","1652248800",
"2551","22b77d7829c68dcd","E2:1F:7B:35:CC:08","62.14689265536723","5","0.08877840909090909","4","177","2022-05-11T06:01:00.000Z","1652248860",
"2551","22b77d7829c68dcd","E2:1F:7B:35:CC:08","56.81818181818182","3","0.10016025641025642","0","176","2022-05-11T06:14:00.000Z","1652249640",
"2551","22b77d7829c68dcd","E2:1F:7B:35:CC:08","59.09090909090909","3","0.11241007194244604","0","176","2022-05-11T06:15:00.000Z","1652249700",
"2551","22b77d7829c68dcd","E2:1F:7B:35:CC:08","35.22727272727273","0","0.1201923076923077","0","176","2022-05-11T06:16:00.000Z","1652249760",
"2551","22b77d7829c68dcd","E2:1F:7B:35:CC:08","17.045454545454547","0","0.10212418300653595","0","176","2022-05-11T06:17:00.000Z","1652249820",
"2551","22b77d7829c68dcd","E2:1F:7B:35:CC:08","17.045454545454547","1","0.10279605263157894","0","176","2022-05-11T06:18:00.000Z","1652249880",
"2551","22b77d7829c68dcd","E2:1F:7B:35:CC:08","18.181818181818183","0","0.10416666666666667","0","176","2022-05-11T06:19:00.000Z","1652249940",
"2551","22b77d7829c68dcd","E2:1F:7B:35:CC:08","12.5","0","0.10557432432432433","0","176","2022-05-11T06:20:00.000Z","1652250000",
"2551","22b77d7829c68dcd","E2:1F:7B:35:CC:08","22.727272727272727","1","0.07891414141414141","0","176","2022-05-11T06:21:00.000Z","1652250060",
"2551","22b77d7829c68dcd","E2:1F:7B:35:CC:08","44.31818181818182","8","0.07773631840796019","0","176","2022-05-11T06:23:00.000Z","1652250180",
"2551","22b77d7829c68dcd","E2:1F:7B:35:CC:08","46.59090909090909","4","0.09137426900584796","0","176","2022-05-11T06:24:00.000Z","1652250240",
"2551","22b77d7829c68dcd","E2:1F:7B:35:CC:08","40.90909090909091","0","0.11003521126760564","0","176","2022-05-11T06:27:00.000Z","1652250420",
"2551","22b77d7829c68dcd","E2:1F:7B:35:CC:08","50","8","0.10629251700680271","4","176","2022-05-11T06:28:00.000Z","1652250480",
"2551","22b77d7829c68dcd","E2:1F:7B:35:CC:08","52.27272727272727","9","0.10775862068965517","1","176","2022-05-11T06:29:00.000Z","1652250540",
"2551","22b77d7829c68dcd","E2:1F:7B:35:CC:08","45.45454545454545","6","0.13706140350877194","8","176","2022-05-11T06:33:00.000Z","1652250780",
"2551","22b77d7829c68dcd","E2:1F:7B:35:CC:08","42.04545454545455","3","0.08928571428571429","30","176","2022-05-11T06:34:00.000Z","1652250840",
"2551","22b77d7829c68dcd","E2:1F:7B:35:CC:08","38.63636363636363","7","0.09527439024390244","9","176","2022-05-11T06:42:00.000Z","1652251320",
"2551","22b77d7829c68dcd","E2:1F:7B:35:CC:08","35.22727272727273","3","0.10212418300653595","12","176","2022-05-11T06:43:00.000Z","1652251380",
"2551","22b77d7829c68dcd","E2:1F:7B:35:CC:08","40.90909090909091","7","0.09356287425149701","15","176","2022-05-11T06:44:00.000Z","1652251440",
"2551","22b77d7829c68dcd","E2:1F:7B:35:CC:08","65.53672316384181","0","0.07070135746606335","1","177","2022-05-11T06:56:00.000Z","1652252160",
"2551","22b77d7829c68dcd","E2:1F:7B:35:CC:08","77.96610169491525","9","0.18382352941176472","5","177","2022-05-11T07:01:00.000Z","1652252460",
"2551","22b77d7829c68dcd","E2:1F:7B:35:CC:08","75.70621468926554","0","0.0751201923076923","12","177","2022-05-11T07:02:00.000Z","1652252520",
"2551","22b77d7829c68dcd","E2:1F:7B:35:CC:08","77.96610169491525","9","0.5387931034482759","0","177","2022-05-11T07:03:00.000Z","1652252580",
"2551","22b77d7829c68dcd","E2:1F:7B:35:CC:08","81.35593220338983","0","0.22007042253521128","1","177","2022-05-11T07:04:00.000Z","1652252640",
"2551","22b77d7829c68dcd","E2:1F:7B:35:CC:08","83.61581920903954","0","0.20833333333333334","7","177","2022-05-11T07:05:00.000Z","1652252700",
"2551","22b77d7829c68dcd","E2:1F:7B:35:CC:08","83.61581920903954","0","0.13706140350877194","5","177","2022-05-11T07:06:00.000Z","1652252760",
"2551","22b77d7829c68dcd","E2:1F:7B:35:CC:08","84.7457627118644","0","0.15625","5","177","2022-05-11T07:07:00.000Z","1652252820",
"2551","22b77d7829c68dcd","E2:1F:7B:35:CC:08","84.7457627118644","0","0.4734848484848485","1","177","2022-05-11T07:08:00.000Z","1652252880",
"2551","22b77d7829c68dcd","E2:1F:7B:35:CC:08","84.7457627118644","0","0.20032051282051283","5","177","2022-05-11T07:09:00.000Z","1652252940",
"2551","22b77d7829c68dcd","E2:1F:7B:35:CC:08","85.87570621468926","0","0.45955882352941174","7","177","2022-05-11T07:10:00.000Z","1652253000",
"2551","22b77d7829c68dcd","E2:1F:7B:35:CC:08","84.7457627118644","0","0.17959770114942528","2","177","2022-05-11T07:11:00.000Z","1652253060",
"2551","22b77d7829c68dcd","E2:1F:7B:35:CC:08","84.7457627118644","0","0.28935185185185186","4","177","2022-05-11T07:12:00.000Z","1652253120",
"2551","22b77d7829c68dcd","E2:1F:7B:35:CC:08","91.52542372881356","3","0.22007042253521128","1","177","2022-05-11T07:13:00.000Z","1652253180",
"2551","22b77d7829c68dcd","E2:1F:7B:35:CC:08","100","11","0.20032051282051283","0","177","2022-05-11T07:14:00.000Z","1652253240",
"2551","22b77d7829c68dcd","E2:1F:7B:35:CC:08","100","7","0.4222972972972973","0","177","2022-05-11T07:15:00.000Z","1652253300",
"2551","22b77d7829c68dcd","E2:1F:7B:35:CC:08","100","6","0.8680555555555556","0","177","2022-05-11T07:16:00.000Z","1652253360",
"2551","22b77d7829c68dcd","E2:1F:7B:35:CC:08","100","0","0.6510416666666666","0","177","2022-05-11T07:17:00.000Z","1652253420",
"2551","22b77d7829c68dcd","E2:1F:7B:35:CC:08","100","5","0.48828125","2","177","2022-05-11T07:18:00.000Z","1652253480",
"2551","22b77d7829c68dcd","E2:1F:7B:35:CC:08","100","0","0.09952229299363058","7","177","2022-05-11T07:19:00.000Z","1652253540",
"2551","22b77d7829c68dcd","E2:1F:7B:35:CC:08","100","0","0.08585164835164835","1","177","2022-05-11T07:21:00.000Z","1652253660",
"2551","22b77d7829c68dcd","E2:1F:7B:35:CC:08","100","5","0.13130252100840337","9","177","2022-05-11T07:22:00.000Z","1652253720",
"2551","22b77d7829c68dcd","E2:1F:7B:35:CC:08","100","7","0.25614754098360654","2","177","2022-05-11T07:26:00.000Z","1652253960",
"2551","22b77d7829c68dcd","E2:1F:7B:35:CC:08","100","6","0.16276041666666666","4","177","2022-05-11T07:28:00.000Z","1652254080",
"2551","22b77d7829c68dcd","E2:1F:7B:35:CC:08","100","8","0.17959770114942528","1","177","2022-05-11T07:29:00.000Z","1652254140",
"2551","22b77d7829c68dcd","E2:1F:7B:35:CC:08","100","0","0.2604166666666667","0","177","2022-05-11T07:31:00.000Z","1652254260",
"2551","22b77d7829c68dcd","E2:1F:7B:35:CC:08","100","0","0.5787037037037037","4","177","2022-05-11T07:32:00.000Z","1652254320",
"2551","22b77d7829c68dcd","E2:1F:7B:35:CC:08","100","0","0.9765625","2","177","2022-05-11T07:33:00.000Z","1652254380",
"2551","22b77d7829c68dcd","E2:1F:7B:35:CC:08","100","0","0.6510416666666666","11","177","2022-05-11T07:34:00.000Z","1652254440",
"2551","22b77d7829c68dcd","E2:1F:7B:35:CC:08","100","0","0.26939655172413796","11","178","2022-05-11T07:35:00.000Z","1652254500",
"2551","22b77d7829c68dcd","E2:1F:7B:35:CC:08","100","0","0.24801587301587302","1","178","2022-05-11T07:36:00.000Z","1652254560",
"2551","22b77d7829c68dcd","E2:1F:7B:35:CC:08","97.75280898876404","0","0.294811320754717","4","178","2022-05-11T07:37:00.000Z","1652254620",
"2551","22b77d7829c68dcd","E2:1F:7B:35:CC:08","92.13483146067416","0","0.4222972972972973","5","178","2022-05-11T07:38:00.000Z","1652254680",
"2551","22b77d7829c68dcd","E2:1F:7B:35:CC:08","87.64044943820225","11","0.5787037037037037","8","178","2022-05-11T07:39:00.000Z","1652254740",
"2551","22b77d7829c68dcd","E2:1F:7B:35:CC:08","84.26966292134831","0","0.78125","4","178","2022-05-11T07:40:00.000Z","1652254800",
"2551","22b77d7829c68dcd","E2:1F:7B:35:CC:08","84.26966292134831","0","0.20559210526315788","2","178","2022-05-11T07:41:00.000Z","1652254860",
"2551","22b77d7829c68dcd","E2:1F:7B:35:CC:08","84.26966292134831","0","0.16622340425531915","1","178","2022-05-11T07:42:00.000Z","1652254920",
"2551","22b77d7829c68dcd","E2:1F:7B:35:CC:08","82.02247191011236","0","0.40064102564102566","12","178","2022-05-11T07:43:00.000Z","1652254980",
"2551","22b77d7829c68dcd","E2:1F:7B:35:CC:08","80.89887640449439","0","0.3633720930232558","4","178","2022-05-11T07:44:00.000Z","1652255040",
"2551","22b77d7829c68dcd","E2:1F:7B:35:CC:08","80.89887640449439","0","0.2403846153846154","9","178","2022-05-11T07:45:00.000Z","1652255100",
"2551","22b77d7829c68dcd","E2:1F:7B:35:CC:08","80.89887640449439","0","0.625","5","178","2022-05-11T07:46:00.000Z","1652255160",
"2551","22b77d7829c68dcd","E2:1F:7B:35:CC:08","80.89887640449439","0","0.44642857142857145","2","178","2022-05-11T07:47:00.000Z","1652255220",
"2551","22b77d7829c68dcd","E2:1F:7B:35:CC:08","80.89887640449439","0","0.6510416666666666","4","178","2022-05-11T07:48:00.000Z","1652255280",
"2551","22b77d7829c68dcd","E2:1F:7B:35:CC:08","79.7752808988764","0","0.48828125","2","178","2022-05-11T07:49:00.000Z","1652255340",
"2551","22b77d7829c68dcd","E2:1F:7B:35:CC:08","79.7752808988764","0","0.7440476190476191","7","178","2022-05-11T07:50:00.000Z","1652255400",
"2551","22b77d7829c68dcd","E2:1F:7B:35:CC:08","78.65168539325843","0","0.5208333333333334","5","178","2022-05-11T07:51:00.000Z","1652255460",
"2551","22b77d7829c68dcd","E2:1F:7B:35:CC:08","77.52808988764045","0","0.4222972972972973","7","178","2022-05-11T07:52:00.000Z","1652255520",
"2551","22b77d7829c68dcd","E2:1F:7B:35:CC:08","76.40449438202248","0","0.45955882352941174","8","178","2022-05-11T07:53:00.000Z","1652255580",
"2551","22b77d7829c68dcd","E2:1F:7B:35:CC:08","75.28089887640449","0","0.4340277777777778","1","178","2022-05-11T07:54:00.000Z","1652255640",
"2551","22b77d7829c68dcd","E2:1F:7B:35:CC:08","73.03370786516854","0","0.4340277777777778","9","178","2022-05-11T07:55:00.000Z","1652255700",
"2551","22b77d7829c68dcd","E2:1F:7B:35:CC:08","73.03370786516854","0","0.4734848484848485","5","178","2022-05-11T07:56:00.000Z","1652255760",
"2551","22b77d7829c68dcd","E2:1F:7B:35:CC:08","70.78651685393258","0","0.5787037037037037","0","178","2022-05-11T07:57:00.000Z","1652255820",
"2551","22b77d7829c68dcd","E2:1F:7B:35:CC:08","69.66292134831461","0","0.35511363636363635","2","178","2022-05-11T07:58:00.000Z","1652255880",
"2551","22b77d7829c68dcd","E2:1F:7B:35:CC:08","68.53932584269663","0","0.5208333333333334","1","178","2022-05-11T07:59:00.000Z","1652255940",
"2551","22b77d7829c68dcd","E2:1F:7B:35:CC:08","65.1685393258427","10","0.5208333333333334","4","178","2022-05-11T08:00:00.000Z","1652256000",
"2551","22b77d7829c68dcd","E2:1F:7B:35:CC:08","61.79775280898876","4","0.45955882352941174","12","178","2022-05-11T08:01:00.000Z","1652256060",
"2551","22b77d7829c68dcd","E2:1F:7B:35:CC:08","79.7752808988764","4","0.7440476190476191","11","178","2022-05-11T08:02:00.000Z","1652256120",
"2551","22b77d7829c68dcd","E2:1F:7B:35:CC:08","79.7752808988764","0","0.7102272727272727","1","178","2022-05-11T08:03:00.000Z","1652256180",
"2551","22b77d7829c68dcd","E2:1F:7B:35:CC:08","79.7752808988764","8","0.5787037037037037","1","178","2022-05-11T08:04:00.000Z","1652256240",
"2551","22b77d7829c68dcd","E2:1F:7B:35:CC:08","77.52808988764045","4","0.625","9","178","2022-05-11T08:05:00.000Z","1652256300",
"2551","22b77d7829c68dcd","E2:1F:7B:35:CC:08","77.52808988764045","0","0.7102272727272727","11","178","2022-05-11T08:06:00.000Z","1652256360",
"2551","22b77d7829c68dcd","E2:1F:7B:35:CC:08","98.87640449438203","12","0.8680555555555556","11","178","2022-05-11T08:07:00.000Z","1652256420",
"2551","22b77d7829c68dcd","E2:1F:7B:35:CC:08","100","0","0.9191176470588235","5","178","2022-05-11T08:08:00.000Z","1652256480",
"2551","22b77d7829c68dcd","E2:1F:7B:35:CC:08","100","4","0.8680555555555556","9","178","2022-05-11T08:09:00.000Z","1652256540",
"2551","22b77d7829c68dcd","E2:1F:7B:35:CC:08","100","4","0.9191176470588235","15","178","2022-05-11T08:10:00.000Z","1652256600",
"2551","22b77d7829c68dcd","E2:1F:7B:35:CC:08","100","10","0.625","49","178","2022-05-11T08:11:00.000Z","1652256660",
"2551","22b77d7829c68dcd","E2:1F:7B:35:CC:08","93.25842696629213","3","1.0416666666666667","39","178","2022-05-11T08:12:00.000Z","1652256720",
"2551","22b77d7829c68dcd","E2:1F:7B:35:CC:08","92.13483146067416","0","0.6510416666666666","15","178","2022-05-11T08:13:00.000Z","1652256780",
"2551","22b77d7829c68dcd","E2:1F:7B:35:CC:08","91.01123595505618","5","0.625","5","178","2022-05-11T08:15:00.000Z","1652256900",
"2551","22b77d7829c68dcd","E2:1F:7B:35:CC:08","92.13483146067416","8","0.9191176470588235","0","178","2022-05-11T08:16:00.000Z","1652256960",
"2551","22b77d7829c68dcd","E2:1F:7B:35:CC:08","97.20670391061452","1","0.5040322580645161","0","179","2022-05-11T08:17:00.000Z","1652257020",
"2551","22b77d7829c68dcd","E2:1F:7B:35:CC:08","79.32960893854748","7","0.3255208333333333","2","179","2022-05-11T08:18:00.000Z","1652257080",
"2551","22b77d7829c68dcd","E2:1F:7B:35:CC:08","73.74301675977654","2","0.3633720930232558","2","179","2022-05-11T08:19:00.000Z","1652257140",
"2551","22b77d7829c68dcd","E2:1F:7B:35:CC:08","50.279329608938546","0","0.33967391304347827","0","179","2022-05-11T08:20:00.000Z","1652257200",
"2551","22b77d7829c68dcd","E2:1F:7B:35:CC:08","71.50837988826815","6","0.30637254901960786","0","179","2022-05-11T08:21:00.000Z","1652257260",
"2551","22b77d7829c68dcd","E2:1F:7B:35:CC:08","93.85474860335195","8","0.37202380952380953","0","179","2022-05-11T08:22:00.000Z","1652257320",
"2551","22b77d7829c68dcd","E2:1F:7B:35:CC:08","81.11111111111111","4","0.33967391304347827","0","180","2022-05-11T08:24:00.000Z","1652257440",
"2551","22b77d7829c68dcd","E2:1F:7B:35:CC:08","84.44444444444444","5","0.25201612903225806","0","180","2022-05-11T08:25:00.000Z","1652257500",
"2551","22b77d7829c68dcd","E2:1F:7B:35:CC:08","84.44444444444444","7","0.25201612903225806","1","180","2022-05-11T08:26:00.000Z","1652257560",
"2551","22b77d7829c68dcd","E2:1F:7B:35:CC:08","64.44444444444444","6","0.25614754098360654","0","180","2022-05-11T08:27:00.000Z","1652257620",
"2551","22b77d7829c68dcd","E2:1F:7B:35:CC:08","54.44444444444444","6","0.24801587301587302","1","180","2022-05-11T08:28:00.000Z","1652257680",
"2551","22b77d7829c68dcd","E2:1F:7B:35:CC:08","61.111111111111114","8","0.25201612903225806","1","180","2022-05-11T08:29:00.000Z","1652257740",
"2551","22b77d7829c68dcd","E2:1F:7B:35:CC:08","65.55555555555556","2","0.21404109589041095","0","180","2022-05-11T08:30:00.000Z","1652257800",
"2551","22b77d7829c68dcd","E2:1F:7B:35:CC:08","53.333333333333336","7","0.2170138888888889","0","180","2022-05-11T08:31:00.000Z","1652257860",
"2551","22b77d7829c68dcd","E2:1F:7B:35:CC:08","46.666666666666664","4","0.22321428571428573","0","180","2022-05-11T08:32:00.000Z","1652257920",
"2551","22b77d7829c68dcd","E2:1F:7B:35:CC:08","50","7","0.2403846153846154","0","180","2022-05-11T08:33:00.000Z","1652257980",
"2551","22b77d7829c68dcd","E2:1F:7B:35:CC:08","75.55555555555556","6","0.20833333333333334","1","180","2022-05-11T08:34:00.000Z","1652258040",
"2551","22b77d7829c68dcd","E2:1F:7B:35:CC:08","86.66666666666667","9","0.18601190476190477","0","180","2022-05-11T08:35:00.000Z","1652258100",
"2551","22b77d7829c68dcd","E2:1F:7B:35:CC:08","68.88888888888889","1","0.18601190476190477","0","180","2022-05-11T08:36:00.000Z","1652258160",
"2551","22b77d7829c68dcd","E2:1F:7B:35:CC:08","46.666666666666664","4","0.19290123456790123","0","180","2022-05-11T08:37:00.000Z","1652258220",
"2551","22b77d7829c68dcd","E2:1F:7B:35:CC:08","56.666666666666664","4","0.20292207792207792","2","180","2022-05-11T08:38:00.000Z","1652258280",
"2551","22b77d7829c68dcd","E2:1F:7B:35:CC:08","66.66666666666667","5","0.3125","1","180","2022-05-11T08:39:00.000Z","1652258340",
"2551","22b77d7829c68dcd","E2:1F:7B:35:CC:08","91.71270718232044","3","0.1201923076923077","0","181","2022-05-11T08:41:00.000Z","1652258460",
"2551","22b77d7829c68dcd","E2:1F:7B:35:CC:08","79.55801104972376","6","0.1502403846153846","0","181","2022-05-11T08:42:00.000Z","1652258520",
"2551","22b77d7829c68dcd","E2:1F:7B:35:CC:08","56.353591160220994","8","0.1174812030075188","0","181","2022-05-11T08:43:00.000Z","1652258580",
"2551","22b77d7829c68dcd","E2:1F:7B:35:CC:08","59.668508287292816","9","0.08928571428571429","0","181","2022-05-11T08:44:00.000Z","1652258640",
"2551","22b77d7829c68dcd","E2:1F:7B:35:CC:08","87.29281767955801","5","0.10212418300653595","1","181","2022-05-11T08:45:00.000Z","1652258700",
"2551","22b77d7829c68dcd","E2:1F:7B:35:CC:08","100","7","0.125","0","181","2022-05-11T08:46:00.000Z","1652258760",
"2551","22b77d7829c68dcd","E2:1F:7B:35:CC:08","90.60773480662984","8","0.16622340425531915","0","181","2022-05-11T08:48:00.000Z","1652258880",
"2551","22b77d7829c68dcd","E2:1F:7B:35:CC:08","87.29281767955801","9","0.09084302325581395","1","181","2022-05-11T08:49:00.000Z","1652258940",
"2551","22b77d7829c68dcd","E2:1F:7B:35:CC:08","77.34806629834254","10","0.17755681818181818","0","181","2022-05-11T08:50:00.000Z","1652259000",
"2551","22b77d7829c68dcd","E2:1F:7B:35:CC:08","67.40331491712708","2","0.10702054794520548","0","181","2022-05-11T08:51:00.000Z","1652259060",
"2551","22b77d7829c68dcd","E2:1F:7B:35:CC:08","77.34806629834254","9","0.11927480916030535","0","181","2022-05-11T08:52:00.000Z","1652259120",
"2551","22b77d7829c68dcd","E2:1F:7B:35:CC:08","76.24309392265194","4","0.15169902912621358","1","181","2022-05-11T08:53:00.000Z","1652259180",
"2551","22b77d7829c68dcd","E2:1F:7B:35:CC:08","85.0828729281768","7","0.10850694444444445","0","181","2022-05-11T08:54:00.000Z","1652259240",
"2551","22b77d7829c68dcd","E2:1F:7B:35:CC:08","43.0939226519337","1","0.11488970588235294","0","181","2022-05-11T08:55:00.000Z","1652259300",
"2551","22b77d7829c68dcd","E2:1F:7B:35:CC:08","23.204419889502763","1","0.10850694444444445","0","181","2022-05-11T08:56:00.000Z","1652259360",
"2551","22b77d7829c68dcd","E2:1F:7B:35:CC:08","36.46408839779006","10","0.125","0","181","2022-05-11T08:57:00.000Z","1652259420",
"2551","22b77d7829c68dcd","E2:1F:7B:35:CC:08","46.408839779005525","10","0.11488970588235294","2","181","2022-05-11T08:58:00.000Z","1652259480",
"2551","22b77d7829c68dcd","E2:1F:7B:35:CC:08","66.29834254143647","11","0.18601190476190477","0","181","2022-05-11T08:59:00.000Z","1652259540",
"2551","22b77d7829c68dcd","E2:1F:7B:35:CC:08","72.92817679558011","10","0.19290123456790123","0","181","2022-05-11T09:00:00.000Z","1652259600",
"2551","22b77d7829c68dcd","E2:1F:7B:35:CC:08","68.50828729281768","3","0.20833333333333334","0","181","2022-05-11T09:01:00.000Z","1652259660",
"2551","22b77d7829c68dcd","E2:1F:7B:35:CC:08","64.08839779005525","7","0.08979885057471264","0","181","2022-05-11T09:02:00.000Z","1652259720",
"2551","22b77d7829c68dcd","E2:1F:7B:35:CC:08","56.353591160220994","8","0.10279605263157894","0","181","2022-05-11T09:03:00.000Z","1652259780",
"2551","22b77d7829c68dcd","E2:1F:7B:35:CC:08","51.93370165745856","6","0.10080645161290322","0","181","2022-05-11T09:04:00.000Z","1652259840",
"2551","22b77d7829c68dcd","E2:1F:7B:35:CC:08","80.66298342541437","8","0.07070135746606335","0","181","2022-05-11T09:05:00.000Z","1652259900",
"2551","22b77d7829c68dcd","E2:1F:7B:35:CC:08","80.66298342541437","6","0.10080645161290322","2","181","2022-05-11T09:06:00.000Z","1652259960",
"2551","22b77d7829c68dcd","E2:1F:7B:35:CC:08","88.39779005524862","7","0.062250996015936255","0","181","2022-05-11T09:07:00.000Z","1652260020",
"2551","22b77d7829c68dcd","E2:1F:7B:35:CC:08","68.50828729281768","5","0.0882768361581921","0","181","2022-05-11T09:11:00.000Z","1652260260",
"2551","22b77d7829c68dcd","E2:1F:7B:35:CC:08","56.353591160220994","4","0.09356287425149701","1","181","2022-05-11T09:13:00.000Z","1652260380",
"2551","22b77d7829c68dcd","E2:1F:7B:35:CC:08","47.51381215469613","0","0.14076576576576577","1","181","2022-05-11T09:23:00.000Z","1652260980",
"2551","22b77d7829c68dcd","E2:1F:7B:35:CC:08","70.32967032967034","0","0.1358695652173913","2","182","2022-05-11T09:51:00.000Z","1652262660",
"2551","22b77d7829c68dcd","E2:1F:7B:35:CC:08","100","10","0.11837121212121213","12","182","2022-05-11T10:00:00.000Z","1652263200",
"2551","22b77d7829c68dcd","E2:1F:7B:35:CC:08","73.22404371584699","6","0.24801587301587302","2","183","2022-05-11T10:12:00.000Z","1652263920",
"2551","22b77d7829c68dcd","E2:1F:7B:35:CC:08","73.22404371584699","0","0.1816860465116279","11","183","2022-05-11T10:13:00.000Z","1652263980",
"2551","22b77d7829c68dcd","E2:1F:7B:35:CC:08","80.8743169398907","0","0.18601190476190477","1","183","2022-05-11T10:14:00.000Z","1652264040",
"2551","22b77d7829c68dcd","E2:1F:7B:35:CC:08","86.33879781420765","0","0.12703252032520326","0","183","2022-05-11T10:15:00.000Z","1652264100",
"2551","22b77d7829c68dcd","E2:1F:7B:35:CC:08","87.43169398907104","3","0.0653765690376569","1","183","2022-05-11T10:16:00.000Z","1652264160",
"2551","22b77d7829c68dcd","E2:1F:7B:35:CC:08","77.59562841530055","6","0.07971938775510204","1","183","2022-05-11T10:17:00.000Z","1652264220",
"2551","22b77d7829c68dcd","E2:1F:7B:35:CC:08","95.08196721311475","7","0.09300595238095238","0","183","2022-05-11T10:18:00.000Z","1652264280",
"2551","22b77d7829c68dcd","E2:1F:7B:35:CC:08","77.59562841530055","9","0.08632596685082873","0","183","2022-05-11T10:19:00.000Z","1652264340",
"2551","22b77d7829c68dcd","E2:1F:7B:35:CC:08","59.01639344262295","2","0.062250996015936255","0","183","2022-05-11T11:16:00.000Z","1652267760",
"2551","22b77d7829c68dcd","E2:1F:7B:35:CC:08","78.68852459016394","7","0.16447368421052633","1","183","2022-05-11T11:57:00.000Z","1652270220",
"2551","22b77d7829c68dcd","E2:1F:7B:35:CC:08","83.06010928961749","7","0.21404109589041095","0","183","2022-05-11T11:58:00.000Z","1652270280",
"2551","22b77d7829c68dcd","E2:1F:7B:35:CC:08","52.459016393442624","4","0.22977941176470587","0","183","2022-05-11T11:59:00.000Z","1652270340",
"2551","22b77d7829c68dcd","E2:1F:7B:35:CC:08","31.693989071038253","0","0.3125","0","183","2022-05-11T12:04:00.000Z","1652270640",
"2551","22b77d7829c68dcd","E2:1F:7B:35:CC:08","39.130434782608695","3","0.3472222222222222","0","184","2022-05-11T12:06:00.000Z","1652270760",
"2551","22b77d7829c68dcd","E2:1F:7B:35:CC:08","57.608695652173914","3","0.2840909090909091","0","184","2022-05-11T12:07:00.000Z","1652270820",
"2551","22b77d7829c68dcd","E2:1F:7B:35:CC:08","32.608695652173914","0","0.2840909090909091","0","184","2022-05-11T12:08:00.000Z","1652270880",
"2551","22b77d7829c68dcd","E2:1F:7B:35:CC:08","38.04347826086956","6","0.27901785714285715","0","184","2022-05-11T12:09:00.000Z","1652270940",
"2551","22b77d7829c68dcd","E2:1F:7B:35:CC:08","38.04347826086956","6","0.3125","0","184","2022-05-11T12:10:00.000Z","1652271000",
"2551","22b77d7829c68dcd","E2:1F:7B:35:CC:08","44.56521739130435","4","0.30637254901960786","0","184","2022-05-11T12:11:00.000Z","1652271060",
"2551","22b77d7829c68dcd","E2:1F:7B:35:CC:08","47.82608695652174","3","0.3324468085106383","0","184","2022-05-11T12:12:00.000Z","1652271120",
"2551","22b77d7829c68dcd","E2:1F:7B:35:CC:08","57.608695652173914","5","0.3324468085106383","2","184","2022-05-11T12:13:00.000Z","1652271180",
"2551","22b77d7829c68dcd","E2:1F:7B:35:CC:08","50","8","0.3633720930232558","1","184","2022-05-11T12:14:00.000Z","1652271240",
"2551","22b77d7829c68dcd","E2:1F:7B:35:CC:08","48.91304347826087","1","0.4222972972972973","0","184","2022-05-11T12:15:00.000Z","1652271300",
"2551","22b77d7829c68dcd","E2:1F:7B:35:CC:08","48.91304347826087","2","0.33967391304347827","1","184","2022-05-11T12:16:00.000Z","1652271360",
"2551","22b77d7829c68dcd","E2:1F:7B:35:CC:08","57.608695652173914","5","0.3324468085106383","1","184","2022-05-11T12:17:00.000Z","1652271420",
"2551","22b77d7829c68dcd","E2:1F:7B:35:CC:08","47.82608695652174","3","0.37202380952380953","0","184","2022-05-11T12:18:00.000Z","1652271480",
"2551","22b77d7829c68dcd","E2:1F:7B:35:CC:08","47.82608695652174","5","0.3125","12","184","2022-05-11T12:19:00.000Z","1652271540",
"2551","22b77d7829c68dcd","E2:1F:7B:35:CC:08","64.1304347826087","4","0.3472222222222222","16","184","2022-05-11T12:20:00.000Z","1652271600",
"2551","22b77d7829c68dcd","E2:1F:7B:35:CC:08","46.73913043478261","8","0.24801587301587302","12","184","2022-05-11T12:21:00.000Z","1652271660",
"2551","22b77d7829c68dcd","E2:1F:7B:35:CC:08","45.65217391304348","0","0.13020833333333334","2","184","2022-05-11T12:24:00.000Z","1652271840",
"2551","22b77d7829c68dcd","E2:1F:7B:35:CC:08","44.56521739130435","3","0.06793478260869565","7","184","2022-05-11T12:26:00.000Z","1652271960",
"2551","22b77d7829c68dcd","E2:1F:7B:35:CC:08","53.26086956521739","9","0.06592827004219409","0","184","2022-05-11T12:29:00.000Z","1652272140",
"2551","22b77d7829c68dcd","E2:1F:7B:35:CC:08","65.21739130434783","14","0.13950892857142858","0","184","2022-05-11T12:32:00.000Z","1652272320",
"2551","22b77d7829c68dcd","E2:1F:7B:35:CC:08","58.69565217391305","4","0.062250996015936255","1","184","2022-05-11T12:33:00.000Z","1652272380",
"2551","22b77d7829c68dcd","E2:1F:7B:35:CC:08","55.43478260869565","4","0.16622340425531915","2","184","2022-05-11T12:34:00.000Z","1652272440",
"2551","22b77d7829c68dcd","E2:1F:7B:35:CC:08","69.56521739130434","10","0.1547029702970297","0","184","2022-05-11T12:35:00.000Z","1652272500",
"2551","22b77d7829c68dcd","E2:1F:7B:35:CC:08","77.17391304347827","2","0.16276041666666666","2","184","2022-05-11T12:36:00.000Z","1652272560",
"2551","22b77d7829c68dcd","E2:1F:7B:35:CC:08","77.17391304347827","2","0.20559210526315788","2","184","2022-05-11T12:37:00.000Z","1652272620",
"2551","22b77d7829c68dcd","E2:1F:7B:35:CC:08","73.91304347826087","5","0.20559210526315788","1","184","2022-05-11T12:38:00.000Z","1652272680",
"2551","22b77d7829c68dcd","E2:1F:7B:35:CC:08","58.69565217391305","4","0.244140625","0","184","2022-05-11T12:39:00.000Z","1652272740",
"2551","22b77d7829c68dcd","E2:1F:7B:35:CC:08","51.08695652173913","6","0.1547029702970297","2","184","2022-05-11T12:40:00.000Z","1652272800",
"2551","22b77d7829c68dcd","E2:1F:7B:35:CC:08","52.17391304347826","0","0.18601190476190477","0","184","2022-05-11T12:41:00.000Z","1652272860",
"2551","22b77d7829c68dcd","E2:1F:7B:35:CC:08","75","4","0.17755681818181818","1","184","2022-05-11T12:42:00.000Z","1652272920",
"2551","22b77d7829c68dcd","E2:1F:7B:35:CC:08","85.8695652173913","11","0.21114864864864866","2","184","2022-05-11T12:43:00.000Z","1652272980",
"2551","22b77d7829c68dcd","E2:1F:7B:35:CC:08","73.91304347826087","2","0.2648305084745763","0","184","2022-05-11T12:44:00.000Z","1652273040",
"2551","22b77d7829c68dcd","E2:1F:7B:35:CC:08","69.56521739130434","9","0.24801587301587302","1","184","2022-05-11T12:45:00.000Z","1652273100",
"2551","22b77d7829c68dcd","E2:1F:7B:35:CC:08","69.56521739130434","0","0.15625","4","184","2022-05-11T12:49:00.000Z","1652273340",
"2551","22b77d7829c68dcd","E2:1F:7B:35:CC:08","75","0","0.175561797752809","4","184","2022-05-11T12:50:00.000Z","1652273400",
"2551","22b77d7829c68dcd","E2:1F:7B:35:CC:08","90.21739130434783","0","0.1717032967032967","1","184","2022-05-11T12:51:00.000Z","1652273460",
"2551","22b77d7829c68dcd","E2:1F:7B:35:CC:08","98.91304347826087","3","0.23674242424242425","0","184","2022-05-11T12:52:00.000Z","1652273520",
"2551","22b77d7829c68dcd","E2:1F:7B:35:CC:08","96.73913043478261","4","0.15943877551020408","1","184","2022-05-11T12:53:00.000Z","1652273580",
"2551","22b77d7829c68dcd","E2:1F:7B:35:CC:08","92.3913043478261","10","0.062250996015936255","0","184","2022-05-11T12:54:00.000Z","1652273640",
"2551","22b77d7829c68dcd","E2:1F:7B:35:CC:08","86.95652173913044","0","0.11241007194244604","4","184","2022-05-11T12:56:00.000Z","1652273760",
"2551","22b77d7829c68dcd","E2:1F:7B:35:CC:08","83.69565217391305","3","0.16983695652173914","1","184","2022-05-11T12:57:00.000Z","1652273820",
"2551","22b77d7829c68dcd","E2:1F:7B:35:CC:08","81.52173913043478","0","0.22007042253521128","2","184","2022-05-11T12:58:00.000Z","1652273880",
"2551","22b77d7829c68dcd","E2:1F:7B:35:CC:08","76.08695652173913","0","0.25614754098360654","7","184","2022-05-11T12:59:00.000Z","1652273940",
"2551","22b77d7829c68dcd","E2:1F:7B:35:CC:08","67.3913043478261","4","0.2741228070175439","9","184","2022-05-11T13:03:00.000Z","1652274180",
"2551","22b77d7829c68dcd","E2:1F:7B:35:CC:08","81.52173913043478","7","0.2648305084745763","7","184","2022-05-11T13:04:00.000Z","1652274240",
"2551","22b77d7829c68dcd","E2:1F:7B:35:CC:08","83.69565217391305","0","0.22007042253521128","9","184","2022-05-11T13:05:00.000Z","1652274300",
"2551","22b77d7829c68dcd","E2:1F:7B:35:CC:08","85.8695652173913","0","0.2741228070175439","7","184","2022-05-11T13:06:00.000Z","1652274360",
"2551","22b77d7829c68dcd","E2:1F:7B:35:CC:08","86.95652173913044","6","0.28935185185185186","11","184","2022-05-11T13:07:00.000Z","1652274420",
"2551","22b77d7829c68dcd","E2:1F:7B:35:CC:08","76.08695652173913","7","0.38109756097560976","9","184","2022-05-11T13:08:00.000Z","1652274480",
"2551","22b77d7829c68dcd","E2:1F:7B:35:CC:08","52.17391304347826","4","0.37202380952380953","4","184","2022-05-11T13:09:00.000Z","1652274540",
"2551","22b77d7829c68dcd","E2:1F:7B:35:CC:08","68.47826086956522","7","0.17755681818181818","8","184","2022-05-11T13:10:00.000Z","1652274600",
"2551","22b77d7829c68dcd","E2:1F:7B:35:CC:08","72.82608695652173","7","0.24801587301587302","11","184","2022-05-11T13:11:00.000Z","1652274660",
"2551","22b77d7829c68dcd","E2:1F:7B:35:CC:08","75","10","0.33967391304347827","4","184","2022-05-11T13:12:00.000Z","1652274720",
"2551","22b77d7829c68dcd","E2:1F:7B:35:CC:08","85.8695652173913","4","0.37202380952380953","2","184","2022-05-11T13:13:00.000Z","1652274780",
"2551","22b77d7829c68dcd","E2:1F:7B:35:CC:08","78.26086956521739","6","0.40064102564102566","5","184","2022-05-11T13:14:00.000Z","1652274840",
"2551","22b77d7829c68dcd","E2:1F:7B:35:CC:08","84.78260869565217","7","0.4340277777777778","11","184","2022-05-11T13:15:00.000Z","1652274900",
"2551","22b77d7829c68dcd","E2:1F:7B:35:CC:08","80.43478260869566","7","0.390625","12","184","2022-05-11T13:16:00.000Z","1652274960",
"2551","22b77d7829c68dcd","E2:1F:7B:35:CC:08","66.30434782608695","4","0.48828125","37","184","2022-05-11T13:17:00.000Z","1652275020",
"2551","22b77d7829c68dcd","E2:1F:7B:35:CC:08","35.869565217391305","1","0.5040322580645161","54","184","2022-05-11T13:18:00.000Z","1652275080",
"2551","22b77d7829c68dcd","E2:1F:7B:35:CC:08","22.82608695652174","0","0.5208333333333334","58","184","2022-05-11T13:19:00.000Z","1652275140",
"2551","22b77d7829c68dcd","E2:1F:7B:35:CC:08","35.869565217391305","7","0.5208333333333334","47","184","2022-05-11T13:20:00.000Z","1652275200",
"2551","22b77d7829c68dcd","E2:1F:7B:35:CC:08","57.608695652173914","10","0.3633720930232558","8","184","2022-05-11T13:21:00.000Z","1652275260",
"2551","22b77d7829c68dcd","E2:1F:7B:35:CC:08","58.69565217391305","8","0.45955882352941174","14","184","2022-05-11T13:22:00.000Z","1652275320",
"2551","22b77d7829c68dcd","E2:1F:7B:35:CC:08","43.47826086956522","3","0.5040322580645161","0","184","2022-05-11T13:23:00.000Z","1652275380",
"2551","22b77d7829c68dcd","E2:1F:7B:35:CC:08","44.56521739130435","7","0.4340277777777778","0","184","2022-05-11T13:24:00.000Z","1652275440",
"2551","22b77d7829c68dcd","E2:1F:7B:35:CC:08","60.869565217391305","7","0.6793478260869565","7","184","2022-05-11T13:25:00.000Z","1652275500",
"2551","22b77d7829c68dcd","E2:1F:7B:35:CC:08","56.52173913043478","4","0.5208333333333334","60","184","2022-05-11T13:26:00.000Z","1652275560",
"2551","22b77d7829c68dcd","E2:1F:7B:35:CC:08","42.391304347826086","4","0.5580357142857143","54","184","2022-05-11T13:27:00.000Z","1652275620",
"2551","22b77d7829c68dcd","E2:1F:7B:35:CC:08","35.869565217391305","3","0.6009615384615384","49","184","2022-05-11T13:28:00.000Z","1652275680",
"2551","22b77d7829c68dcd","E2:1F:7B:35:CC:08","47.82608695652174","6","0.6793478260869565","28","184","2022-05-11T13:29:00.000Z","1652275740",
"2551","22b77d7829c68dcd","E2:1F:7B:35:CC:08","51.08695652173913","6","0.6510416666666666","11","184","2022-05-11T13:30:00.000Z","1652275800",
"2551","22b77d7829c68dcd","E2:1F:7B:35:CC:08","51.08695652173913","2","0.625","0","184","2022-05-11T13:31:00.000Z","1652275860",
"2551","22b77d7829c68dcd","E2:1F:7B:35:CC:08","33.69565217391305","0","0.5787037037037037","0","184","2022-05-11T13:32:00.000Z","1652275920",
"2551","22b77d7829c68dcd","E2:1F:7B:35:CC:08","32.0855614973262","3","0.5387931034482759","0","187","2022-05-11T13:33:00.000Z","1652275980",
"2551","22b77d7829c68dcd","E2:1F:7B:35:CC:08","47.05882352941177","4","0.625","4","187","2022-05-11T13:34:00.000Z","1652276040",
"2551","22b77d7829c68dcd","E2:1F:7B:35:CC:08","59.893048128342244","1","0.6009615384615384","4","187","2022-05-11T13:35:00.000Z","1652276100",
"2551","22b77d7829c68dcd","E2:1F:7B:35:CC:08","43.850267379679146","3","0.625","0","187","2022-05-11T13:36:00.000Z","1652276160",
"2551","22b77d7829c68dcd","E2:1F:7B:35:CC:08","34.224598930481285","1","0.6009615384615384","0","187","2022-05-11T13:37:00.000Z","1652276220",
"2551","22b77d7829c68dcd","E2:1F:7B:35:CC:08","24.59893048128342","0","0.5787037037037037","1","187","2022-05-11T13:38:00.000Z","1652276280",
"2551","22b77d7829c68dcd","E2:1F:7B:35:CC:08","38.50267379679144","4","0.6009615384615384","1","187","2022-05-11T13:39:00.000Z","1652276340",
"2551","22b77d7829c68dcd","E2:1F:7B:35:CC:08","27.807486631016044","2","0.6510416666666666","0","187","2022-05-11T13:40:00.000Z","1652276400",
"2551","22b77d7829c68dcd","E2:1F:7B:35:CC:08","34.224598930481285","4","0.7440476190476191","4","187","2022-05-11T13:41:00.000Z","1652276460",
"2551","22b77d7829c68dcd","E2:1F:7B:35:CC:08","37.4331550802139","3","0.7440476190476191","1","187","2022-05-11T13:42:00.000Z","1652276520",
"2551","22b77d7829c68dcd","E2:1F:7B:35:CC:08","43.850267379679146","3","0.625","7","187","2022-05-11T13:43:00.000Z","1652276580",
"2551","22b77d7829c68dcd","E2:1F:7B:35:CC:08","72.72727272727273","3","0.7440476190476191","4","187","2022-05-11T13:44:00.000Z","1652276640",
"2551","22b77d7829c68dcd","E2:1F:7B:35:CC:08","78.07486631016043","2","0.78125","0","187","2022-05-11T13:45:00.000Z","1652276700",
"2551","22b77d7829c68dcd","E2:1F:7B:35:CC:08","71.65775401069519","3","0.6793478260869565","0","187","2022-05-11T13:46:00.000Z","1652276760",
"2551","22b77d7829c68dcd","E2:1F:7B:35:CC:08","37.4331550802139","1","0.7102272727272727","0","187","2022-05-11T13:47:00.000Z","1652276820",
"2551","22b77d7829c68dcd","E2:1F:7B:35:CC:08","42.780748663101605","3","0.7102272727272727","0","187","2022-05-11T13:48:00.000Z","1652276880",
"2551","22b77d7829c68dcd","E2:1F:7B:35:CC:08","31.016042780748663","1","0.8223684210526315","0","187","2022-05-11T13:49:00.000Z","1652276940",
"2551","22b77d7829c68dcd","E2:1F:7B:35:CC:08","59.893048128342244","3","0.8680555555555556","0","187","2022-05-11T13:50:00.000Z","1652277000",
"2551","22b77d7829c68dcd","E2:1F:7B:35:CC:08","71.65775401069519","5","1.1160714285714286","0","187","2022-05-11T13:51:00.000Z","1652277060",
"2551","22b77d7829c68dcd","E2:1F:7B:35:CC:08","72.72727272727273","2","1.0416666666666667","0","187","2022-05-11T13:52:00.000Z","1652277120",
"2551","22b77d7829c68dcd","E2:1F:7B:35:CC:08","90.9090909090909","6","1.1160714285714286","4","187","2022-05-11T13:53:00.000Z","1652277180",
"2551","22b77d7829c68dcd","E2:1F:7B:35:CC:08","88.77005347593582","6","1.3020833333333333","1","187","2022-05-11T13:54:00.000Z","1652277240",
"2551","22b77d7829c68dcd","E2:1F:7B:35:CC:08","64.1711229946524","6","1.0416666666666667","0","187","2022-05-11T13:55:00.000Z","1652277300",
"2551","22b77d7829c68dcd","E2:1F:7B:35:CC:08","48.1283422459893","3","1.2019230769230769","0","187","2022-05-11T13:56:00.000Z","1652277360",
"2551","22b77d7829c68dcd","E2:1F:7B:35:CC:08","68.44919786096257","6","1.4204545454545454","1","187","2022-05-11T13:57:00.000Z","1652277420",
"2551","22b77d7829c68dcd","E2:1F:7B:35:CC:08","100","5","1.3020833333333333","2","187","2022-05-11T13:58:00.000Z","1652277480",
"2551","22b77d7829c68dcd","E2:1F:7B:35:CC:08","95.18716577540107","5","1.5625","1","187","2022-05-11T13:59:00.000Z","1652277540",
"2551","22b77d7829c68dcd","E2:1F:7B:35:CC:08","62.032085561497325","3","1.2019230769230769","1","187","2022-05-11T14:00:00.000Z","1652277600",
"2551","22b77d7829c68dcd","E2:1F:7B:35:CC:08","70.58823529411765","4","1.4204545454545454","0","187","2022-05-11T14:01:00.000Z","1652277660",
"2551","22b77d7829c68dcd","E2:1F:7B:35:CC:08","100","8","1.953125","0","187","2022-05-11T14:02:00.000Z","1652277720",
"2551","22b77d7829c68dcd","E2:1F:7B:35:CC:08","100","6","1.953125","0","187","2022-05-11T14:03:00.000Z","1652277780",
"2551","22b77d7829c68dcd","E2:1F:7B:35:CC:08","100","9","2.232142857142857","1","187","2022-05-11T14:04:00.000Z","1652277840",
"2551","22b77d7829c68dcd","E2:1F:7B:35:CC:08","100","2","2.232142857142857","0","187","2022-05-11T14:05:00.000Z","1652277900",
"2551","22b77d7829c68dcd","E2:1F:7B:35:CC:08","100","7","1.953125","1","187","2022-05-11T14:06:00.000Z","1652277960",
"2551","22b77d7829c68dcd","E2:1F:7B:35:CC:08","97.32620320855615","6","1.953125","1","187","2022-05-11T14:07:00.000Z","1652278020",
"2551","22b77d7829c68dcd","E2:1F:7B:35:CC:08","80.21390374331551","4","1.953125","2","187","2022-05-11T14:08:00.000Z","1652278080",
"2551","22b77d7829c68dcd","E2:1F:7B:35:CC:08","66.31016042780749","2","2.232142857142857","0","187","2022-05-11T14:09:00.000Z","1652278140",
"2551","22b77d7829c68dcd","E2:1F:7B:35:CC:08","90.9090909090909","6","2.232142857142857","1","187","2022-05-11T14:10:00.000Z","1652278200",
"2551","22b77d7829c68dcd","E2:1F:7B:35:CC:08","96.2566844919786","3","1.953125","0","187","2022-05-11T14:11:00.000Z","1652278260",
"2551","22b77d7829c68dcd","E2:1F:7B:35:CC:08","82.3529411764706","9","2.232142857142857","1","187","2022-05-11T14:12:00.000Z","1652278320",
"2551","22b77d7829c68dcd","E2:1F:7B:35:CC:08","86.63101604278074","6","2.232142857142857","4","187","2022-05-11T14:13:00.000Z","1652278380",
"2551","22b77d7829c68dcd","E2:1F:7B:35:CC:08","72.72727272727273","4","2.232142857142857","4","187","2022-05-11T14:14:00.000Z","1652278440",
"2551","22b77d7829c68dcd","E2:1F:7B:35:CC:08","60.962566844919785","1","1.953125","1","187","2022-05-11T14:15:00.000Z","1652278500",
"2551","22b77d7829c68dcd","E2:1F:7B:35:CC:08","52.406417112299465","3","1.4204545454545454","0","187","2022-05-11T14:16:00.000Z","1652278560",
"2551","22b77d7829c68dcd","E2:1F:7B:35:CC:08","37.4331550802139","3","1.5625","0","187","2022-05-11T14:17:00.000Z","1652278620",
"2551","22b77d7829c68dcd","E2:1F:7B:35:CC:08","43.850267379679146","2","1.4204545454545454","0","187","2022-05-11T14:18:00.000Z","1652278680",
"2551","22b77d7829c68dcd","E2:1F:7B:35:CC:08","36.36363636363637","2","1.4204545454545454","0","187","2022-05-11T14:19:00.000Z","1652278740",
"2551","22b77d7829c68dcd","E2:1F:7B:35:CC:08","25.668449197860962","0","1.3020833333333333","0","187","2022-05-11T14:20:00.000Z","1652278800",
"2551","22b77d7829c68dcd","E2:1F:7B:35:CC:08","28.877005347593585","1","1.3020833333333333","0","187","2022-05-11T14:21:00.000Z","1652278860",
"2551","22b77d7829c68dcd","E2:1F:7B:35:CC:08","35.294117647058826","1","1.2019230769230769","0","187","2022-05-11T14:22:00.000Z","1652278920",
"2551","22b77d7829c68dcd","E2:1F:7B:35:CC:08","34.224598930481285","3","1.2019230769230769","0","187","2022-05-11T14:23:00.000Z","1652278980",
"2551","22b77d7829c68dcd","E2:1F:7B:35:CC:08","43.850267379679146","1","1.2019230769230769","1","187","2022-05-11T14:25:00.000Z","1652279100",
"2551","22b77d7829c68dcd","E2:1F:7B:35:CC:08","54.54545454545455","3","1.2019230769230769","0","187","2022-05-11T14:26:00.000Z","1652279160",
"2551","22b77d7829c68dcd","E2:1F:7B:35:CC:08","48.1283422459893","0","1.0416666666666667","0","187","2022-05-11T14:27:00.000Z","1652279220",
"2551","22b77d7829c68dcd","E2:1F:7B:35:CC:08","24.59893048128342","0","1.0416666666666667","0","187","2022-05-11T14:28:00.000Z","1652279280",
"2551","22b77d7829c68dcd","E2:1F:7B:35:CC:08","26.737967914438503","0","0.9765625","0","187","2022-05-11T14:29:00.000Z","1652279340",
"2551","22b77d7829c68dcd","E2:1F:7B:35:CC:08","29.946524064171122","5","0.8223684210526315","4","187","2022-05-11T14:30:00.000Z","1652279400",
"2551","22b77d7829c68dcd","E2:1F:7B:35:CC:08","49.19786096256684","4","0.9191176470588235","0","187","2022-05-11T14:31:00.000Z","1652279460",
"2551","22b77d7829c68dcd","E2:1F:7B:35:CC:08","39.57219251336898","0","0.8680555555555556","0","187","2022-05-11T14:32:00.000Z","1652279520",
"2551","22b77d7829c68dcd","E2:1F:7B:35:CC:08","27.807486631016044","1","0.8223684210526315","0","187","2022-05-11T14:33:00.000Z","1652279580",
"2551","22b77d7829c68dcd","E2:1F:7B:35:CC:08","24.59893048128342","0","0.8223684210526315","0","187","2022-05-11T14:34:00.000Z","1652279640",
"2551","22b77d7829c68dcd","E2:1F:7B:35:CC:08","35.294117647058826","1","0.8223684210526315","1","187","2022-05-11T14:35:00.000Z","1652279700",
"2551","22b77d7829c68dcd","E2:1F:7B:35:CC:08","27.807486631016044","0","0.8680555555555556","5","187","2022-05-11T14:36:00.000Z","1652279760",
"2551","22b77d7829c68dcd","E2:1F:7B:35:CC:08","42.780748663101605","6","1.0416666666666667","0","187","2022-05-11T14:37:00.000Z","1652279820",
"2551","22b77d7829c68dcd","E2:1F:7B:35:CC:08","55.61497326203209","5","0.8680555555555556","2","187","2022-05-11T14:38:00.000Z","1652279880",
"2551","22b77d7829c68dcd","E2:1F:7B:35:CC:08","34.224598930481285","0","0.8223684210526315","0","187","2022-05-11T14:39:00.000Z","1652279940",
"2551","22b77d7829c68dcd","E2:1F:7B:35:CC:08","29.946524064171122","0","0.8223684210526315","0","187","2022-05-11T14:40:00.000Z","1652280000",
"2551","22b77d7829c68dcd","E2:1F:7B:35:CC:08","25.668449197860962","0","0.8223684210526315","0","187","2022-05-11T14:41:00.000Z","1652280060",
"2551","22b77d7829c68dcd","E2:1F:7B:35:CC:08","19.25133689839572","0","0.8223684210526315","0","187","2022-05-11T14:42:00.000Z","1652280120",
"2551","22b77d7829c68dcd","E2:1F:7B:35:CC:08","36.36363636363637","0","0.8680555555555556","0","187","2022-05-11T14:43:00.000Z","1652280180",
"2551","22b77d7829c68dcd","E2:1F:7B:35:CC:08","22.459893048128343","0","0.8223684210526315","0","187","2022-05-11T14:44:00.000Z","1652280240",
"2551","22b77d7829c68dcd","E2:1F:7B:35:CC:08","14.973262032085561","0","0.78125","0","187","2022-05-11T14:45:00.000Z","1652280300",
"2551","22b77d7829c68dcd","E2:1F:7B:35:CC:08","13.903743315508022","0","0.78125","0","187","2022-05-11T14:46:00.000Z","1652280360",
"2551","22b77d7829c68dcd","E2:1F:7B:35:CC:08","11.764705882352942","1","0.6009615384615384","0","187","2022-05-11T14:47:00.000Z","1652280420",
"2551","22b77d7829c68dcd","E2:1F:7B:35:CC:08","9.62566844919786","0","0.6009615384615384","0","187","2022-05-11T14:48:00.000Z","1652280480",
"2551","22b77d7829c68dcd","E2:1F:7B:35:CC:08","10.695187165775401","1","0.6009615384615384","0","187","2022-05-11T14:49:00.000Z","1652280540",
"2551","22b77d7829c68dcd","E2:1F:7B:35:CC:08","36.36363636363637","10","0.20833333333333334","1","187","2022-05-11T14:50:00.000Z","1652280600",
"2551","22b77d7829c68dcd","E2:1F:7B:35:CC:08","78.07486631016043","6","0.4734848484848485","37","187","2022-05-11T14:51:00.000Z","1652280660",
"2551","22b77d7829c68dcd","E2:1F:7B:35:CC:08","100","7","0.9191176470588235","74","187","2022-05-11T14:52:00.000Z","1652280720",
"2551","22b77d7829c68dcd","E2:1F:7B:35:CC:08","100","8","1.2019230769230769","68","187","2022-05-11T14:53:00.000Z","1652280780",
"2551","22b77d7829c68dcd","E2:1F:7B:35:CC:08","100","13","0.8223684210526315","32","187","2022-05-11T14:54:00.000Z","1652280840",
"2551","22b77d7829c68dcd","E2:1F:7B:35:CC:08","100","4","0.9191176470588235","47","187","2022-05-11T14:55:00.000Z","1652280900",
"2551","22b77d7829c68dcd","E2:1F:7B:35:CC:08","100","5","1.1160714285714286","14","187","2022-05-11T14:56:00.000Z","1652280960",
"2551","22b77d7829c68dcd","E2:1F:7B:35:CC:08","100","9","1.1160714285714286","7","187","2022-05-11T14:57:00.000Z","1652281020",
"2551","22b77d7829c68dcd","E2:1F:7B:35:CC:08","100","4","1.1160714285714286","8","187","2022-05-11T14:58:00.000Z","1652281080",
"2551","22b77d7829c68dcd","E2:1F:7B:35:CC:08","100","6","0.8680555555555556","4","187","2022-05-11T14:59:00.000Z","1652281140",
"2551","22b77d7829c68dcd","E2:1F:7B:35:CC:08","71.65775401069519","1","0.7440476190476191","11","187","2022-05-11T15:00:00.000Z","1652281200",
"2551","22b77d7829c68dcd","E2:1F:7B:35:CC:08","36.36363636363637","1","0.7440476190476191","14","187","2022-05-11T15:01:00.000Z","1652281260",
"2551","22b77d7829c68dcd","E2:1F:7B:35:CC:08","39.57219251336898","7","0.9191176470588235","15","187","2022-05-11T15:02:00.000Z","1652281320",
"2551","22b77d7829c68dcd","E2:1F:7B:35:CC:08","49.19786096256684","4","0.9765625","19","187","2022-05-11T15:03:00.000Z","1652281380",
"2551","22b77d7829c68dcd","E2:1F:7B:35:CC:08","81.48148148148148","6","1.2019230769230769","0","189","2022-05-11T15:05:00.000Z","1652281500",
"2551","22b77d7829c68dcd","E2:1F:7B:35:CC:08","67.72486772486772","7","1.2019230769230769","0","189","2022-05-11T15:06:00.000Z","1652281560",
"2551","22b77d7829c68dcd","E2:1F:7B:35:CC:08","68.78306878306879","6","1.3020833333333333","9","189","2022-05-11T15:07:00.000Z","1652281620",
"2551","22b77d7829c68dcd","E2:1F:7B:35:CC:08","60.317460317460316","1","0.9191176470588235","26","189","2022-05-11T15:08:00.000Z","1652281680",
"2551","22b77d7829c68dcd","E2:1F:7B:35:CC:08","49.735449735449734","3","0.9765625","26","189","2022-05-11T15:09:00.000Z","1652281740",
"2551","22b77d7829c68dcd","E2:1F:7B:35:CC:08","87.83068783068784","5","1.4204545454545454","2","189","2022-05-11T15:10:00.000Z","1652281800",
"2551","22b77d7829c68dcd","E2:1F:7B:35:CC:08","100","7","1.5625","11","189","2022-05-11T15:11:00.000Z","1652281860",
"2551","22b77d7829c68dcd","E2:1F:7B:35:CC:08","100","3","1.3020833333333333","19","189","2022-05-11T15:12:00.000Z","1652281920",
"2551","22b77d7829c68dcd","E2:1F:7B:35:CC:08","82.53968253968254","6","1.5625","26","189","2022-05-11T15:13:00.000Z","1652281980",
"2551","22b77d7829c68dcd","E2:1F:7B:35:CC:08","74.07407407407408","2","1.4204545454545454","9","189","2022-05-11T15:14:00.000Z","1652282040",
"2551","22b77d7829c68dcd","E2:1F:7B:35:CC:08","73.01587301587301","6","1.4204545454545454","9","189","2022-05-11T15:15:00.000Z","1652282100",
"2551","22b77d7829c68dcd","E2:1F:7B:35:CC:08","74.07407407407408","2","1.1160714285714286","8","189","2022-05-11T15:16:00.000Z","1652282160",
"2551","22b77d7829c68dcd","E2:1F:7B:35:CC:08","67.72486772486772","3","0.9765625","8","189","2022-05-11T15:17:00.000Z","1652282220",
"2551","22b77d7829c68dcd","E2:1F:7B:35:CC:08","59.25925925925926","6","0.44642857142857145","23","189","2022-05-11T15:18:00.000Z","1652282280",
"2551","22b77d7829c68dcd","E2:1F:7B:35:CC:08","77.24867724867725","6","0.78125","18","189","2022-05-11T15:19:00.000Z","1652282340",
"2551","22b77d7829c68dcd","E2:1F:7B:35:CC:08","78.3068783068783","4","0.8680555555555556","0","189","2022-05-11T15:20:00.000Z","1652282400",
"2551","22b77d7829c68dcd","E2:1F:7B:35:CC:08","61.37566137566137","6","1.0416666666666667","0","189","2022-05-11T15:21:00.000Z","1652282460",
"2551","22b77d7829c68dcd","E2:1F:7B:35:CC:08","48.67724867724868","5","1.7361111111111112","15","189","2022-05-11T15:22:00.000Z","1652282520",
"2551","22b77d7829c68dcd","E2:1F:7B:35:CC:08","100","6","1.953125","21","189","2022-05-11T15:23:00.000Z","1652282580",
"2551","22b77d7829c68dcd","E2:1F:7B:35:CC:08","84.65608465608466","9","1.953125","8","189","2022-05-11T15:25:00.000Z","1652282700",
"2551","22b77d7829c68dcd","E2:1F:7B:35:CC:08","88.42105263157895","8","2.232142857142857","7","190","2022-05-11T15:26:00.000Z","1652282760",
"2551","22b77d7829c68dcd","E2:1F:7B:35:CC:08","88.42105263157895","4","1.953125","12","190","2022-05-11T15:27:00.000Z","1652282820",
"2551","22b77d7829c68dcd","E2:1F:7B:35:CC:08","71.57894736842105","7","2.232142857142857","8","190","2022-05-11T15:28:00.000Z","1652282880",
"2551","22b77d7829c68dcd","E2:1F:7B:35:CC:08","68.42105263157895","6","2.232142857142857","21","190","2022-05-11T15:29:00.000Z","1652282940",
"2551","22b77d7829c68dcd","E2:1F:7B:35:CC:08","76.84210526315789","2","1.953125","16","190","2022-05-11T15:30:00.000Z","1652283000",
"2551","22b77d7829c68dcd","E2:1F:7B:35:CC:08","82.10526315789474","5","1.7361111111111112","4","190","2022-05-11T15:31:00.000Z","1652283060",
"2551","22b77d7829c68dcd","E2:1F:7B:35:CC:08","83.15789473684211","4","0.9765625","0","190","2022-05-11T15:32:00.000Z","1652283120",
"2551","22b77d7829c68dcd","E2:1F:7B:35:CC:08","80","0","0.7440476190476191","0","190","2022-05-11T15:33:00.000Z","1652283180",
"2551","22b77d7829c68dcd","E2:1F:7B:35:CC:08","69.47368421052632","0","0.78125","0","190","2022-05-11T15:34:00.000Z","1652283240",
"2551","22b77d7829c68dcd","E2:1F:7B:35:CC:08","76.84210526315789","4","0.6793478260869565","9","190","2022-05-11T15:35:00.000Z","1652283300",
"2551","22b77d7829c68dcd","E2:1F:7B:35:CC:08","70.52631578947368","6","0.9191176470588235","26","190","2022-05-11T15:36:00.000Z","1652283360",
"2551","22b77d7829c68dcd","E2:1F:7B:35:CC:08","88.42105263157895","8","1.3020833333333333","1","190","2022-05-11T15:37:00.000Z","1652283420",
"2551","22b77d7829c68dcd","E2:1F:7B:35:CC:08","93.6842105263158","7","1.3020833333333333","2","190","2022-05-11T15:38:00.000Z","1652283480",
"2551","22b77d7829c68dcd","E2:1F:7B:35:CC:08","98.94736842105263","7","1.5625","4","190","2022-05-11T15:39:00.000Z","1652283540",
"2551","22b77d7829c68dcd","E2:1F:7B:35:CC:08","99.48186528497409","5","1.953125","1","193","2022-05-11T15:40:00.000Z","1652283600",
"2551","22b77d7829c68dcd","E2:1F:7B:35:CC:08","93.26424870466322","8","1.7361111111111112","2","193","2022-05-11T15:41:00.000Z","1652283660",
"2551","22b77d7829c68dcd","E2:1F:7B:35:CC:08","77.72020725388602","5","1.5625","5","193","2022-05-11T15:42:00.000Z","1652283720",
"2551","22b77d7829c68dcd","E2:1F:7B:35:CC:08","81.86528497409327","9","1.5625","7","193","2022-05-11T15:43:00.000Z","1652283780",
"2551","22b77d7829c68dcd","E2:1F:7B:35:CC:08","88.08290155440415","4","1.7361111111111112","1","193","2022-05-11T15:44:00.000Z","1652283840",
"2551","22b77d7829c68dcd","E2:1F:7B:35:CC:08","79.79274611398964","6","1.7361111111111112","1","193","2022-05-11T15:45:00.000Z","1652283900",
"2551","22b77d7829c68dcd","E2:1F:7B:35:CC:08","90.15544041450777","7","1.7361111111111112","0","193","2022-05-11T15:46:00.000Z","1652283960",
"2551","22b77d7829c68dcd","E2:1F:7B:35:CC:08","75.64766839378238","4","1.4204545454545454","5","193","2022-05-11T15:47:00.000Z","1652284020",
"2551","22b77d7829c68dcd","E2:1F:7B:35:CC:08","72.53886010362694","8","1.4204545454545454","14","193","2022-05-11T15:48:00.000Z","1652284080",
"2551","22b77d7829c68dcd","E2:1F:7B:35:CC:08","79.79274611398964","6","1.953125","14","193","2022-05-11T15:49:00.000Z","1652284140",
"2551","22b77d7829c68dcd","E2:1F:7B:35:CC:08","89.11917098445596","8","1.5625","8","193","2022-05-11T15:50:00.000Z","1652284200",
"2551","22b77d7829c68dcd","E2:1F:7B:35:CC:08","82.90155440414507","3","1.2019230769230769","11","193","2022-05-11T15:51:00.000Z","1652284260",
"2551","22b77d7829c68dcd","E2:1F:7B:35:CC:08","49.740932642487046","1","1.1160714285714286","1","193","2022-05-11T15:52:00.000Z","1652284320",
"2551","22b77d7829c68dcd","E2:1F:7B:35:CC:08","73.57512953367876","3","1.2019230769230769","1","193","2022-05-11T15:53:00.000Z","1652284380",
"2551","22b77d7829c68dcd","E2:1F:7B:35:CC:08","48.704663212435236","0","1.1160714285714286","8","193","2022-05-11T15:54:00.000Z","1652284440",
"2551","22b77d7829c68dcd","E2:1F:7B:35:CC:08","50.77720207253886","10","1.0416666666666667","8","193","2022-05-11T15:55:00.000Z","1652284500",
"2551","22b77d7829c68dcd","E2:1F:7B:35:CC:08","54.92227979274612","8","1.3020833333333333","8","193","2022-05-11T15:56:00.000Z","1652284560",
"2551","22b77d7829c68dcd","E2:1F:7B:35:CC:08","60.10362694300518","5","1.0416666666666667","11","193","2022-05-11T15:57:00.000Z","1652284620",
"2551","22b77d7829c68dcd","E2:1F:7B:35:CC:08","62.17616580310881","10","1.2019230769230769","7","193","2022-05-11T15:58:00.000Z","1652284680",
"2551","22b77d7829c68dcd","E2:1F:7B:35:CC:08","72.53886010362694","8","1.3020833333333333","18","193","2022-05-11T15:59:00.000Z","1652284740",
"2551","22b77d7829c68dcd","E2:1F:7B:35:CC:08","72.53886010362694","13","1.2019230769230769","21","193","2022-05-11T16:00:00.000Z","1652284800",
"2551","22b77d7829c68dcd","E2:1F:7B:35:CC:08","69.43005181347151","5","1.1160714285714286","11","193","2022-05-11T16:01:00.000Z","1652284860",
"2551","22b77d7829c68dcd","E2:1F:7B:35:CC:08","73.57512953367876","7","1.5625","9","193","2022-05-11T16:02:00.000Z","1652284920",
"2551","22b77d7829c68dcd","E2:1F:7B:35:CC:08","69.43005181347151","6","1.953125","4","193","2022-05-11T16:03:00.000Z","1652284980",
"2551","22b77d7829c68dcd","E2:1F:7B:35:CC:08","55.95854922279793","3","1.7361111111111112","1","193","2022-05-11T16:04:00.000Z","1652285040",
"2551","22b77d7829c68dcd","E2:1F:7B:35:CC:08","47.66839378238342","1","1.7361111111111112","1","193","2022-05-11T16:05:00.000Z","1652285100",
"2551","22b77d7829c68dcd","E2:1F:7B:35:CC:08","39.37823834196891","1","0.41118421052631576","2","193","2022-05-11T16:06:00.000Z","1652285160",
"2551","22b77d7829c68dcd","E2:1F:7B:35:CC:08","56.994818652849744","6","0.5580357142857143","4","193","2022-05-11T16:07:00.000Z","1652285220",
"2551","22b77d7829c68dcd","E2:1F:7B:35:CC:08","61.13989637305699","2","0.6009615384615384","0","193","2022-05-11T16:08:00.000Z","1652285280",
"2551","22b77d7829c68dcd","E2:1F:7B:35:CC:08","62.17616580310881","7","0.6793478260869565","0","193","2022-05-11T16:09:00.000Z","1652285340",
"2551","22b77d7829c68dcd","E2:1F:7B:35:CC:08","64.24870466321244","7","0.7440476190476191","0","193","2022-05-11T16:10:00.000Z","1652285400",
"2551","22b77d7829c68dcd","E2:1F:7B:35:CC:08","53.8860103626943","7","0.78125","2","193","2022-05-11T16:11:00.000Z","1652285460",
"2551","22b77d7829c68dcd","E2:1F:7B:35:CC:08","42.487046632124354","5","0.6793478260869565","1","193","2022-05-11T16:12:00.000Z","1652285520",
"2551","22b77d7829c68dcd","E2:1F:7B:35:CC:08","66.32124352331606","4","1.2019230769230769","0","193","2022-05-11T16:13:00.000Z","1652285580",
"2551","22b77d7829c68dcd","E2:1F:7B:35:CC:08","77.72020725388602","5","1.3020833333333333","4","193","2022-05-11T16:14:00.000Z","1652285640",
"2551","22b77d7829c68dcd","E2:1F:7B:35:CC:08","71.50259067357513","2","1.1160714285714286","7","193","2022-05-11T16:15:00.000Z","1652285700",
"2551","22b77d7829c68dcd","E2:1F:7B:35:CC:08","51.81347150259067","0","0.8223684210526315","2","193","2022-05-11T16:16:00.000Z","1652285760",
"2551","22b77d7829c68dcd","E2:1F:7B:35:CC:08","41.45077720207254","3","0.8680555555555556","5","193","2022-05-11T16:17:00.000Z","1652285820",
"2551","22b77d7829c68dcd","E2:1F:7B:35:CC:08","32.12435233160622","1","0.9191176470588235","0","193","2022-05-11T16:18:00.000Z","1652285880",
"2551","22b77d7829c68dcd","E2:1F:7B:35:CC:08","18.65284974093264","0","0.8680555555555556","0","193","2022-05-11T16:19:00.000Z","1652285940",
"2551","22b77d7829c68dcd","E2:1F:7B:35:CC:08","41.45077720207254","11","1.0416666666666667","7","193","2022-05-11T16:20:00.000Z","1652286000",
"2551","22b77d7829c68dcd","E2:1F:7B:35:CC:08","56.994818652849744","4","0.9765625","16","193","2022-05-11T16:21:00.000Z","1652286060",
"2551","22b77d7829c68dcd","E2:1F:7B:35:CC:08","60.10362694300518","6","0.9765625","7","193","2022-05-11T16:22:00.000Z","1652286120",
"2551","22b77d7829c68dcd","E2:1F:7B:35:CC:08","64.24870466321244","6","1.0416666666666667","5","193","2022-05-11T16:23:00.000Z","1652286180",
"2551","22b77d7829c68dcd","E2:1F:7B:35:CC:08","73.57512953367876","9","1.2019230769230769","11","193","2022-05-11T16:24:00.000Z","1652286240",
"2551","22b77d7829c68dcd","E2:1F:7B:35:CC:08","74.61139896373057","0","0.9191176470588235","4","193","2022-05-11T16:25:00.000Z","1652286300",
"2551","22b77d7829c68dcd","E2:1F:7B:35:CC:08","71.50259067357513","6","1.2019230769230769","0","193","2022-05-11T16:26:00.000Z","1652286360",
"2551","22b77d7829c68dcd","E2:1F:7B:35:CC:08","62.17616580310881","6","1.0416666666666667","1","193","2022-05-11T16:27:00.000Z","1652286420",
"2551","22b77d7829c68dcd","E2:1F:7B:35:CC:08","54.92227979274612","6","1.0416666666666667","0","193","2022-05-11T16:28:00.000Z","1652286480",
"2551","22b77d7829c68dcd","E2:1F:7B:35:CC:08","56.994818652849744","4","1.0416666666666667","5","193","2022-05-11T16:29:00.000Z","1652286540",
"2551","22b77d7829c68dcd","E2:1F:7B:35:CC:08","46.63212435233161","5","1.2019230769230769","7","193","2022-05-11T16:30:00.000Z","1652286600",
"2551","22b77d7829c68dcd","E2:1F:7B:35:CC:08","50.77720207253886","3","1.2019230769230769","8","193","2022-05-11T16:31:00.000Z","1652286660",
"2551","22b77d7829c68dcd","E2:1F:7B:35:CC:08","58.031088082901555","3","1.1160714285714286","28","193","2022-05-11T16:32:00.000Z","1652286720",
"2551","22b77d7829c68dcd","E2:1F:7B:35:CC:08","49.740932642487046","4","1.0416666666666667","18","193","2022-05-11T16:33:00.000Z","1652286780",
"2551","22b77d7829c68dcd","E2:1F:7B:35:CC:08","39.37823834196891","4","1.1160714285714286","11","193","2022-05-11T16:34:00.000Z","1652286840",
"2551","22b77d7829c68dcd","E2:1F:7B:35:CC:08","52.84974093264249","5","1.3020833333333333","22","193","2022-05-11T16:35:00.000Z","1652286900",
"2551","22b77d7829c68dcd","E2:1F:7B:35:CC:08","60.10362694300518","5","1.4204545454545454","9","193","2022-05-11T16:36:00.000Z","1652286960",
"2551","22b77d7829c68dcd","E2:1F:7B:35:CC:08","68.39378238341969","6","1.7361111111111112","11","193","2022-05-11T16:37:00.000Z","1652287020",
"2551","22b77d7829c68dcd","E2:1F:7B:35:CC:08","77.72020725388602","3","1.7361111111111112","4","193","2022-05-11T16:38:00.000Z","1652287080",
"2551","22b77d7829c68dcd","E2:1F:7B:35:CC:08","98.44559585492227","5","1.5625","25","193","2022-05-11T16:39:00.000Z","1652287140",
"2551","22b77d7829c68dcd","E2:1F:7B:35:CC:08","81.86528497409327","3","1.3020833333333333","14","193","2022-05-11T16:40:00.000Z","1652287200",
"2551","22b77d7829c68dcd","E2:1F:7B:35:CC:08","61.13989637305699","2","1.1160714285714286","9","193","2022-05-11T16:43:00.000Z","1652287380",
"2551","22b77d7829c68dcd","E2:1F:7B:35:CC:08","53.8860103626943","3","1.2019230769230769","9","193","2022-05-11T16:44:00.000Z","1652287440",
"2551","22b77d7829c68dcd","E2:1F:7B:35:CC:08","48.704663212435236","1","1.0416666666666667","14","193","2022-05-11T16:45:00.000Z","1652287500",
"2551","22b77d7829c68dcd","E2:1F:7B:35:CC:08","51.81347150259067","3","1.0416666666666667","26","193","2022-05-11T16:46:00.000Z","1652287560",
"2551","22b77d7829c68dcd","E2:1F:7B:35:CC:08","46.63212435233161","1","0.9765625","23","193","2022-05-11T16:47:00.000Z","1652287620",
"2551","22b77d7829c68dcd","E2:1F:7B:35:CC:08","34.196891191709845","3","0.9765625","26","193","2022-05-11T16:48:00.000Z","1652287680",
"2551","22b77d7829c68dcd","E2:1F:7B:35:CC:08","32.12435233160622","2","0.7440476190476191","7","193","2022-05-11T16:49:00.000Z","1652287740",
"2551","22b77d7829c68dcd","E2:1F:7B:35:CC:08","41.45077720207254","4","0.8680555555555556","28","193","2022-05-11T16:50:00.000Z","1652287800",
"2551","22b77d7829c68dcd","E2:1F:7B:35:CC:08","46.875","3","0.8680555555555556","1","192","2022-05-11T16:52:00.000Z","1652287920",
"2551","22b77d7829c68dcd","E2:1F:7B:35:CC:08","56.25","1","0.9765625","2","192","2022-05-11T16:53:00.000Z","1652287980",
"2551","22b77d7829c68dcd","E2:1F:7B:35:CC:08","43.75","1","1.1160714285714286","0","192","2022-05-11T16:54:00.000Z","1652288040",
"2551","22b77d7829c68dcd","E2:1F:7B:35:CC:08","32.291666666666664","2","1.0416666666666667","0","192","2022-05-11T16:55:00.000Z","1652288100",
"2551","22b77d7829c68dcd","E2:1F:7B:35:CC:08","30.208333333333332","4","0.9765625","0","192","2022-05-11T16:56:00.000Z","1652288160",
"2551","22b77d7829c68dcd","E2:1F:7B:35:CC:08","38.541666666666664","4","0.9191176470588235","0","192","2022-05-11T16:57:00.000Z","1652288220",
"2551","22b77d7829c68dcd","E2:1F:7B:35:CC:08","28.125","1","0.9765625","0","192","2022-05-11T16:58:00.000Z","1652288280",
"2551","22b77d7829c68dcd","E2:1F:7B:35:CC:08","28.125","1","1.0416666666666667","1","192","2022-05-11T16:59:00.000Z","1652288340",
"2551","22b77d7829c68dcd","E2:1F:7B:35:CC:08","57.291666666666664","2","1.2019230769230769","0","192","2022-05-11T17:00:00.000Z","1652288400",
"2551","22b77d7829c68dcd","E2:1F:7B:35:CC:08","51.041666666666664","0","1.0416666666666667","2","192","2022-05-11T17:01:00.000Z","1652288460",
"2551","22b77d7829c68dcd","E2:1F:7B:35:CC:08","32.291666666666664","3","1.0416666666666667","0","192","2022-05-11T17:02:00.000Z","1652288520",
"2551","22b77d7829c68dcd","E2:1F:7B:35:CC:08","29.166666666666668","1","1.2019230769230769","0","192","2022-05-11T17:03:00.000Z","1652288580",
"2551","22b77d7829c68dcd","E2:1F:7B:35:CC:08","16.666666666666668","0","1.2019230769230769","0","192","2022-05-11T17:04:00.000Z","1652288640",
"2551","22b77d7829c68dcd","E2:1F:7B:35:CC:08","10.416666666666666","0","1.3020833333333333","0","192","2022-05-11T17:05:00.000Z","1652288700",
"2551","22b77d7829c68dcd","E2:1F:7B:35:CC:08","11.458333333333334","0","1.1160714285714286","0","192","2022-05-11T17:06:00.000Z","1652288760",
"2551","22b77d7829c68dcd","E2:1F:7B:35:CC:08","10.416666666666666","0","1.1160714285714286","0","192","2022-05-11T17:07:00.000Z","1652288820",
"2551","22b77d7829c68dcd","E2:1F:7B:35:CC:08","14.583333333333334","0","1.1160714285714286","0","192","2022-05-11T17:08:00.000Z","1652288880",
"2551","22b77d7829c68dcd","E2:1F:7B:35:CC:08","39.583333333333336","6","1.3020833333333333","0","192","2022-05-11T17:09:00.000Z","1652288940",
"2551","22b77d7829c68dcd","E2:1F:7B:35:CC:08","64.58333333333333","3","1.3020833333333333","1","192","2022-05-11T17:10:00.000Z","1652289000",
"2551","22b77d7829c68dcd","E2:1F:7B:35:CC:08","52.083333333333336","2","1.3020833333333333","1","192","2022-05-11T17:11:00.000Z","1652289060",
"2551","22b77d7829c68dcd","E2:1F:7B:35:CC:08","38.541666666666664","1","1.2019230769230769","0","192","2022-05-11T17:12:00.000Z","1652289120",
"2551","22b77d7829c68dcd","E2:1F:7B:35:CC:08","38.541666666666664","4","1.4204545454545454","5","192","2022-05-11T17:13:00.000Z","1652289180",
"2551","22b77d7829c68dcd","E2:1F:7B:35:CC:08","56.25","4","1.3020833333333333","0","192","2022-05-11T17:14:00.000Z","1652289240",
"2551","22b77d7829c68dcd","E2:1F:7B:35:CC:08","41.666666666666664","3","1.4204545454545454","0","192","2022-05-11T17:15:00.000Z","1652289300",
"2551","22b77d7829c68dcd","E2:1F:7B:35:CC:08","35.416666666666664","1","1.3020833333333333","1","192","2022-05-11T17:16:00.000Z","1652289360",
"2551","22b77d7829c68dcd","E2:1F:7B:35:CC:08","43.75","3","1.3020833333333333","0","192","2022-05-11T17:17:00.000Z","1652289420",
"2551","22b77d7829c68dcd","E2:1F:7B:35:CC:08","47.916666666666664","3","1.4204545454545454","0","192","2022-05-11T17:18:00.000Z","1652289480",
"2551","22b77d7829c68dcd","E2:1F:7B:35:CC:08","45.833333333333336","6","1.4204545454545454","0","192","2022-05-11T17:19:00.000Z","1652289540",
"2551","22b77d7829c68dcd","E2:1F:7B:35:CC:08","36.458333333333336","2","1.4204545454545454","0","192","2022-05-11T17:20:00.000Z","1652289600",
"2551","22b77d7829c68dcd","E2:1F:7B:35:CC:08","35.416666666666664","1","1.3020833333333333","2","192","2022-05-11T17:21:00.000Z","1652289660",
"2551","22b77d7829c68dcd","E2:1F:7B:35:CC:08","36.458333333333336","3","1.3020833333333333","0","192","2022-05-11T17:22:00.000Z","1652289720",
"2551","22b77d7829c68dcd","E2:1F:7B:35:CC:08","61.458333333333336","5","1.2019230769230769","2","192","2022-05-11T17:23:00.000Z","1652289780",
"2551","22b77d7829c68dcd","E2:1F:7B:35:CC:08","68.75","2","1.1160714285714286","0","192","2022-05-11T17:24:00.000Z","1652289840",
"2551","22b77d7829c68dcd","E2:1F:7B:35:CC:08","67.70833333333333","3","1.2019230769230769","0","192","2022-05-11T17:25:00.000Z","1652289900",
"2551","22b77d7829c68dcd","E2:1F:7B:35:CC:08","71.875","3","1.2019230769230769","0","192","2022-05-11T17:26:00.000Z","1652289960",
"2551","22b77d7829c68dcd","E2:1F:7B:35:CC:08","47.916666666666664","1","1.3020833333333333","0","192","2022-05-11T17:27:00.000Z","1652290020",
"2551","22b77d7829c68dcd","E2:1F:7B:35:CC:08","36.458333333333336","1","1.2019230769230769","0","192","2022-05-11T17:28:00.000Z","1652290080",
"2551","22b77d7829c68dcd","E2:1F:7B:35:CC:08","43.75","3","1.3020833333333333","1","192","2022-05-11T17:29:00.000Z","1652290140",
"2551","22b77d7829c68dcd","E2:1F:7B:35:CC:08","67.70833333333333","6","1.5625","0","192","2022-05-11T17:30:00.000Z","1652290200",
"2551","22b77d7829c68dcd","E2:1F:7B:35:CC:08","75","3","1.5625","0","192","2022-05-11T17:31:00.000Z","1652290260",
"2551","22b77d7829c68dcd","E2:1F:7B:35:CC:08","81.25","2","1.4204545454545454","0","192","2022-05-11T17:32:00.000Z","1652290320",
"2551","22b77d7829c68dcd","E2:1F:7B:35:CC:08","62.5","2","1.4204545454545454","0","192","2022-05-11T17:33:00.000Z","1652290380",
"2551","22b77d7829c68dcd","E2:1F:7B:35:CC:08","46.875","3","1.4204545454545454","0","192","2022-05-11T17:34:00.000Z","1652290440",
"2551","22b77d7829c68dcd","E2:1F:7B:35:CC:08","63.541666666666664","2","1.4204545454545454","0","192","2022-05-11T17:35:00.000Z","1652290500",
"2551","22b77d7829c68dcd","E2:1F:7B:35:CC:08","52.083333333333336","0","1.3020833333333333","0","192","2022-05-11T17:36:00.000Z","1652290560",
"2551","22b77d7829c68dcd","E2:1F:7B:35:CC:08","57.291666666666664","2","1.4204545454545454","1","192","2022-05-11T17:37:00.000Z","1652290620",
"2551","22b77d7829c68dcd","E2:1F:7B:35:CC:08","51.041666666666664","2","1.4204545454545454","0","192","2022-05-11T17:38:00.000Z","1652290680",
"2551","22b77d7829c68dcd","E2:1F:7B:35:CC:08","57.291666666666664","3","1.5625","0","192","2022-05-11T17:39:00.000Z","1652290740",
"2551","22b77d7829c68dcd","E2:1F:7B:35:CC:08","60.416666666666664","1","1.4204545454545454","0","192","2022-05-11T17:40:00.000Z","1652290800",
"2551","22b77d7829c68dcd","E2:1F:7B:35:CC:08","52.083333333333336","2","1.4204545454545454","0","192","2022-05-11T17:41:00.000Z","1652290860",
"2551","22b77d7829c68dcd","E2:1F:7B:35:CC:08","59.375","1","1.4204545454545454","0","192","2022-05-11T17:42:00.000Z","1652290920",
"2551","22b77d7829c68dcd","E2:1F:7B:35:CC:08","48.958333333333336","0","1.5625","0","192","2022-05-11T17:43:00.000Z","1652290980",
"2551","22b77d7829c68dcd","E2:1F:7B:35:CC:08","50","2","1.7361111111111112","0","192","2022-05-11T17:44:00.000Z","1652291040",
"2551","22b77d7829c68dcd","E2:1F:7B:35:CC:08","58.333333333333336","1","1.4204545454545454","0","192","2022-05-11T17:45:00.000Z","1652291100",
"2551","22b77d7829c68dcd","E2:1F:7B:35:CC:08","54.166666666666664","1","1.5625","1","192","2022-05-11T17:46:00.000Z","1652291160",
"2551","22b77d7829c68dcd","E2:1F:7B:35:CC:08","59.375","0","1.3020833333333333","0","192","2022-05-11T17:47:00.000Z","1652291220",
"2551","22b77d7829c68dcd","E2:1F:7B:35:CC:08","37.5","1","1.2019230769230769","5","192","2022-05-11T17:48:00.000Z","1652291280",
"2551","22b77d7829c68dcd","E2:1F:7B:35:CC:08","37.5","1","1.2019230769230769","1","192","2022-05-11T17:49:00.000Z","1652291340",
"2551","22b77d7829c68dcd","E2:1F:7B:35:CC:08","55.208333333333336","1","1.1160714285714286","0","192","2022-05-11T17:50:00.000Z","1652291400",
"2551","22b77d7829c68dcd","E2:1F:7B:35:CC:08","26.041666666666668","0","1.1160714285714286","0","192","2022-05-11T17:51:00.000Z","1652291460",
"2551","22b77d7829c68dcd","E2:1F:7B:35:CC:08","22.916666666666668","0","1.0416666666666667","0","192","2022-05-11T17:52:00.000Z","1652291520",
"2551","22b77d7829c68dcd","E2:1F:7B:35:CC:08","29.166666666666668","0","0.78125","0","192","2022-05-11T17:53:00.000Z","1652291580",
"2551","22b77d7829c68dcd","E2:1F:7B:35:CC:08","28.125","1","0.8223684210526315","0","192","2022-05-11T17:54:00.000Z","1652291640",
"2551","22b77d7829c68dcd","E2:1F:7B:35:CC:08","27.083333333333332","3","0.9191176470588235","1","192","2022-05-11T17:55:00.000Z","1652291700",
"2551","22b77d7829c68dcd","E2:1F:7B:35:CC:08","22.916666666666668","0","0.8680555555555556","0","192","2022-05-11T17:56:00.000Z","1652291760",
"2551","22b77d7829c68dcd","E2:1F:7B:35:CC:08","25.396825396825395","1","0.8223684210526315","2","189","2022-05-11T17:58:00.000Z","1652291880",
"2551","22b77d7829c68dcd","E2:1F:7B:35:CC:08","26.455026455026456","1","0.8223684210526315","1","189","2022-05-11T17:59:00.000Z","1652291940",
"2551","22b77d7829c68dcd","E2:1F:7B:35:CC:08","24.33862433862434","1","0.9191176470588235","0","189","2022-05-11T18:00:00.000Z","1652292000",
"2551","22b77d7829c68dcd","E2:1F:7B:35:CC:08","26.455026455026456","0","0.8680555555555556","1","189","2022-05-11T18:01:00.000Z","1652292060",
"2551","22b77d7829c68dcd","E2:1F:7B:35:CC:08","27.513227513227513","2","0.8680555555555556","0","189","2022-05-11T18:02:00.000Z","1652292120",
"2551","22b77d7829c68dcd","E2:1F:7B:35:CC:08","32.804232804232804","3","0.78125","4","189","2022-05-11T18:03:00.000Z","1652292180",
"2551","22b77d7829c68dcd","E2:1F:7B:35:CC:08","28.571428571428573","1","0.78125","0","189","2022-05-11T18:04:00.000Z","1652292240",
"2551","22b77d7829c68dcd","E2:1F:7B:35:CC:08","17.98941798941799","1","0.78125","0","189","2022-05-11T18:05:00.000Z","1652292300",
"2551","22b77d7829c68dcd","E2:1F:7B:35:CC:08","25.396825396825395","3","0.7440476190476191","1","189","2022-05-11T18:06:00.000Z","1652292360",
"2551","22b77d7829c68dcd","E2:1F:7B:35:CC:08","24.33862433862434","3","0.7440476190476191","2","189","2022-05-11T18:07:00.000Z","1652292420",
"2551","22b77d7829c68dcd","E2:1F:7B:35:CC:08","35.97883597883598","1","0.8223684210526315","2","189","2022-05-11T18:08:00.000Z","1652292480",
"2551","22b77d7829c68dcd","E2:1F:7B:35:CC:08","26.455026455026456","2","0.78125","0","189","2022-05-11T18:09:00.000Z","1652292540",
"2551","22b77d7829c68dcd","E2:1F:7B:35:CC:08","21.164021164021165","1","0.78125","0","189","2022-05-11T18:10:00.000Z","1652292600",
"2551","22b77d7829c68dcd","E2:1F:7B:35:CC:08","12.698412698412698","0","0.78125","0","189","2022-05-11T18:11:00.000Z","1652292660",
"2551","22b77d7829c68dcd","E2:1F:7B:35:CC:08","22.22222222222222","0","0.7440476190476191","0","189","2022-05-11T18:12:00.000Z","1652292720",
"2551","22b77d7829c68dcd","E2:1F:7B:35:CC:08","14.814814814814815","0","0.7440476190476191","0","189","2022-05-11T18:13:00.000Z","1652292780",
"2551","22b77d7829c68dcd","E2:1F:7B:35:CC:08","7.407407407407407","0","0.7440476190476191","0","189","2022-05-11T18:14:00.000Z","1652292840",
"2551","22b77d7829c68dcd","E2:1F:7B:35:CC:08","15.873015873015873","1","0.6793478260869565","2","189","2022-05-11T18:15:00.000Z","1652292900",
"2551","22b77d7829c68dcd","E2:1F:7B:35:CC:08","21.164021164021165","2","0.7102272727272727","0","189","2022-05-11T18:16:00.000Z","1652292960",
"2551","22b77d7829c68dcd","E2:1F:7B:35:CC:08","10.582010582010582","0","0.7440476190476191","0","189","2022-05-11T18:17:00.000Z","1652293020",
"2551","22b77d7829c68dcd","E2:1F:7B:35:CC:08","8.465608465608465","0","0.7440476190476191","0","189","2022-05-11T18:18:00.000Z","1652293080",
"2551","22b77d7829c68dcd","E2:1F:7B:35:CC:08","5.291005291005291","0","0.7440476190476191","0","189","2022-05-11T18:19:00.000Z","1652293140",
"2551","22b77d7829c68dcd","E2:1F:7B:35:CC:08","10.582010582010582","0","0.7440476190476191","0","189","2022-05-11T18:20:00.000Z","1652293200",
"2551","22b77d7829c68dcd","E2:1F:7B:35:CC:08","28.571428571428573","2","0.6510416666666666","0","189","2022-05-11T18:21:00.000Z","1652293260",
"2551","22b77d7829c68dcd","E2:1F:7B:35:CC:08","27.513227513227513","6","0.6510416666666666","0","189","2022-05-11T18:22:00.000Z","1652293320",
"2551","22b77d7829c68dcd","E2:1F:7B:35:CC:08","24.33862433862434","0","0.6793478260869565","0","189","2022-05-11T18:23:00.000Z","1652293380",
"2551","22b77d7829c68dcd","E2:1F:7B:35:CC:08","29.62962962962963","3","0.6510416666666666","0","189","2022-05-11T18:24:00.000Z","1652293440",
"2551","22b77d7829c68dcd","E2:1F:7B:35:CC:08","28.571428571428573","0","0.6793478260869565","0","189","2022-05-11T18:25:00.000Z","1652293500",
"2551","22b77d7829c68dcd","E2:1F:7B:35:CC:08","32.804232804232804","5","0.78125","0","189","2022-05-11T18:26:00.000Z","1652293560",
"2551","22b77d7829c68dcd","E2:1F:7B:35:CC:08","57.142857142857146","5","1.0416666666666667","0","189","2022-05-11T18:27:00.000Z","1652293620",
"2551","22b77d7829c68dcd","E2:1F:7B:35:CC:08","80.42328042328042","5","0.9191176470588235","0","189","2022-05-11T18:28:00.000Z","1652293680",
"2551","22b77d7829c68dcd","E2:1F:7B:35:CC:08","59.25925925925926","2","1.0416666666666667","0","189","2022-05-11T18:29:00.000Z","1652293740",
"2551","22b77d7829c68dcd","E2:1F:7B:35:CC:08","58.2010582010582","4","1.2019230769230769","0","189","2022-05-11T18:30:00.000Z","1652293800",
"2551","22b77d7829c68dcd","E2:1F:7B:35:CC:08","87.83068783068784","2","1.4204545454545454","4","189","2022-05-11T18:31:00.000Z","1652293860",
"2551","22b77d7829c68dcd","E2:1F:7B:35:CC:08","79.36507936507937","0","1.1160714285714286","0","189","2022-05-11T18:32:00.000Z","1652293920",
"2551","22b77d7829c68dcd","E2:1F:7B:35:CC:08","57.142857142857146","2","1.1160714285714286","1","189","2022-05-11T18:33:00.000Z","1652293980",
"2551","22b77d7829c68dcd","E2:1F:7B:35:CC:08","49.735449735449734","2","1.0416666666666667","1","189","2022-05-11T18:34:00.000Z","1652294040",
"2551","22b77d7829c68dcd","E2:1F:7B:35:CC:08","30.687830687830687","1","0.9765625","0","189","2022-05-11T18:35:00.000Z","1652294100",
"2551","22b77d7829c68dcd","E2:1F:7B:35:CC:08","21.164021164021165","0","0.9191176470588235","0","189","2022-05-11T18:36:00.000Z","1652294160",
"2551","22b77d7829c68dcd","E2:1F:7B:35:CC:08","21.164021164021165","0","0.8680555555555556","0","189","2022-05-11T18:37:00.000Z","1652294220",
"2551","22b77d7829c68dcd","E2:1F:7B:35:CC:08","28.571428571428573","5","0.8680555555555556","0","189","2022-05-11T18:38:00.000Z","1652294280",
"2551","22b77d7829c68dcd","E2:1F:7B:35:CC:08","31.746031746031747","1","0.7440476190476191","0","189","2022-05-11T18:39:00.000Z","1652294340",
"2551","22b77d7829c68dcd","E2:1F:7B:35:CC:08","34.92063492063492","5","0.7102272727272727","0","189","2022-05-11T18:40:00.000Z","1652294400",
"2551","22b77d7829c68dcd","E2:1F:7B:35:CC:08","61.37566137566137","5","0.7440476190476191","0","189","2022-05-11T18:41:00.000Z","1652294460",
"2551","22b77d7829c68dcd","E2:1F:7B:35:CC:08","58.2010582010582","3","0.7440476190476191","0","189","2022-05-11T18:42:00.000Z","1652294520",
"2551","22b77d7829c68dcd","E2:1F:7B:35:CC:08","51.851851851851855","5","0.7440476190476191","1","189","2022-05-11T18:44:00.000Z","1652294640",
"2551","22b77d7829c68dcd","E2:1F:7B:35:CC:08","41.26984126984127","0","0.8223684210526315","0","189","2022-05-11T18:45:00.000Z","1652294700",
"2551","22b77d7829c68dcd","E2:1F:7B:35:CC:08","63.492063492063494","8","1.1160714285714286","0","189","2022-05-11T18:46:00.000Z","1652294760",
"2551","22b77d7829c68dcd","E2:1F:7B:35:CC:08","73.01587301587301","5","1.2019230769230769","0","189","2022-05-11T18:47:00.000Z","1652294820",
"2551","22b77d7829c68dcd","E2:1F:7B:35:CC:08","76.19047619047619","3","1.2019230769230769","0","189","2022-05-11T18:48:00.000Z","1652294880",
"2551","22b77d7829c68dcd","E2:1F:7B:35:CC:08","89.94708994708995","6","1.3020833333333333","0","189","2022-05-11T18:49:00.000Z","1652294940",
"2551","22b77d7829c68dcd","E2:1F:7B:35:CC:08","73.01587301587301","0","1.1160714285714286","0","189","2022-05-11T18:50:00.000Z","1652295000",
"2551","22b77d7829c68dcd","E2:1F:7B:35:CC:08","67.72486772486772","0","1.1160714285714286","0","189","2022-05-11T18:51:00.000Z","1652295060",
"2551","22b77d7829c68dcd","E2:1F:7B:35:CC:08","51.851851851851855","3","1.1160714285714286","0","189","2022-05-11T18:52:00.000Z","1652295120",
"2551","22b77d7829c68dcd","E2:1F:7B:35:CC:08","41.26984126984127","1","1.1160714285714286","0","189","2022-05-11T18:53:00.000Z","1652295180",
"2551","22b77d7829c68dcd","E2:1F:7B:35:CC:08","41.26984126984127","1","1.1160714285714286","0","189","2022-05-11T18:54:00.000Z","1652295240",
"2551","22b77d7829c68dcd","E2:1F:7B:35:CC:08","77.24867724867725","2","1.2019230769230769","0","189","2022-05-11T18:55:00.000Z","1652295300",
"2551","22b77d7829c68dcd","E2:1F:7B:35:CC:08","78.3068783068783","3","1.3020833333333333","0","189","2022-05-11T18:56:00.000Z","1652295360",
"2551","22b77d7829c68dcd","E2:1F:7B:35:CC:08","64.55026455026454","1","1.2019230769230769","0","189","2022-05-11T18:57:00.000Z","1652295420",
"2551","22b77d7829c68dcd","E2:1F:7B:35:CC:08","65.60846560846561","5","1.5625","0","189","2022-05-11T18:58:00.000Z","1652295480",
"2551","22b77d7829c68dcd","E2:1F:7B:35:CC:08","74.07407407407408","0","1.2019230769230769","0","189","2022-05-11T18:59:00.000Z","1652295540",
"2551","22b77d7829c68dcd","E2:1F:7B:35:CC:08","47.61904761904762","0","1.1160714285714286","0","189","2022-05-11T19:00:00.000Z","1652295600",
"2551","22b77d7829c68dcd","E2:1F:7B:35:CC:08","68.78306878306879","2","1.4204545454545454","0","189","2022-05-11T19:01:00.000Z","1652295660",
"2551","22b77d7829c68dcd","E2:1F:7B:35:CC:08","63.492063492063494","3","1.3020833333333333","0","189","2022-05-11T19:02:00.000Z","1652295720",
"2551","22b77d7829c68dcd","E2:1F:7B:35:CC:08","44.44444444444444","0","1.2019230769230769","0","189","2022-05-11T19:03:00.000Z","1652295780",
"2551","22b77d7829c68dcd","E2:1F:7B:35:CC:08","39.15343915343915","3","0.9765625","1","189","2022-05-11T19:04:00.000Z","1652295840",
"2551","22b77d7829c68dcd","E2:1F:7B:35:CC:08","35.97883597883598","1","0.9765625","0","189","2022-05-11T19:05:00.000Z","1652295900",
"2551","22b77d7829c68dcd","E2:1F:7B:35:CC:08","24.33862433862434","0","0.9191176470588235","0","189","2022-05-11T19:06:00.000Z","1652295960",
"2551","22b77d7829c68dcd","E2:1F:7B:35:CC:08","50.79365079365079","3","1.1160714285714286","1","189","2022-05-11T19:07:00.000Z","1652296020",
"2551","22b77d7829c68dcd","E2:1F:7B:35:CC:08","62.43386243386244","1","1.2019230769230769","0","189","2022-05-11T19:08:00.000Z","1652296080",
"2551","22b77d7829c68dcd","E2:1F:7B:35:CC:08","67.72486772486772","1","1.0416666666666667","0","189","2022-05-11T19:09:00.000Z","1652296140",
"2551","22b77d7829c68dcd","E2:1F:7B:35:CC:08","52.91005291005291","0","1.0416666666666667","0","189","2022-05-11T19:10:00.000Z","1652296200",
"2551","22b77d7829c68dcd","E2:1F:7B:35:CC:08","52.91005291005291","1","1.0416666666666667","0","189","2022-05-11T19:11:00.000Z","1652296260",
"2551","22b77d7829c68dcd","E2:1F:7B:35:CC:08","30.687830687830687","0","0.9765625","0","189","2022-05-11T19:12:00.000Z","1652296320",
"2551","22b77d7829c68dcd","E2:1F:7B:35:CC:08","23.280423280423282","2","1.0416666666666667","0","189","2022-05-11T19:13:00.000Z","1652296380",
"2551","22b77d7829c68dcd","E2:1F:7B:35:CC:08","41.26984126984127","4","1.1160714285714286","0","189","2022-05-11T19:14:00.000Z","1652296440",
"2551","22b77d7829c68dcd","E2:1F:7B:35:CC:08","30.687830687830687","1","1.1160714285714286","0","189","2022-05-11T19:15:00.000Z","1652296500",
"2551","22b77d7829c68dcd","E2:1F:7B:35:CC:08","39.15343915343915","5","1.3020833333333333","0","189","2022-05-11T19:16:00.000Z","1652296560",
"2551","22b77d7829c68dcd","E2:1F:7B:35:CC:08","39.15343915343915","2","1.3020833333333333","0","189","2022-05-11T19:17:00.000Z","1652296620",
"2551","22b77d7829c68dcd","E2:1F:7B:35:CC:08","31.746031746031747","1","1.3020833333333333","0","189","2022-05-11T19:18:00.000Z","1652296680",
"2551","22b77d7829c68dcd","E2:1F:7B:35:CC:08","25.396825396825395","0","1.2019230769230769","0","189","2022-05-11T19:19:00.000Z","1652296740",
"2551","22b77d7829c68dcd","E2:1F:7B:35:CC:08","31.746031746031747","3","1.2019230769230769","0","189","2022-05-11T19:20:00.000Z","1652296800",
"2551","22b77d7829c68dcd","E2:1F:7B:35:CC:08","27.513227513227513","0","1.1160714285714286","0","189","2022-05-11T19:21:00.000Z","1652296860",
"2551","22b77d7829c68dcd","E2:1F:7B:35:CC:08","23.280423280423282","3","1.2019230769230769","0","189","2022-05-11T19:22:00.000Z","1652296920",
"2551","22b77d7829c68dcd","E2:1F:7B:35:CC:08","46.560846560846564","6","1.3020833333333333","7","189","2022-05-11T19:23:00.000Z","1652296980",
"2551","22b77d7829c68dcd","E2:1F:7B:35:CC:08","46.560846560846564","0","1.2019230769230769","0","189","2022-05-11T19:24:00.000Z","1652297040",
"2551","22b77d7829c68dcd","E2:1F:7B:35:CC:08","62.10526315789474","2","1.3020833333333333","1","190","2022-05-11T19:26:00.000Z","1652297160",
"2551","22b77d7829c68dcd","E2:1F:7B:35:CC:08","86.3157894736842","6","1.953125","0","190","2022-05-11T19:27:00.000Z","1652297220",
"2551","22b77d7829c68dcd","E2:1F:7B:35:CC:08","100","8","2.232142857142857","0","190","2022-05-11T19:28:00.000Z","1652297280",
"2551","22b77d7829c68dcd","E2:1F:7B:35:CC:08","90.52631578947368","6","2.232142857142857","0","190","2022-05-11T19:29:00.000Z","1652297340",
"2551","22b77d7829c68dcd","E2:1F:7B:35:CC:08","83.15789473684211","9","2.232142857142857","0","190","2022-05-11T19:30:00.000Z","1652297400",
"2551","22b77d7829c68dcd","E2:1F:7B:35:CC:08","87.36842105263158","3","2.232142857142857","0","190","2022-05-11T19:31:00.000Z","1652297460",
"2551","22b77d7829c68dcd","E2:1F:7B:35:CC:08","94.73684210526316","4","1.953125","2","190","2022-05-11T19:32:00.000Z","1652297520",
"2551","22b77d7829c68dcd","E2:1F:7B:35:CC:08","69.47368421052632","0","1.5625","1","190","2022-05-11T19:33:00.000Z","1652297580",
"2551","22b77d7829c68dcd","E2:1F:7B:35:CC:08","54.73684210526316","1","1.4204545454545454","0","190","2022-05-11T19:34:00.000Z","1652297640",
"2551","22b77d7829c68dcd","E2:1F:7B:35:CC:08","55.78947368421053","2","1.3020833333333333","0","190","2022-05-11T19:35:00.000Z","1652297700",
"2551","22b77d7829c68dcd","E2:1F:7B:35:CC:08","49.473684210526315","2","1.3020833333333333","0","190","2022-05-11T19:36:00.000Z","1652297760",
"2551","22b77d7829c68dcd","E2:1F:7B:35:CC:08","47.36842105263158","1","1.2019230769230769","0","190","2022-05-11T19:37:00.000Z","1652297820",
"2551","22b77d7829c68dcd","E2:1F:7B:35:CC:08","33.68421052631579","0","1.1160714285714286","0","190","2022-05-11T19:38:00.000Z","1652297880",
"2551","22b77d7829c68dcd","E2:1F:7B:35:CC:08","25.263157894736842","0","1.1160714285714286","0","190","2022-05-11T19:39:00.000Z","1652297940",
"2551","22b77d7829c68dcd","E2:1F:7B:35:CC:08","37.89473684210526","2","1.2019230769230769","1","190","2022-05-11T19:40:00.000Z","1652298000",
"2551","22b77d7829c68dcd","E2:1F:7B:35:CC:08","40","2","1.2019230769230769","0","190","2022-05-11T19:41:00.000Z","1652298060",
"2551","22b77d7829c68dcd","E2:1F:7B:35:CC:08","29.473684210526315","0","1.1160714285714286","0","190","2022-05-11T19:42:00.000Z","1652298120",
"2551","22b77d7829c68dcd","E2:1F:7B:35:CC:08","36.8421052631579","2","1.1160714285714286","1","190","2022-05-11T19:43:00.000Z","1652298180",
"2551","22b77d7829c68dcd","E2:1F:7B:35:CC:08","32.63157894736842","2","1.0416666666666667","0","190","2022-05-11T19:44:00.000Z","1652298240",
"2551","22b77d7829c68dcd","E2:1F:7B:35:CC:08","36.8421052631579","5","1.4204545454545454","0","190","2022-05-11T19:45:00.000Z","1652298300",
"2551","22b77d7829c68dcd","E2:1F:7B:35:CC:08","52.63157894736842","0","1.2019230769230769","0","190","2022-05-11T19:46:00.000Z","1652298360",
"2551","22b77d7829c68dcd","E2:1F:7B:35:CC:08","60","1","1.3020833333333333","0","190","2022-05-11T19:47:00.000Z","1652298420",
"2551","22b77d7829c68dcd","E2:1F:7B:35:CC:08","73.6842105263158","3","1.4204545454545454","1","190","2022-05-11T19:48:00.000Z","1652298480",
"2551","22b77d7829c68dcd","E2:1F:7B:35:CC:08","71.57894736842105","1","1.2019230769230769","0","190","2022-05-11T19:49:00.000Z","1652298540",
"2551","22b77d7829c68dcd","E2:1F:7B:35:CC:08","55.78947368421053","1","1.2019230769230769","0","190","2022-05-11T19:50:00.000Z","1652298600",
"2551","22b77d7829c68dcd","E2:1F:7B:35:CC:08","43.1578947368421","3","1.4204545454545454","0","190","2022-05-11T19:52:00.000Z","1652298720",
"2551","22b77d7829c68dcd","E2:1F:7B:35:CC:08","53.68421052631579","0","1.3020833333333333","0","190","2022-05-11T19:53:00.000Z","1652298780",
"2551","22b77d7829c68dcd","E2:1F:7B:35:CC:08","51.578947368421055","2","1.5625","0","190","2022-05-11T19:54:00.000Z","1652298840",
"2551","22b77d7829c68dcd","E2:1F:7B:35:CC:08","76.84210526315789","4","1.5625","0","190","2022-05-11T19:55:00.000Z","1652298900",
"2551","22b77d7829c68dcd","E2:1F:7B:35:CC:08","65.26315789473684","2","1.4204545454545454","1","190","2022-05-11T19:56:00.000Z","1652298960",
"2551","22b77d7829c68dcd","E2:1F:7B:35:CC:08","62.10526315789474","1","1.3020833333333333","0","190","2022-05-11T19:57:00.000Z","1652299020",
"2551","22b77d7829c68dcd","E2:1F:7B:35:CC:08","62.10526315789474","5","1.0416666666666667","0","190","2022-05-11T19:58:00.000Z","1652299080",
"2551","22b77d7829c68dcd","E2:1F:7B:35:CC:08","50.526315789473685","3","1.4204545454545454","0","190","2022-05-11T19:59:00.000Z","1652299140",
"2551","22b77d7829c68dcd","E2:1F:7B:35:CC:08","56.8421052631579","5","1.5625","0","190","2022-05-11T20:00:00.000Z","1652299200",
"2551","22b77d7829c68dcd","E2:1F:7B:35:CC:08","74.73684210526316","6","1.7361111111111112","0","190","2022-05-11T20:02:00.000Z","1652299320",
"2551","22b77d7829c68dcd","E2:1F:7B:35:CC:08","74.3455497382199","2","1.7361111111111112","2","191","2022-05-11T20:04:00.000Z","1652299440",
"2551","22b77d7829c68dcd","E2:1F:7B:35:CC:08","94.24083769633508","3","1.7361111111111112","0","191","2022-05-11T20:05:00.000Z","1652299500",
"2551","22b77d7829c68dcd","E2:1F:7B:35:CC:08","65.96858638743456","2","1.2019230769230769","9","191","2022-05-11T20:06:00.000Z","1652299560",
"2551","22b77d7829c68dcd","E2:1F:7B:35:CC:08","79.58115183246073","7","1.4204545454545454","4","191","2022-05-11T20:07:00.000Z","1652299620",
"2551","22b77d7829c68dcd","E2:1F:7B:35:CC:08","100","6","2.232142857142857","0","198","2022-05-11T20:08:00.000Z","1652299680",
"2551","22b77d7829c68dcd","E2:1F:7B:35:CC:08","100","1","1.5625","1","198","2022-05-11T20:09:00.000Z","1652299740",
"2551","22b77d7829c68dcd","E2:1F:7B:35:CC:08","82.82828282828282","4","1.7361111111111112","0","198","2022-05-11T20:10:00.000Z","1652299800",
"2551","22b77d7829c68dcd","E2:1F:7B:35:CC:08","89.8989898989899","5","1.953125","0","198","2022-05-11T20:11:00.000Z","1652299860",
"2551","22b77d7829c68dcd","E2:1F:7B:35:CC:08","93.93939393939394","2","1.7361111111111112","1","198","2022-05-11T20:12:00.000Z","1652299920",
"2551","22b77d7829c68dcd","E2:1F:7B:35:CC:08","78.78787878787878","4","1.7361111111111112","7","198","2022-05-11T20:13:00.000Z","1652299980",
"2551","22b77d7829c68dcd","E2:1F:7B:35:CC:08","67.67676767676768","1","1.7361111111111112","1","198","2022-05-11T20:14:00.000Z","1652300040",
"2551","22b77d7829c68dcd","E2:1F:7B:35:CC:08","93.93939393939394","1","1.5625","0","198","2022-05-11T20:15:00.000Z","1652300100",
"2551","22b77d7829c68dcd","E2:1F:7B:35:CC:08","54.54545454545455","0","1.4204545454545454","0","198","2022-05-11T20:16:00.000Z","1652300160",
"2551","22b77d7829c68dcd","E2:1F:7B:35:CC:08","72.72727272727273","6","1.7361111111111112","1","198","2022-05-11T20:17:00.000Z","1652300220",
"2551","22b77d7829c68dcd","E2:1F:7B:35:CC:08","79.79797979797979","7","1.953125","4","198","2022-05-11T20:18:00.000Z","1652300280",
"2551","22b77d7829c68dcd","E2:1F:7B:35:CC:08","100","2","1.953125","2","198","2022-05-11T20:19:00.000Z","1652300340",
"2551","22b77d7829c68dcd","E2:1F:7B:35:CC:08","91.91919191919192","4","2.232142857142857","1","198","2022-05-11T20:20:00.000Z","1652300400",
"2551","22b77d7829c68dcd","E2:1F:7B:35:CC:08","71.71717171717172","4","1.953125","4","198","2022-05-11T20:21:00.000Z","1652300460",
"2551","22b77d7829c68dcd","E2:1F:7B:35:CC:08","97.97979797979798","3","1.7361111111111112","1","198","2022-05-11T20:22:00.000Z","1652300520",
"2551","22b77d7829c68dcd","E2:1F:7B:35:CC:08","100","5","2.232142857142857","1","198","2022-05-11T20:23:00.000Z","1652300580",
"2551","22b77d7829c68dcd","E2:1F:7B:35:CC:08","100","2","1.953125","0","198","2022-05-11T20:24:00.000Z","1652300640",
"2551","22b77d7829c68dcd","E2:1F:7B:35:CC:08","92.92929292929293","3","1.7361111111111112","0","198","2022-05-11T20:25:00.000Z","1652300700",
"2551","22b77d7829c68dcd","E2:1F:7B:35:CC:08","71.71717171717172","2","1.4204545454545454","0","198","2022-05-11T20:26:00.000Z","1652300760",
"2551","22b77d7829c68dcd","E2:1F:7B:35:CC:08","48.484848484848484","0","1.4204545454545454","0","198","2022-05-11T20:27:00.000Z","1652300820",
"2551","22b77d7829c68dcd","E2:1F:7B:35:CC:08","35.35353535353536","1","1.3020833333333333","0","198","2022-05-11T20:28:00.000Z","1652300880",
"2551","22b77d7829c68dcd","E2:1F:7B:35:CC:08","36.36363636363637","2","1.3020833333333333","1","198","2022-05-11T20:29:00.000Z","1652300940",
"2551","22b77d7829c68dcd","E2:1F:7B:35:CC:08","54.54545454545455","3","1.4204545454545454","0","198","2022-05-11T20:30:00.000Z","1652301000",
"2551","22b77d7829c68dcd","E2:1F:7B:35:CC:08","85.85858585858585","3","1.5625","0","198","2022-05-11T20:31:00.000Z","1652301060",
"2551","22b77d7829c68dcd","E2:1F:7B:35:CC:08","91.91919191919192","5","1.7361111111111112","0","198","2022-05-11T20:32:00.000Z","1652301120",
"2551","22b77d7829c68dcd","E2:1F:7B:35:CC:08","57.57575757575758","0","1.4204545454545454","0","198","2022-05-11T20:33:00.000Z","1652301180",
"2551","22b77d7829c68dcd","E2:1F:7B:35:CC:08","88.88888888888889","5","1.953125","0","198","2022-05-11T20:34:00.000Z","1652301240",
"2551","22b77d7829c68dcd","E2:1F:7B:35:CC:08","100","4","2.232142857142857","0","198","2022-05-11T20:35:00.000Z","1652301300",
"2551","22b77d7829c68dcd","E2:1F:7B:35:CC:08","96.96969696969697","3","1.7361111111111112","0","198","2022-05-11T20:36:00.000Z","1652301360",
"2551","22b77d7829c68dcd","E2:1F:7B:35:CC:08","92.92929292929293","4","1.953125","0","198","2022-05-11T20:37:00.000Z","1652301420",
"2551","22b77d7829c68dcd","E2:1F:7B:35:CC:08","93.93939393939394","2","1.953125","0","198","2022-05-11T20:38:00.000Z","1652301480",
"2551","22b77d7829c68dcd","E2:1F:7B:35:CC:08","71.71717171717172","1","1.7361111111111112","0","198","2022-05-11T20:39:00.000Z","1652301540",
"2551","22b77d7829c68dcd","E2:1F:7B:35:CC:08","57.57575757575758","4","1.953125","0","198","2022-05-11T20:40:00.000Z","1652301600",
"2551","22b77d7829c68dcd","E2:1F:7B:35:CC:08","83.83838383838383","4","1.953125","0","198","2022-05-11T20:41:00.000Z","1652301660",
"2551","22b77d7829c68dcd","E2:1F:7B:35:CC:08","80.8080808080808","0","1.953125","0","198","2022-05-11T20:42:00.000Z","1652301720",
"2551","22b77d7829c68dcd","E2:1F:7B:35:CC:08","100","2","2.6041666666666665","0","198","2022-05-11T20:43:00.000Z","1652301780",
"2551","22b77d7829c68dcd","E2:1F:7B:35:CC:08","100","7","2.232142857142857","0","198","2022-05-11T20:44:00.000Z","1652301840",
"2551","22b77d7829c68dcd","E2:1F:7B:35:CC:08","100","3","2.232142857142857","4","198","2022-05-11T20:45:00.000Z","1652301900",
"2551","22b77d7829c68dcd","E2:1F:7B:35:CC:08","100","3","1.953125","1","198","2022-05-11T20:46:00.000Z","1652301960",
"2551","22b77d7829c68dcd","E2:1F:7B:35:CC:08","94.94949494949495","3","1.953125","0","198","2022-05-11T20:47:00.000Z","1652302020",
"2551","22b77d7829c68dcd","E2:1F:7B:35:CC:08","76.76767676767676","1","1.7361111111111112","0","198","2022-05-11T20:48:00.000Z","1652302080",
"2551","22b77d7829c68dcd","E2:1F:7B:35:CC:08","65.65656565656566","0","1.5625","0","198","2022-05-11T20:49:00.000Z","1652302140",
"2551","22b77d7829c68dcd","E2:1F:7B:35:CC:08","79.79797979797979","5","1.953125","1","198","2022-05-11T20:50:00.000Z","1652302200",
"2551","22b77d7829c68dcd","E2:1F:7B:35:CC:08","82.82828282828282","4","3.125","1","198","2022-05-11T20:51:00.000Z","1652302260",
"2551","22b77d7829c68dcd","E2:1F:7B:35:CC:08","71.71717171717172","3","3.125","0","198","2022-05-11T20:52:00.000Z","1652302320",
"2551","22b77d7829c68dcd","E2:1F:7B:35:CC:08","69.6969696969697","0","2.6041666666666665","0","198","2022-05-11T20:53:00.000Z","1652302380",
"2551","22b77d7829c68dcd","E2:1F:7B:35:CC:08","66.66666666666667","2","2.6041666666666665","0","198","2022-05-11T20:54:00.000Z","1652302440",
"2551","22b77d7829c68dcd","E2:1F:7B:35:CC:08","74.74747474747475","3","2.232142857142857","0","198","2022-05-11T20:55:00.000Z","1652302500",
"2551","22b77d7829c68dcd","E2:1F:7B:35:CC:08","64.64646464646465","3","2.6041666666666665","0","198","2022-05-11T20:56:00.000Z","1652302560",
"2551","22b77d7829c68dcd","E2:1F:7B:35:CC:08","68.68686868686869","3","2.6041666666666665","0","198","2022-05-11T20:57:00.000Z","1652302620",
"2551","22b77d7829c68dcd","E2:1F:7B:35:CC:08","75.75757575757575","2","2.232142857142857","0","198","2022-05-11T20:58:00.000Z","1652302680",
"2551","22b77d7829c68dcd","E2:1F:7B:35:CC:08","68.68686868686869","0","1.953125","0","198","2022-05-11T20:59:00.000Z","1652302740",
"2551","22b77d7829c68dcd","E2:1F:7B:35:CC:08","55.55555555555556","1","1.953125","0","198","2022-05-11T21:00:00.000Z","1652302800",
"2551","22b77d7829c68dcd","E2:1F:7B:35:CC:08","68.68686868686869","1","1.953125","2","198","2022-05-11T21:01:00.000Z","1652302860",
"2551","22b77d7829c68dcd","E2:1F:7B:35:CC:08","97.97979797979798","4","2.232142857142857","0","198","2022-05-11T21:02:00.000Z","1652302920",
"2551","22b77d7829c68dcd","E2:1F:7B:35:CC:08","100","3","3.125","5","198","2022-05-11T21:03:00.000Z","1652302980",
"2551","22b77d7829c68dcd","E2:1F:7B:35:CC:08","100","2","2.232142857142857","9","198","2022-05-11T21:04:00.000Z","1652303040",
"2551","22b77d7829c68dcd","E2:1F:7B:35:CC:08","79.79797979797979","1","1.953125","0","198","2022-05-11T21:05:00.000Z","1652303100",
"2551","22b77d7829c68dcd","E2:1F:7B:35:CC:08","75.75757575757575","3","2.232142857142857","0","198","2022-05-11T21:06:00.000Z","1652303160",
"2551","22b77d7829c68dcd","E2:1F:7B:35:CC:08","81.81818181818181","0","1.7361111111111112","0","198","2022-05-11T21:07:00.000Z","1652303220",
"2551","22b77d7829c68dcd","E2:1F:7B:35:CC:08","54.54545454545455","1","1.7361111111111112","1","198","2022-05-11T21:08:00.000Z","1652303280",
"2551","22b77d7829c68dcd","E2:1F:7B:35:CC:08","51.515151515151516","3","1.7361111111111112","0","198","2022-05-11T21:09:00.000Z","1652303340",
"2551","22b77d7829c68dcd","E2:1F:7B:35:CC:08","45.45454545454545","0","1.7361111111111112","0","198","2022-05-11T21:10:00.000Z","1652303400",
"2551","22b77d7829c68dcd","E2:1F:7B:35:CC:08","60.60606060606061","1","1.7361111111111112","0","198","2022-05-11T21:11:00.000Z","1652303460",
"2551","22b77d7829c68dcd","E2:1F:7B:35:CC:08","62.62626262626262","2","1.5625","0","198","2022-05-11T21:12:00.000Z","1652303520",
"2551","22b77d7829c68dcd","E2:1F:7B:35:CC:08","57.57575757575758","3","1.7361111111111112","1","198","2022-05-11T21:13:00.000Z","1652303580",
"2551","22b77d7829c68dcd","E2:1F:7B:35:CC:08","77.77777777777777","2","1.7361111111111112","0","198","2022-05-11T21:14:00.000Z","1652303640",
"2551","22b77d7829c68dcd","E2:1F:7B:35:CC:08","64.64646464646465","1","1.5625","0","198","2022-05-11T21:15:00.000Z","1652303700",
"2551","22b77d7829c68dcd","E2:1F:7B:35:CC:08","46.464646464646464","0","1.4204545454545454","0","198","2022-05-11T21:16:00.000Z","1652303760",
"2551","22b77d7829c68dcd","E2:1F:7B:35:CC:08","65.65656565656566","4","1.7361111111111112","0","198","2022-05-11T21:17:00.000Z","1652303820",
"2551","22b77d7829c68dcd","E2:1F:7B:35:CC:08","55.55555555555556","1","1.5625","0","198","2022-05-11T21:18:00.000Z","1652303880",
"2551","22b77d7829c68dcd","E2:1F:7B:35:CC:08","61.30653266331658","5","1.5625","0","199","2022-05-11T21:20:00.000Z","1652304000",
"2551","22b77d7829c68dcd","E2:1F:7B:35:CC:08","52.26130653266332","1","1.5625","0","199","2022-05-11T21:21:00.000Z","1652304060",
"2551","22b77d7829c68dcd","E2:1F:7B:35:CC:08","53.266331658291456","2","1.5625","0","199","2022-05-11T21:22:00.000Z","1652304120",
"2551","22b77d7829c68dcd","E2:1F:7B:35:CC:08","81.4070351758794","3","1.5625","0","199","2022-05-11T21:23:00.000Z","1652304180",
"2551","22b77d7829c68dcd","E2:1F:7B:35:CC:08","70.35175879396985","0","1.5625","0","199","2022-05-11T21:24:00.000Z","1652304240",
"2551","22b77d7829c68dcd","E2:1F:7B:35:CC:08","100","3","1.7361111111111112","0","199","2022-05-11T21:25:00.000Z","1652304300",
"2551","22b77d7829c68dcd","E2:1F:7B:35:CC:08","84.42211055276383","2","1.7361111111111112","0","199","2022-05-11T21:26:00.000Z","1652304360",
"2551","22b77d7829c68dcd","E2:1F:7B:35:CC:08","60.301507537688444","2","1.5625","0","199","2022-05-11T21:27:00.000Z","1652304420",
"2551","22b77d7829c68dcd","E2:1F:7B:35:CC:08","70.35175879396985","2","1.7361111111111112","1","199","2022-05-11T21:28:00.000Z","1652304480",
"2551","22b77d7829c68dcd","E2:1F:7B:35:CC:08","58.29145728643216","0","1.4204545454545454","0","199","2022-05-11T21:29:00.000Z","1652304540",
"2551","22b77d7829c68dcd","E2:1F:7B:35:CC:08","51.256281407035175","2","1.5625","2","199","2022-05-11T21:30:00.000Z","1652304600",
"2551","22b77d7829c68dcd","E2:1F:7B:35:CC:08","42.21105527638191","0","1.4204545454545454","0","199","2022-05-11T21:31:00.000Z","1652304660",
"2551","22b77d7829c68dcd","E2:1F:7B:35:CC:08","28.14070351758794","0","1.3020833333333333","0","199","2022-05-11T21:32:00.000Z","1652304720",
"2551","22b77d7829c68dcd","E2:1F:7B:35:CC:08","33.165829145728644","1","1.0416666666666667","2","199","2022-05-11T21:33:00.000Z","1652304780",
"2551","22b77d7829c68dcd","E2:1F:7B:35:CC:08","87.43718592964824","3","1.953125","1","199","2022-05-11T21:34:00.000Z","1652304840",
"2551","22b77d7829c68dcd","E2:1F:7B:35:CC:08","71.71717171717172","2","1.5625","0","198","2022-05-11T21:35:00.000Z","1652304900",
"2551","22b77d7829c68dcd","E2:1F:7B:35:CC:08","73.73737373737374","2","1.5625","0","198","2022-05-11T21:36:00.000Z","1652304960",
"2551","22b77d7829c68dcd","E2:1F:7B:35:CC:08","51.515151515151516","0","1.3020833333333333","0","198","2022-05-11T21:37:00.000Z","1652305020",
"2551","22b77d7829c68dcd","E2:1F:7B:35:CC:08","40.4040404040404","0","1.3020833333333333","0","198","2022-05-11T21:38:00.000Z","1652305080",
"2551","22b77d7829c68dcd","E2:1F:7B:35:CC:08","62.62626262626262","2","1.4204545454545454","0","198","2022-05-11T21:39:00.000Z","1652305140",
"2551","22b77d7829c68dcd","E2:1F:7B:35:CC:08","58.58585858585859","3","1.5625","1","198","2022-05-11T21:40:00.000Z","1652305200",
"2551","22b77d7829c68dcd","E2:1F:7B:35:CC:08","84.84848484848484","1","1.4204545454545454","0","198","2022-05-11T21:41:00.000Z","1652305260",
"2551","22b77d7829c68dcd","E2:1F:7B:35:CC:08","74.74747474747475","1","1.4204545454545454","0","198","2022-05-11T21:42:00.000Z","1652305320",
"2551","22b77d7829c68dcd","E2:1F:7B:35:CC:08","51.515151515151516","1","1.4204545454545454","0","198","2022-05-11T21:43:00.000Z","1652305380",
"2551","22b77d7829c68dcd","E2:1F:7B:35:CC:08","77.77777777777777","6","1.5625","0","198","2022-05-11T21:44:00.000Z","1652305440",
"2551","22b77d7829c68dcd","E2:1F:7B:35:CC:08","100","1","1.5625","0","198","2022-05-11T21:45:00.000Z","1652305500",
"2551","22b77d7829c68dcd","E2:1F:7B:35:CC:08","64.64646464646465","0","1.3020833333333333","0","198","2022-05-11T21:46:00.000Z","1652305560",
"2551","22b77d7829c68dcd","E2:1F:7B:35:CC:08","36.36363636363637","0","1.3020833333333333","0","198","2022-05-11T21:47:00.000Z","1652305620",
"2551","22b77d7829c68dcd","E2:1F:7B:35:CC:08","43.43434343434343","4","1.7361111111111112","0","198","2022-05-11T21:48:00.000Z","1652305680",
"2551","22b77d7829c68dcd","E2:1F:7B:35:CC:08","61.61616161616162","2","1.4204545454545454","0","198","2022-05-11T21:49:00.000Z","1652305740",
"2551","22b77d7829c68dcd","E2:1F:7B:35:CC:08","43.43434343434343","2","1.4204545454545454","1","198","2022-05-11T21:50:00.000Z","1652305800",
"2551","22b77d7829c68dcd","E2:1F:7B:35:CC:08","30.303030303030305","0","1.3020833333333333","0","198","2022-05-11T21:51:00.000Z","1652305860",
"2551","22b77d7829c68dcd","E2:1F:7B:35:CC:08","29.292929292929294","1","1.2019230769230769","0","198","2022-05-11T21:52:00.000Z","1652305920",
"2551","22b77d7829c68dcd","E2:1F:7B:35:CC:08","63.63636363636363","3","1.4204545454545454","0","198","2022-05-11T21:53:00.000Z","1652305980",
"2551","22b77d7829c68dcd","E2:1F:7B:35:CC:08","50.505050505050505","2","1.4204545454545454","1","198","2022-05-11T21:54:00.000Z","1652306040",
"2551","22b77d7829c68dcd","E2:1F:7B:35:CC:08","68.68686868686869","3","1.5625","5","198","2022-05-11T21:55:00.000Z","1652306100",
"2551","22b77d7829c68dcd","E2:1F:7B:35:CC:08","62.62626262626262","2","1.4204545454545454","0","198","2022-05-11T21:56:00.000Z","1652306160",
"2551","22b77d7829c68dcd","E2:1F:7B:35:CC:08","49.494949494949495","3","1.4204545454545454","0","198","2022-05-11T21:57:00.000Z","1652306220",
"2551","22b77d7829c68dcd","E2:1F:7B:35:CC:08","34.343434343434346","0","1.3020833333333333","0","198","2022-05-11T21:58:00.000Z","1652306280",
"2551","22b77d7829c68dcd","E2:1F:7B:35:CC:08","34.343434343434346","0","1.3020833333333333","0","198","2022-05-11T21:59:00.000Z","1652306340",
"2551","22b77d7829c68dcd","E2:1F:7B:35:CC:08","29.292929292929294","2","1.3020833333333333","0","198","2022-05-11T22:00:00.000Z","1652306400",
"2551","22b77d7829c68dcd","E2:1F:7B:35:CC:08","30.303030303030305","1","1.3020833333333333","1","198","2022-05-11T22:01:00.000Z","1652306460",
"2551","22b77d7829c68dcd","E2:1F:7B:35:CC:08","46.464646464646464","3","1.3020833333333333","0","198","2022-05-11T22:02:00.000Z","1652306520",
"2551","22b77d7829c68dcd","E2:1F:7B:35:CC:08","37.37373737373738","1","1.0416666666666667","0","198","2022-05-11T22:03:00.000Z","1652306580",
"2551","22b77d7829c68dcd","E2:1F:7B:35:CC:08","31.31313131313131","3","1.0416666666666667","2","198","2022-05-11T22:04:00.000Z","1652306640",
"2551","22b77d7829c68dcd","E2:1F:7B:35:CC:08","25.252525252525253","0","0.9765625","0","198","2022-05-11T22:05:00.000Z","1652306700",
"2551","22b77d7829c68dcd","E2:1F:7B:35:CC:08","20.2020202020202","1","0.9765625","1","198","2022-05-11T22:06:00.000Z","1652306760",
"2551","22b77d7829c68dcd","E2:1F:7B:35:CC:08","26.262626262626263","3","0.9191176470588235","5","198","2022-05-11T22:07:00.000Z","1652306820",
"2551","22b77d7829c68dcd","E2:1F:7B:35:CC:08","29.292929292929294","1","0.9765625","0","198","2022-05-11T22:08:00.000Z","1652306880",
"2551","22b77d7829c68dcd","E2:1F:7B:35:CC:08","24.242424242424242","0","0.8680555555555556","1","198","2022-05-11T22:09:00.000Z","1652306940",
"2551","22b77d7829c68dcd","E2:1F:7B:35:CC:08","17.171717171717173","0","0.8680555555555556","0","198","2022-05-11T22:10:00.000Z","1652307000",
"2551","22b77d7829c68dcd","E2:1F:7B:35:CC:08","22.22222222222222","1","0.8680555555555556","0","198","2022-05-11T22:11:00.000Z","1652307060",
"2551","22b77d7829c68dcd","E2:1F:7B:35:CC:08","23.232323232323232","1","0.8680555555555556","0","198","2022-05-11T22:12:00.000Z","1652307120",
"2551","22b77d7829c68dcd","E2:1F:7B:35:CC:08","28.282828282828284","0","0.8223684210526315","0","198","2022-05-11T22:13:00.000Z","1652307180",
"2551","22b77d7829c68dcd","E2:1F:7B:35:CC:08","24.242424242424242","2","0.8680555555555556","0","198","2022-05-11T22:14:00.000Z","1652307240",
"2551","22b77d7829c68dcd","E2:1F:7B:35:CC:08","30.303030303030305","2","0.8223684210526315","0","198","2022-05-11T22:15:00.000Z","1652307300",
"2551","22b77d7829c68dcd","E2:1F:7B:35:CC:08","40.4040404040404","2","0.8680555555555556","0","198","2022-05-11T22:16:00.000Z","1652307360",
"2551","22b77d7829c68dcd","E2:1F:7B:35:CC:08","36.36363636363637","2","0.9765625","1","198","2022-05-11T22:17:00.000Z","1652307420",
"2551","22b77d7829c68dcd","E2:1F:7B:35:CC:08","51.515151515151516","0","0.9191176470588235","0","198","2022-05-11T22:18:00.000Z","1652307480",
"2551","22b77d7829c68dcd","E2:1F:7B:35:CC:08","46.464646464646464","5","1.0416666666666667","1","198","2022-05-11T22:19:00.000Z","1652307540",
"2551","22b77d7829c68dcd","E2:1F:7B:35:CC:08","57.57575757575758","2","0.9765625","0","198","2022-05-11T22:20:00.000Z","1652307600",
"2551","22b77d7829c68dcd","E2:1F:7B:35:CC:08","43.43434343434343","0","0.9191176470588235","0","198","2022-05-11T22:21:00.000Z","1652307660",
"2551","22b77d7829c68dcd","E2:1F:7B:35:CC:08","25.252525252525253","0","0.8680555555555556","0","198","2022-05-11T22:22:00.000Z","1652307720",
"2551","22b77d7829c68dcd","E2:1F:7B:35:CC:08","23.232323232323232","1","0.8223684210526315","1","198","2022-05-11T22:23:00.000Z","1652307780",
"2551","22b77d7829c68dcd","E2:1F:7B:35:CC:08","42.42424242424242","4","0.78125","5","198","2022-05-11T22:24:00.000Z","1652307840",
"2551","22b77d7829c68dcd","E2:1F:7B:35:CC:08","40.4040404040404","2","0.7440476190476191","11","198","2022-05-11T22:25:00.000Z","1652307900",
"2551","22b77d7829c68dcd","E2:1F:7B:35:CC:08","42.42424242424242","7","0.78125","8","198","2022-05-11T22:26:00.000Z","1652307960",
"2551","22b77d7829c68dcd","E2:1F:7B:35:CC:08","35.35353535353536","2","0.78125","0","198","2022-05-11T22:27:00.000Z","1652308020",
"2551","22b77d7829c68dcd","E2:1F:7B:35:CC:08","51.515151515151516","6","0.8680555555555556","5","198","2022-05-11T22:28:00.000Z","1652308080",
"2551","22b77d7829c68dcd","E2:1F:7B:35:CC:08","35.35353535353536","0","0.8223684210526315","1","198","2022-05-11T22:29:00.000Z","1652308140",
"2551","22b77d7829c68dcd","E2:1F:7B:35:CC:08","41.41414141414141","5","1.0416666666666667","2","198","2022-05-11T22:30:00.000Z","1652308200",
"2551","22b77d7829c68dcd","E2:1F:7B:35:CC:08","48.484848484848484","1","0.9765625","0","198","2022-05-11T22:31:00.000Z","1652308260",
"2551","22b77d7829c68dcd","E2:1F:7B:35:CC:08","44.44444444444444","6","1.1160714285714286","2","198","2022-05-11T22:32:00.000Z","1652308320",
"2551","22b77d7829c68dcd","E2:1F:7B:35:CC:08","51.515151515151516","3","1.1160714285714286","0","198","2022-05-11T22:33:00.000Z","1652308380",
"2551","22b77d7829c68dcd","E2:1F:7B:35:CC:08","57.57575757575758","1","1.0416666666666667","4","198","2022-05-11T22:34:00.000Z","1652308440",
"2551","22b77d7829c68dcd","E2:1F:7B:35:CC:08","47.474747474747474","1","0.9191176470588235","5","198","2022-05-11T22:35:00.000Z","1652308500",
"2551","22b77d7829c68dcd","E2:1F:7B:35:CC:08","61.61616161616162","12","0.2604166666666667","4","198","2022-05-11T22:38:00.000Z","1652308680",
"2551","22b77d7829c68dcd","E2:1F:7B:35:CC:08","80.8080808080808","12","0.41118421052631576","0","198","2022-05-11T22:39:00.000Z","1652308740",
"2551","22b77d7829c68dcd","E2:1F:7B:35:CC:08","51.515151515151516","8","0.4734848484848485","0","198","2022-05-11T22:40:00.000Z","1652308800",
"2551","22b77d7829c68dcd","E2:1F:7B:35:CC:08","33.333333333333336","3","0.5387931034482759","0","198","2022-05-11T22:41:00.000Z","1652308860",
"2551","22b77d7829c68dcd","E2:1F:7B:35:CC:08","22.22222222222222","0","0.5787037037037037","0","198","2022-05-11T22:42:00.000Z","1652308920",
"2551","22b77d7829c68dcd","E2:1F:7B:35:CC:08","18.181818181818183","0","0.6009615384615384","0","198","2022-05-11T22:43:00.000Z","1652308980",
"2551","22b77d7829c68dcd","E2:1F:7B:35:CC:08","30.303030303030305","5","0.7102272727272727","2","198","2022-05-11T22:44:00.000Z","1652309040",
"2551","22b77d7829c68dcd","E2:1F:7B:35:CC:08","45.45454545454545","3","0.14204545454545456","0","198","2022-05-11T22:45:00.000Z","1652309100",
"2551","22b77d7829c68dcd","E2:1F:7B:35:CC:08","59.5959595959596","8","0.13020833333333334","0","198","2022-05-11T22:50:00.000Z","1652309400",
"2551","22b77d7829c68dcd","E2:1F:7B:35:CC:08","100","10","0.18825301204819278","0","177","2022-05-11T22:51:00.000Z","1652309460",
"2551","22b77d7829c68dcd","E2:1F:7B:35:CC:08","58.75706214689266","2","0.2403846153846154","0","177","2022-05-11T22:52:00.000Z","1652309520",
"2551","22b77d7829c68dcd","E2:1F:7B:35:CC:08","74.57627118644068","6","0.3324468085106383","0","177","2022-05-11T22:53:00.000Z","1652309580",
"2551","22b77d7829c68dcd","E2:1F:7B:35:CC:08","39.548022598870055","0","0.37202380952380953","0","177","2022-05-11T22:54:00.000Z","1652309640",
"2551","22b77d7829c68dcd","E2:1F:7B:35:CC:08","20.338983050847457","0","0.390625","0","177","2022-05-11T22:55:00.000Z","1652309700",
"2551","22b77d7829c68dcd","E2:1F:7B:35:CC:08","10.169491525423728","0","0.41118421052631576","0","177","2022-05-11T22:56:00.000Z","1652309760",
"2551","22b77d7829c68dcd","E2:1F:7B:35:CC:08","7.909604519774011","0","0.4340277777777778","0","177","2022-05-11T22:57:00.000Z","1652309820",
"2551","22b77d7829c68dcd","E2:1F:7B:35:CC:08","4.519774011299435","0","0.44642857142857145","0","177","2022-05-11T22:58:00.000Z","1652309880",
"2551","22b77d7829c68dcd","E2:1F:7B:35:CC:08","3.389830508474576","0","0.44642857142857145","0","177","2022-05-11T22:59:00.000Z","1652309940",
"2551","22b77d7829c68dcd","E2:1F:7B:35:CC:08","3.389830508474576","0","0.45955882352941174","0","177","2022-05-11T23:00:00.000Z","1652310000",
"2551","22b77d7829c68dcd","E2:1F:7B:35:CC:08","2.2598870056497176","0","0.4734848484848485","0","177","2022-05-11T23:01:00.000Z","1652310060",
"2551","22b77d7829c68dcd","E2:1F:7B:35:CC:08","2.2598870056497176","0","0.4734848484848485","0","177","2022-05-11T23:02:00.000Z","1652310120",
"2551","22b77d7829c68dcd","E2:1F:7B:35:CC:08","2.2598870056497176","0","0.48828125","0","177","2022-05-11T23:03:00.000Z","1652310180",
"2551","22b77d7829c68dcd","E2:1F:7B:35:CC:08","1.1299435028248588","0","0.48828125","0","177","2022-05-11T23:04:00.000Z","1652310240",
"2551","22b77d7829c68dcd","E2:1F:7B:35:CC:08","2.2598870056497176","0","0.5040322580645161","0","177","2022-05-11T23:05:00.000Z","1652310300",
"2551","22b77d7829c68dcd","E2:1F:7B:35:CC:08","2.2598870056497176","0","0.5040322580645161","0","177","2022-05-11T23:06:00.000Z","1652310360",
"2551","22b77d7829c68dcd","E2:1F:7B:35:CC:08","2.2598870056497176","0","0.5208333333333334","0","177","2022-05-11T23:07:00.000Z","1652310420",
"2551","22b77d7829c68dcd","E2:1F:7B:35:CC:08","4.519774011299435","0","0.5387931034482759","0","177","2022-05-11T23:08:00.000Z","1652310480",
"2551","22b77d7829c68dcd","E2:1F:7B:35:CC:08","3.389830508474576","0","0.5580357142857143","0","177","2022-05-11T23:09:00.000Z","1652310540",
"2551","22b77d7829c68dcd","E2:1F:7B:35:CC:08","3.389830508474576","0","0.5580357142857143","0","177","2022-05-11T23:10:00.000Z","1652310600",
"2551","22b77d7829c68dcd","E2:1F:7B:35:CC:08","3.389830508474576","0","0.5787037037037037","0","177","2022-05-11T23:11:00.000Z","1652310660",
"2551","22b77d7829c68dcd","E2:1F:7B:35:CC:08","3.389830508474576","0","0.6009615384615384","0","177","2022-05-11T23:12:00.000Z","1652310720",
"2551","22b77d7829c68dcd","E2:1F:7B:35:CC:08","10.169491525423728","1","0.625","0","177","2022-05-11T23:13:00.000Z","1652310780",
"2551","22b77d7829c68dcd","E2:1F:7B:35:CC:08","27.11864406779661","6","0.7440476190476191","0","177","2022-05-11T23:14:00.000Z","1652310840",
"2551","22b77d7829c68dcd","E2:1F:7B:35:CC:08","46.32768361581921","5","0.9191176470588235","0","177","2022-05-11T23:15:00.000Z","1652310900",
"2551","22b77d7829c68dcd","E2:1F:7B:35:CC:08","39.548022598870055","2","0.9191176470588235","0","177","2022-05-11T23:16:00.000Z","1652310960",
"2551","22b77d7829c68dcd","E2:1F:7B:35:CC:08","32.76836158192091","2","0.9191176470588235","0","177","2022-05-11T23:17:00.000Z","1652311020",
"2551","22b77d7829c68dcd","E2:1F:7B:35:CC:08","21.468926553672315","1","0.9765625","0","177","2022-05-11T23:18:00.000Z","1652311080",
"2551","22b77d7829c68dcd","E2:1F:7B:35:CC:08","25.98870056497175","3","1.0416666666666667","0","177","2022-05-11T23:19:00.000Z","1652311140",
"2551","22b77d7829c68dcd","E2:1F:7B:35:CC:08","27.11864406779661","0","0.9765625","0","177","2022-05-11T23:20:00.000Z","1652311200",
"2551","22b77d7829c68dcd","E2:1F:7B:35:CC:08","51.9774011299435","8","1.3020833333333333","0","177","2022-05-11T23:21:00.000Z","1652311260",
"2551","22b77d7829c68dcd","E2:1F:7B:35:CC:08","53.10734463276836","7","1.5625","0","177","2022-05-11T23:22:00.000Z","1652311320",
"2551","22b77d7829c68dcd","E2:1F:7B:35:CC:08","44.067796610169495","5","1.7361111111111112","0","177","2022-05-11T23:23:00.000Z","1652311380",
"2551","22b77d7829c68dcd","E2:1F:7B:35:CC:08","46.32768361581921","7","1.953125","0","177","2022-05-11T23:24:00.000Z","1652311440",
"2551","22b77d7829c68dcd","E2:1F:7B:35:CC:08","44.067796610169495","2","1.953125","0","177","2022-05-11T23:25:00.000Z","1652311500",
"2551","22b77d7829c68dcd","E2:1F:7B:35:CC:08","47.45762711864407","3","1.7361111111111112","0","177","2022-05-11T23:26:00.000Z","1652311560",
"2551","22b77d7829c68dcd","E2:1F:7B:35:CC:08","45.19774011299435","6","1.953125","0","177","2022-05-11T23:27:00.000Z","1652311620",
"2551","22b77d7829c68dcd","E2:1F:7B:35:CC:08","41.80790960451977","4","1.953125","0","177","2022-05-11T23:28:00.000Z","1652311680",
"2551","22b77d7829c68dcd","E2:1F:7B:35:CC:08","44.067796610169495","7","2.232142857142857","0","177","2022-05-11T23:29:00.000Z","1652311740",
"2551","22b77d7829c68dcd","E2:1F:7B:35:CC:08","48.58757062146893","5","2.232142857142857","0","177","2022-05-11T23:30:00.000Z","1652311800",
"2551","22b77d7829c68dcd","E2:1F:7B:35:CC:08","49.717514124293785","8","2.232142857142857","0","177","2022-05-11T23:31:00.000Z","1652311860",
"2551","22b77d7829c68dcd","E2:1F:7B:35:CC:08","41.80790960451977","6","2.6041666666666665","0","177","2022-05-11T23:32:00.000Z","1652311920",
"2551","22b77d7829c68dcd","E2:1F:7B:35:CC:08","39.548022598870055","5","2.6041666666666665","0","177","2022-05-11T23:33:00.000Z","1652311980",
"2551","22b77d7829c68dcd","E2:1F:7B:35:CC:08","41.80790960451977","7","2.6041666666666665","0","177","2022-05-11T23:34:00.000Z","1652312040",
"2551","22b77d7829c68dcd","E2:1F:7B:35:CC:08","41.80790960451977","8","2.6041666666666665","0","177","2022-05-11T23:35:00.000Z","1652312100",
"2551","22b77d7829c68dcd","E2:1F:7B:35:CC:08","41.80790960451977","7","2.6041666666666665","0","177","2022-05-11T23:36:00.000Z","1652312160",
"2551","22b77d7829c68dcd","E2:1F:7B:35:CC:08","37.28813559322034","6","3.125","0","177","2022-05-11T23:37:00.000Z","1652312220",
"2551","22b77d7829c68dcd","E2:1F:7B:35:CC:08","44.067796610169495","5","3.125","0","177","2022-05-11T23:38:00.000Z","1652312280",
"2551","22b77d7829c68dcd","E2:1F:7B:35:CC:08","48.58757062146893","7","3.125","0","177","2022-05-11T23:39:00.000Z","1652312340",
"2551","22b77d7829c68dcd","E2:1F:7B:35:CC:08","46.32768361581921","3","3.125","0","177","2022-05-11T23:40:00.000Z","1652312400",
"2551","22b77d7829c68dcd","E2:1F:7B:35:CC:08","46.32768361581921","8","3.125","0","177","2022-05-11T23:41:00.000Z","1652312460",
"2551","22b77d7829c68dcd","E2:1F:7B:35:CC:08","42.93785310734463","4","3.125","0","177","2022-05-11T23:42:00.000Z","1652312520",
"2551","22b77d7829c68dcd","E2:1F:7B:35:CC:08","40.67796610169491","6","3.125","0","177","2022-05-11T23:43:00.000Z","1652312580",
"2551","22b77d7829c68dcd","E2:1F:7B:35:CC:08","40.67796610169491","4","3.125","0","177","2022-05-11T23:44:00.000Z","1652312640",
"2551","22b77d7829c68dcd","E2:1F:7B:35:CC:08","44.067796610169495","7","3.125","0","177","2022-05-11T23:45:00.000Z","1652312700",
"2551","22b77d7829c68dcd","E2:1F:7B:35:CC:08","49.717514124293785","10","3.125","0","177","2022-05-11T23:46:00.000Z","1652312760",
"2551","22b77d7829c68dcd","E2:1F:7B:35:CC:08","53.10734463276836","3","3.125","0","177","2022-05-11T23:47:00.000Z","1652312820",
"2551","22b77d7829c68dcd","E2:1F:7B:35:CC:08","55.367231638418076","8","3.125","0","177","2022-05-11T23:48:00.000Z","1652312880",
"2551","22b77d7829c68dcd","E2:1F:7B:35:CC:08","57.6271186440678","5","3.125","0","177","2022-05-11T23:49:00.000Z","1652312940",
"2551","22b77d7829c68dcd","E2:1F:7B:35:CC:08","55.367231638418076","4","3.125","0","177","2022-05-11T23:50:00.000Z","1652313000",
"2551","22b77d7829c68dcd","E2:1F:7B:35:CC:08","67.79661016949153","6","3.125","0","177","2022-05-11T23:51:00.000Z","1652313060",
"2551","22b77d7829c68dcd","E2:1F:7B:35:CC:08","62.14689265536723","2","2.6041666666666665","0","177","2022-05-11T23:52:00.000Z","1652313120",
"2551","22b77d7829c68dcd","E2:1F:7B:35:CC:08","62.14689265536723","3","2.6041666666666665","0","177","2022-05-11T23:53:00.000Z","1652313180",
"2551","22b77d7829c68dcd","E2:1F:7B:35:CC:08","80.22598870056497","3","2.6041666666666665","0","177","2022-05-11T23:54:00.000Z","1652313240",
"2551","22b77d7829c68dcd","E2:1F:7B:35:CC:08","79.09604519774011","0","2.6041666666666665","0","177","2022-05-11T23:55:00.000Z","1652313300",
"2551","22b77d7829c68dcd","E2:1F:7B:35:CC:08","72.31638418079096","2","2.232142857142857","0","177","2022-05-11T23:56:00.000Z","1652313360",
"2551","22b77d7829c68dcd","E2:1F:7B:35:CC:08","66.66666666666667","0","1.953125","0","177","2022-05-11T23:57:00.000Z","1652313420",
"2551","22b77d7829c68dcd","E2:1F:7B:35:CC:08","56.49717514124294","1","1.953125","0","177","2022-05-11T23:58:00.000Z","1652313480",
"2551","22b77d7829c68dcd","E2:1F:7B:35:CC:08","47.45762711864407","0","1.7361111111111112","0","177","2022-05-11T23:59:00.000Z","1652313540",
"2551","22b77d7829c68dcd","E2:1F:7B:35:CC:08","40.67796610169491","0","1.5625","0","177","2022-05-12T00:00:00.000Z","1652313600",
"2551","22b77d7829c68dcd","E2:1F:7B:35:CC:08","47.45762711864407","0","1.5625","0","177","2022-05-12T00:01:00.000Z","1652313660",
"2551","22b77d7829c68dcd","E2:1F:7B:35:CC:08","53.10734463276836","0","1.4204545454545454","0","177","2022-05-12T00:02:00.000Z","1652313720",
"2551","22b77d7829c68dcd","E2:1F:7B:35:CC:08","41.80790960451977","0","1.3020833333333333","0","177","2022-05-12T00:03:00.000Z","1652313780",
"2551","22b77d7829c68dcd","E2:1F:7B:35:CC:08","30.508474576271187","0","1.2019230769230769","0","177","2022-05-12T00:04:00.000Z","1652313840",
"2551","22b77d7829c68dcd","E2:1F:7B:35:CC:08","27.11864406779661","0","1.1160714285714286","0","177","2022-05-12T00:05:00.000Z","1652313900",
"2551","22b77d7829c68dcd","E2:1F:7B:35:CC:08","22.598870056497177","0","1.0416666666666667","0","177","2022-05-12T00:06:00.000Z","1652313960",
"2551","22b77d7829c68dcd","E2:1F:7B:35:CC:08","32.76836158192091","3","0.9765625","0","177","2022-05-12T00:07:00.000Z","1652314020",
"2551","22b77d7829c68dcd","E2:1F:7B:35:CC:08","32.76836158192091","0","0.8680555555555556","0","177","2022-05-12T00:08:00.000Z","1652314080",
"2551","22b77d7829c68dcd","E2:1F:7B:35:CC:08","33.898305084745765","0","0.7440476190476191","0","177","2022-05-12T00:09:00.000Z","1652314140",
"2551","22b77d7829c68dcd","E2:1F:7B:35:CC:08","31.638418079096045","0","0.7102272727272727","0","177","2022-05-12T00:10:00.000Z","1652314200",
"2551","22b77d7829c68dcd","E2:1F:7B:35:CC:08","22.598870056497177","0","0.6793478260869565","0","177","2022-05-12T00:11:00.000Z","1652314260",
"2551","22b77d7829c68dcd","E2:1F:7B:35:CC:08","29.37853107344633","1","0.6510416666666666","0","177","2022-05-12T00:12:00.000Z","1652314320",
"2551","22b77d7829c68dcd","E2:1F:7B:35:CC:08","21.468926553672315","0","0.6009615384615384","0","177","2022-05-12T00:13:00.000Z","1652314380",
"2551","22b77d7829c68dcd","E2:1F:7B:35:CC:08","18.07909604519774","0","0.5787037037037037","0","177","2022-05-12T00:14:00.000Z","1652314440",
"2551","22b77d7829c68dcd","E2:1F:7B:35:CC:08","23.728813559322035","0","0.5787037037037037","0","177","2022-05-12T00:15:00.000Z","1652314500",
"2551","22b77d7829c68dcd","E2:1F:7B:35:CC:08","19.2090395480226","0","0.5387931034482759","0","177","2022-05-12T00:16:00.000Z","1652314560",
"2551","22b77d7829c68dcd","E2:1F:7B:35:CC:08","25.98870056497175","2","0.5580357142857143","0","177","2022-05-12T00:17:00.000Z","1652314620",
"2551","22b77d7829c68dcd","E2:1F:7B:35:CC:08","21.468926553672315","1","0.5580357142857143","0","177","2022-05-12T00:18:00.000Z","1652314680",
"2551","22b77d7829c68dcd","E2:1F:7B:35:CC:08","28.24858757062147","4","0.6009615384615384","0","177","2022-05-12T00:19:00.000Z","1652314740",
"2551","22b77d7829c68dcd","E2:1F:7B:35:CC:08","62.14689265536723","10","0.8680555555555556","0","177","2022-05-12T00:20:00.000Z","1652314800",
"2551","22b77d7829c68dcd","E2:1F:7B:35:CC:08","85.87570621468926","7","0.9191176470588235","0","177","2022-05-12T00:21:00.000Z","1652314860",
"2551","22b77d7829c68dcd","E2:1F:7B:35:CC:08","100","4","0.9191176470588235","0","177","2022-05-12T00:22:00.000Z","1652314920",
"2551","22b77d7829c68dcd","E2:1F:7B:35:CC:08","100","2","1.0416666666666667","0","177","2022-05-12T00:23:00.000Z","1652314980",
"2551","22b77d7829c68dcd","E2:1F:7B:35:CC:08","91.52542372881356","7","1.1160714285714286","0","177","2022-05-12T00:24:00.000Z","1652315040",
"2551","22b77d7829c68dcd","E2:1F:7B:35:CC:08","100","6","1.3020833333333333","0","177","2022-05-12T00:25:00.000Z","1652315100",
"2551","22b77d7829c68dcd","E2:1F:7B:35:CC:08","100","4","1.4204545454545454","0","177","2022-05-12T00:26:00.000Z","1652315160",
"2551","22b77d7829c68dcd","E2:1F:7B:35:CC:08","100","7","1.5625","0","177","2022-05-12T00:27:00.000Z","1652315220",
"2551","22b77d7829c68dcd","E2:1F:7B:35:CC:08","100","9","1.7361111111111112","0","177","2022-05-12T00:28:00.000Z","1652315280",
"2551","22b77d7829c68dcd","E2:1F:7B:35:CC:08","100","5","1.5625","1","177","2022-05-12T00:29:00.000Z","1652315340",
"2551","22b77d7829c68dcd","E2:1F:7B:35:CC:08","99.43502824858757","3","1.7361111111111112","0","177","2022-05-12T00:30:00.000Z","1652315400",
"2551","22b77d7829c68dcd","E2:1F:7B:35:CC:08","93.78531073446328","6","1.2019230769230769","1","177","2022-05-12T00:31:00.000Z","1652315460",
"2551","22b77d7829c68dcd","E2:1F:7B:35:CC:08","67.79661016949153","0","1.0416666666666667","0","177","2022-05-12T00:32:00.000Z","1652315520",
"2551","22b77d7829c68dcd","E2:1F:7B:35:CC:08","49.717514124293785","3","0.9765625","0","177","2022-05-12T00:33:00.000Z","1652315580",
"2551","22b77d7829c68dcd","E2:1F:7B:35:CC:08","40.67796610169491","1","0.9765625","0","177","2022-05-12T00:34:00.000Z","1652315640",
"2551","22b77d7829c68dcd","E2:1F:7B:35:CC:08","49.717514124293785","2","0.9765625","0","177","2022-05-12T00:35:00.000Z","1652315700",
"2551","22b77d7829c68dcd","E2:1F:7B:35:CC:08","56.49717514124294","5","1.0416666666666667","0","177","2022-05-12T00:36:00.000Z","1652315760",
"2551","22b77d7829c68dcd","E2:1F:7B:35:CC:08","64.40677966101696","6","1.1160714285714286","0","177","2022-05-12T00:37:00.000Z","1652315820",
"2551","22b77d7829c68dcd","E2:1F:7B:35:CC:08","64.40677966101696","5","1.2019230769230769","0","177","2022-05-12T00:38:00.000Z","1652315880",
"2551","22b77d7829c68dcd","E2:1F:7B:35:CC:08","89.26553672316385","3","1.4204545454545454","0","177","2022-05-12T00:39:00.000Z","1652315940",
"2551","22b77d7829c68dcd","E2:1F:7B:35:CC:08","84.7457627118644","4","1.3020833333333333","0","177","2022-05-12T00:40:00.000Z","1652316000",
"2551","22b77d7829c68dcd","E2:1F:7B:35:CC:08","80.22598870056497","7","1.4204545454545454","0","177","2022-05-12T00:41:00.000Z","1652316060",
"2551","22b77d7829c68dcd","E2:1F:7B:35:CC:08","93.78531073446328","6","1.5625","0","177","2022-05-12T00:42:00.000Z","1652316120",
"2551","22b77d7829c68dcd","E2:1F:7B:35:CC:08","100","3","1.0416666666666667","0","177","2022-05-12T00:43:00.000Z","1652316180",
"2551","22b77d7829c68dcd","E2:1F:7B:35:CC:08","98.30508474576271","5","0.9765625","8","177","2022-05-12T00:44:00.000Z","1652316240",
"2551","22b77d7829c68dcd","E2:1F:7B:35:CC:08","100","8","0.3255208333333333","12","177","2022-05-12T00:45:00.000Z","1652316300",
"2551","22b77d7829c68dcd","E2:1F:7B:35:CC:08","87.00564971751412","1","0.8223684210526315","5","177","2022-05-12T00:46:00.000Z","1652316360",
"2551","22b77d7829c68dcd","E2:1F:7B:35:CC:08","36.15819209039548","0","0.8223684210526315","0","177","2022-05-12T00:47:00.000Z","1652316420",
"2551","22b77d7829c68dcd","E2:1F:7B:35:CC:08","32.76836158192091","0","0.8223684210526315","0","177","2022-05-12T00:48:00.000Z","1652316480",
"2551","22b77d7829c68dcd","E2:1F:7B:35:CC:08","22.598870056497177","0","0.8223684210526315","0","177","2022-05-12T00:49:00.000Z","1652316540",
"2551","22b77d7829c68dcd","E2:1F:7B:35:CC:08","13.559322033898304","0","0.8223684210526315","0","177","2022-05-12T00:50:00.000Z","1652316600",
"2551","22b77d7829c68dcd","E2:1F:7B:35:CC:08","7.909604519774011","0","0.8223684210526315","0","177","2022-05-12T00:51:00.000Z","1652316660",
"2551","22b77d7829c68dcd","E2:1F:7B:35:CC:08","5.649717514124294","0","0.78125","0","177","2022-05-12T00:52:00.000Z","1652316720",
"2551","22b77d7829c68dcd","E2:1F:7B:35:CC:08","5.649717514124294","0","0.8223684210526315","0","177","2022-05-12T00:53:00.000Z","1652316780",
"2551","22b77d7829c68dcd","E2:1F:7B:35:CC:08","5.649717514124294","0","0.8223684210526315","0","177","2022-05-12T00:54:00.000Z","1652316840",
"2551","22b77d7829c68dcd","E2:1F:7B:35:CC:08","7.909604519774011","0","0.8223684210526315","0","177","2022-05-12T00:55:00.000Z","1652316900",
"2551","22b77d7829c68dcd","E2:1F:7B:35:CC:08","6.779661016949152","0","0.8223684210526315","0","177","2022-05-12T00:56:00.000Z","1652316960",
"2551","22b77d7829c68dcd","E2:1F:7B:35:CC:08","4.519774011299435","0","0.8223684210526315","0","177","2022-05-12T00:57:00.000Z","1652317020",
"2551","22b77d7829c68dcd","E2:1F:7B:35:CC:08","3.389830508474576","0","0.8223684210526315","0","177","2022-05-12T00:58:00.000Z","1652317080",
"2551","22b77d7829c68dcd","E2:1F:7B:35:CC:08","3.389830508474576","0","0.8680555555555556","0","177","2022-05-12T00:59:00.000Z","1652317140",
"2551","22b77d7829c68dcd","E2:1F:7B:35:CC:08","3.389830508474576","0","0.8680555555555556","0","177","2022-05-12T01:00:00.000Z","1652317200",
"2551","22b77d7829c68dcd","E2:1F:7B:35:CC:08","3.389830508474576","0","0.8680555555555556","0","177","2022-05-12T01:01:00.000Z","1652317260",
"2551","22b77d7829c68dcd","E2:1F:7B:35:CC:08","2.2598870056497176","0","0.8680555555555556","0","177","2022-05-12T01:02:00.000Z","1652317320",
"2551","22b77d7829c68dcd","E2:1F:7B:35:CC:08","3.389830508474576","0","0.8680555555555556","0","177","2022-05-12T01:03:00.000Z","1652317380",
"2551","22b77d7829c68dcd","E2:1F:7B:35:CC:08","2.2598870056497176","0","0.8680555555555556","0","177","2022-05-12T01:04:00.000Z","1652317440",
"2551","22b77d7829c68dcd","E2:1F:7B:35:CC:08","2.2598870056497176","0","0.8680555555555556","0","177","2022-05-12T01:05:00.000Z","1652317500",
"2551","22b77d7829c68dcd","E2:1F:7B:35:CC:08","3.389830508474576","0","0.9191176470588235","0","177","2022-05-12T01:06:00.000Z","1652317560",
"2551","22b77d7829c68dcd","E2:1F:7B:35:CC:08","3.389830508474576","0","0.9191176470588235","0","177","2022-05-12T01:07:00.000Z","1652317620",
"2551","22b77d7829c68dcd","E2:1F:7B:35:CC:08","2.2598870056497176","0","0.9191176470588235","0","177","2022-05-12T01:08:00.000Z","1652317680",
"2551","22b77d7829c68dcd","E2:1F:7B:35:CC:08","2.2598870056497176","0","0.5387931034482759","4","177","2022-05-12T01:09:00.000Z","1652317740",
"2551","22b77d7829c68dcd","E2:1F:7B:35:CC:08","4.519774011299435","0","0.5387931034482759","0","177","2022-05-12T01:10:00.000Z","1652317800",
"2551","22b77d7829c68dcd","E2:1F:7B:35:CC:08","5.649717514124294","0","0.5387931034482759","0","177","2022-05-12T01:11:00.000Z","1652317860",
"2551","22b77d7829c68dcd","E2:1F:7B:35:CC:08","3.389830508474576","0","0.5387931034482759","0","177","2022-05-12T01:12:00.000Z","1652317920",
"2551","22b77d7829c68dcd","E2:1F:7B:35:CC:08","3.389830508474576","0","0.5387931034482759","0","177","2022-05-12T01:13:00.000Z","1652317980",
"2551","22b77d7829c68dcd","E2:1F:7B:35:CC:08","3.389830508474576","0","0.5387931034482759","0","177","2022-05-12T01:14:00.000Z","1652318040",
"2551","22b77d7829c68dcd","E2:1F:7B:35:CC:08","3.389830508474576","0","0.5387931034482759","5","177","2022-05-12T01:15:00.000Z","1652318100",
"2551","22b77d7829c68dcd","E2:1F:7B:35:CC:08","3.389830508474576","0","0.5387931034482759","0","177","2022-05-12T01:16:00.000Z","1652318160",
"2551","22b77d7829c68dcd","E2:1F:7B:35:CC:08","3.389830508474576","0","0.5387931034482759","0","177","2022-05-12T01:17:00.000Z","1652318220",
"2551","22b77d7829c68dcd","E2:1F:7B:35:CC:08","3.389830508474576","0","0.5387931034482759","0","177","2022-05-12T01:18:00.000Z","1652318280",
"2551","22b77d7829c68dcd","E2:1F:7B:35:CC:08","3.389830508474576","0","0.5387931034482759","0","177","2022-05-12T01:19:00.000Z","1652318340",
"2551","22b77d7829c68dcd","E2:1F:7B:35:CC:08","3.389830508474576","0","0.5387931034482759","0","177","2022-05-12T01:20:00.000Z","1652318400",
"2551","22b77d7829c68dcd","E2:1F:7B:35:CC:08","2.2598870056497176","0","0.5387931034482759","0","177","2022-05-12T01:21:00.000Z","1652318460",
"2551","22b77d7829c68dcd","E2:1F:7B:35:CC:08","4.519774011299435","0","0.4734848484848485","1","177","2022-05-12T01:22:00.000Z","1652318520",
"2551","22b77d7829c68dcd","E2:1F:7B:35:CC:08","3.389830508474576","0","0.4734848484848485","0","177","2022-05-12T01:23:00.000Z","1652318580",
"2551","22b77d7829c68dcd","E2:1F:7B:35:CC:08","2.2598870056497176","0","0.48828125","0","177","2022-05-12T01:24:00.000Z","1652318640",
"2551","22b77d7829c68dcd","E2:1F:7B:35:CC:08","2.2598870056497176","0","0.48828125","0","177","2022-05-12T01:25:00.000Z","1652318700",
"2551","22b77d7829c68dcd","E2:1F:7B:35:CC:08","2.2598870056497176","0","0.48828125","0","177","2022-05-12T01:26:00.000Z","1652318760",
"2551","22b77d7829c68dcd","E2:1F:7B:35:CC:08","3.389830508474576","0","0.48828125","0","177","2022-05-12T01:27:00.000Z","1652318820",
"2551","22b77d7829c68dcd","E2:1F:7B:35:CC:08","3.389830508474576","0","0.4734848484848485","0","177","2022-05-12T01:28:00.000Z","1652318880",
"2551","22b77d7829c68dcd","E2:1F:7B:35:CC:08","3.389830508474576","0","0.4734848484848485","0","177","2022-05-12T01:29:00.000Z","1652318940",
"2551","22b77d7829c68dcd","E2:1F:7B:35:CC:08","3.389830508474576","0","0.4734848484848485","0","177","2022-05-12T01:30:00.000Z","1652319000",
"2551","22b77d7829c68dcd","E2:1F:7B:35:CC:08","3.389830508474576","0","0.48828125","0","177","2022-05-12T01:31:00.000Z","1652319060",
"2551","22b77d7829c68dcd","E2:1F:7B:35:CC:08","2.2598870056497176","0","0.4734848484848485","0","177","2022-05-12T01:32:00.000Z","1652319120",
"2551","22b77d7829c68dcd","E2:1F:7B:35:CC:08","3.389830508474576","0","0.4734848484848485","0","177","2022-05-12T01:33:00.000Z","1652319180",
"2551","22b77d7829c68dcd","E2:1F:7B:35:CC:08","2.2598870056497176","0","0.4734848484848485","0","177","2022-05-12T01:34:00.000Z","1652319240",
"2551","22b77d7829c68dcd","E2:1F:7B:35:CC:08","3.389830508474576","0","0.4734848484848485","0","177","2022-05-12T01:35:00.000Z","1652319300",
"2551","22b77d7829c68dcd","E2:1F:7B:35:CC:08","2.2598870056497176","0","0.48828125","0","177","2022-05-12T01:36:00.000Z","1652319360",
"2551","22b77d7829c68dcd","E2:1F:7B:35:CC:08","4.519774011299435","0","0.48828125","0","177","2022-05-12T01:37:00.000Z","1652319420",
"2551","22b77d7829c68dcd","E2:1F:7B:35:CC:08","9.03954802259887","1","0.5040322580645161","0","177","2022-05-12T01:38:00.000Z","1652319480",
"2551","22b77d7829c68dcd","E2:1F:7B:35:CC:08","12.429378531073446","1","0.5208333333333334","0","177","2022-05-12T01:39:00.000Z","1652319540",
"2551","22b77d7829c68dcd","E2:1F:7B:35:CC:08","15.819209039548022","0","0.5040322580645161","0","177","2022-05-12T01:40:00.000Z","1652319600",
"2551","22b77d7829c68dcd","E2:1F:7B:35:CC:08","15.819209039548022","1","0.5208333333333334","0","177","2022-05-12T01:41:00.000Z","1652319660",
"2551","22b77d7829c68dcd","E2:1F:7B:35:CC:08","23.728813559322035","0","0.5208333333333334","0","177","2022-05-12T01:42:00.000Z","1652319720",
"2551","22b77d7829c68dcd","E2:1F:7B:35:CC:08","19.2090395480226","1","0.5387931034482759","0","177","2022-05-12T01:43:00.000Z","1652319780",
"2551","22b77d7829c68dcd","E2:1F:7B:35:CC:08","23.728813559322035","2","0.5787037037037037","0","177","2022-05-12T01:44:00.000Z","1652319840",
"2551","22b77d7829c68dcd","E2:1F:7B:35:CC:08","38.4180790960452","4","0.6009615384615384","0","177","2022-05-12T01:45:00.000Z","1652319900",
"2551","22b77d7829c68dcd","E2:1F:7B:35:CC:08","65.53672316384181","6","0.6793478260869565","0","177","2022-05-12T01:46:00.000Z","1652319960",
"2551","22b77d7829c68dcd","E2:1F:7B:35:CC:08","89.26553672316385","7","0.78125","0","177","2022-05-12T01:47:00.000Z","1652320020",
"2551","22b77d7829c68dcd","E2:1F:7B:35:CC:08","99.43502824858757","7","0.8680555555555556","0","177","2022-05-12T01:48:00.000Z","1652320080",
"2551","22b77d7829c68dcd","E2:1F:7B:35:CC:08","100","4","0.8680555555555556","0","177","2022-05-12T01:49:00.000Z","1652320140",
"2551","22b77d7829c68dcd","E2:1F:7B:35:CC:08","100","5","0.8223684210526315","0","177","2022-05-12T01:50:00.000Z","1652320200",
"2551","22b77d7829c68dcd","E2:1F:7B:35:CC:08","89.26553672316385","2","0.7102272727272727","7","177","2022-05-12T01:51:00.000Z","1652320260",
"2551","22b77d7829c68dcd","E2:1F:7B:35:CC:08","90.3954802259887","3","0.6009615384615384","1","177","2022-05-12T01:52:00.000Z","1652320320",
"2551","22b77d7829c68dcd","E2:1F:7B:35:CC:08","58.75706214689266","2","0.625","0","177","2022-05-12T01:53:00.000Z","1652320380",
"2551","22b77d7829c68dcd","E2:1F:7B:35:CC:08","62.14689265536723","8","0.8223684210526315","0","177","2022-05-12T01:54:00.000Z","1652320440",
"2551","22b77d7829c68dcd","E2:1F:7B:35:CC:08","76.8361581920904","7","0.9765625","0","177","2022-05-12T01:55:00.000Z","1652320500",
"2551","22b77d7829c68dcd","E2:1F:7B:35:CC:08","100","9","1.1160714285714286","0","177","2022-05-12T01:56:00.000Z","1652320560",
"2551","22b77d7829c68dcd","E2:1F:7B:35:CC:08","100","8","1.3020833333333333","0","177","2022-05-12T01:57:00.000Z","1652320620",
"2551","22b77d7829c68dcd","E2:1F:7B:35:CC:08","100","7","1.3020833333333333","0","177","2022-05-12T01:58:00.000Z","1652320680",
"2551","22b77d7829c68dcd","E2:1F:7B:35:CC:08","100","5","1.3020833333333333","0","177","2022-05-12T01:59:00.000Z","1652320740",
"2551","22b77d7829c68dcd","E2:1F:7B:35:CC:08","100","6","1.2019230769230769","0","177","2022-05-12T02:00:00.000Z","1652320800",
"2551","22b77d7829c68dcd","E2:1F:7B:35:CC:08","92.65536723163842","4","1.1160714285714286","0","177","2022-05-12T02:01:00.000Z","1652320860",
"2551","22b77d7829c68dcd","E2:1F:7B:35:CC:08","89.26553672316385","4","1.1160714285714286","0","177","2022-05-12T02:02:00.000Z","1652320920",
"2551","22b77d7829c68dcd","E2:1F:7B:35:CC:08","73.44632768361582","4","1.0416666666666667","0","177","2022-05-12T02:03:00.000Z","1652320980",
"2551","22b77d7829c68dcd","E2:1F:7B:35:CC:08","79.09604519774011","5","1.0416666666666667","0","177","2022-05-12T02:04:00.000Z","1652321040",
"2551","22b77d7829c68dcd","E2:1F:7B:35:CC:08","81.35593220338983","4","1.0416666666666667","0","177","2022-05-12T02:05:00.000Z","1652321100",
"2551","22b77d7829c68dcd","E2:1F:7B:35:CC:08","75.70621468926554","6","1.2019230769230769","0","177","2022-05-12T02:06:00.000Z","1652321160",
"2551","22b77d7829c68dcd","E2:1F:7B:35:CC:08","100","5","1.3020833333333333","0","177","2022-05-12T02:07:00.000Z","1652321220",
"2551","22b77d7829c68dcd","E2:1F:7B:35:CC:08","100","3","1.5625","0","177","2022-05-12T02:08:00.000Z","1652321280",
"2551","22b77d7829c68dcd","E2:1F:7B:35:CC:08","100","7","1.5625","0","177","2022-05-12T02:09:00.000Z","1652321340",
"2551","22b77d7829c68dcd","E2:1F:7B:35:CC:08","100","4","1.5625","0","177","2022-05-12T02:10:00.000Z","1652321400",
"2551","22b77d7829c68dcd","E2:1F:7B:35:CC:08","100","3","1.4204545454545454","0","177","2022-05-12T02:11:00.000Z","1652321460",
"2551","22b77d7829c68dcd","E2:1F:7B:35:CC:08","100","4","1.5625","0","177","2022-05-12T02:12:00.000Z","1652321520",
"2551","22b77d7829c68dcd","E2:1F:7B:35:CC:08","100","6","1.7361111111111112","0","177","2022-05-12T02:13:00.000Z","1652321580",
"2551","22b77d7829c68dcd","E2:1F:7B:35:CC:08","100","5","1.5625","0","177","2022-05-12T02:14:00.000Z","1652321640",
"2551","22b77d7829c68dcd","E2:1F:7B:35:CC:08","100","6","1.5625","0","177","2022-05-12T02:15:00.000Z","1652321700",
"2551","22b77d7829c68dcd","E2:1F:7B:35:CC:08","100","6","1.7361111111111112","0","177","2022-05-12T02:16:00.000Z","1652321760",
"2551","22b77d7829c68dcd","E2:1F:7B:35:CC:08","100","5","1.7361111111111112","0","177","2022-05-12T02:17:00.000Z","1652321820",
"2551","22b77d7829c68dcd","E2:1F:7B:35:CC:08","100","5","1.3020833333333333","1","177","2022-05-12T02:18:00.000Z","1652321880",
"2551","22b77d7829c68dcd","E2:1F:7B:35:CC:08","74.57627118644068","4","1.1160714285714286","0","177","2022-05-12T02:19:00.000Z","1652321940",
"2551","22b77d7829c68dcd","E2:1F:7B:35:CC:08","76.8361581920904","5","1.1160714285714286","0","177","2022-05-12T02:20:00.000Z","1652322000",
"2551","22b77d7829c68dcd","E2:1F:7B:35:CC:08","63.27683615819209","5","1.0416666666666667","0","177","2022-05-12T02:21:00.000Z","1652322060",
"2551","22b77d7829c68dcd","E2:1F:7B:35:CC:08","42.93785310734463","1","0.9765625","0","177","2022-05-12T02:22:00.000Z","1652322120",
"2551","22b77d7829c68dcd","E2:1F:7B:35:CC:08","28.24858757062147","0","0.9191176470588235","0","177","2022-05-12T02:23:00.000Z","1652322180",
"2551","22b77d7829c68dcd","E2:1F:7B:35:CC:08","28.24858757062147","5","0.8223684210526315","0","177","2022-05-12T02:24:00.000Z","1652322240",
"2551","22b77d7829c68dcd","E2:1F:7B:35:CC:08","63.27683615819209","10","0.9191176470588235","0","177","2022-05-12T02:25:00.000Z","1652322300",
"2551","22b77d7829c68dcd","E2:1F:7B:35:CC:08","70.05649717514125","6","0.8223684210526315","0","177","2022-05-12T02:26:00.000Z","1652322360",
"2551","22b77d7829c68dcd","E2:1F:7B:35:CC:08","44.067796610169495","4","0.8223684210526315","0","177","2022-05-12T02:27:00.000Z","1652322420",
"2551","22b77d7829c68dcd","E2:1F:7B:35:CC:08","49.717514124293785","10","0.8223684210526315","0","177","2022-05-12T02:28:00.000Z","1652322480",
"2551","22b77d7829c68dcd","E2:1F:7B:35:CC:08","42.93785310734463","7","0.78125","0","177","2022-05-12T02:29:00.000Z","1652322540",
"2551","22b77d7829c68dcd","E2:1F:7B:35:CC:08","30.508474576271187","0","0.8223684210526315","0","177","2022-05-12T02:30:00.000Z","1652322600",
"2551","22b77d7829c68dcd","E2:1F:7B:35:CC:08","14.689265536723164","0","0.8223684210526315","0","177","2022-05-12T02:31:00.000Z","1652322660",
"2551","22b77d7829c68dcd","E2:1F:7B:35:CC:08","9.03954802259887","0","0.8223684210526315","0","177","2022-05-12T02:32:00.000Z","1652322720",
"2551","22b77d7829c68dcd","E2:1F:7B:35:CC:08","9.03954802259887","0","0.8223684210526315","0","177","2022-05-12T02:33:00.000Z","1652322780",
"2551","22b77d7829c68dcd","E2:1F:7B:35:CC:08","7.909604519774011","0","0.78125","0","177","2022-05-12T02:34:00.000Z","1652322840",
"2551","22b77d7829c68dcd","E2:1F:7B:35:CC:08","5.649717514124294","0","0.78125","0","177","2022-05-12T02:35:00.000Z","1652322900",
"2551","22b77d7829c68dcd","E2:1F:7B:35:CC:08","6.779661016949152","0","0.78125","0","177","2022-05-12T02:36:00.000Z","1652322960",
"2551","22b77d7829c68dcd","E2:1F:7B:35:CC:08","5.649717514124294","0","0.78125","0","177","2022-05-12T02:37:00.000Z","1652323020",
"2551","22b77d7829c68dcd","E2:1F:7B:35:CC:08","4.519774011299435","0","0.78125","0","177","2022-05-12T02:38:00.000Z","1652323080",
"2551","22b77d7829c68dcd","E2:1F:7B:35:CC:08","4.519774011299435","0","0.78125","0","177","2022-05-12T02:39:00.000Z","1652323140",
"2551","22b77d7829c68dcd","E2:1F:7B:35:CC:08","4.519774011299435","0","0.78125","0","177","2022-05-12T02:40:00.000Z","1652323200",
"2551","22b77d7829c68dcd","E2:1F:7B:35:CC:08","3.389830508474576","0","0.78125","0","177","2022-05-12T02:41:00.000Z","1652323260",
"2551","22b77d7829c68dcd","E2:1F:7B:35:CC:08","3.389830508474576","0","0.8223684210526315","0","177","2022-05-12T02:42:00.000Z","1652323320",
"2551","22b77d7829c68dcd","E2:1F:7B:35:CC:08","3.389830508474576","0","0.8223684210526315","0","177","2022-05-12T02:43:00.000Z","1652323380",
"2551","22b77d7829c68dcd","E2:1F:7B:35:CC:08","3.389830508474576","0","0.8223684210526315","0","177","2022-05-12T02:44:00.000Z","1652323440",
"2551","22b77d7829c68dcd","E2:1F:7B:35:CC:08","3.389830508474576","0","0.8223684210526315","0","177","2022-05-12T02:45:00.000Z","1652323500",
"2551","22b77d7829c68dcd","E2:1F:7B:35:CC:08","4.519774011299435","0","0.6793478260869565","0","177","2022-05-12T02:46:00.000Z","1652323560",
"2551","22b77d7829c68dcd","E2:1F:7B:35:CC:08","5.649717514124294","0","0.6510416666666666","0","177","2022-05-12T02:47:00.000Z","1652323620",
"2551","22b77d7829c68dcd","E2:1F:7B:35:CC:08","6.779661016949152","0","0.6793478260869565","0","177","2022-05-12T02:48:00.000Z","1652323680",
"2551","22b77d7829c68dcd","E2:1F:7B:35:CC:08","10.169491525423728","0","0.6510416666666666","0","177","2022-05-12T02:49:00.000Z","1652323740",
"2551","22b77d7829c68dcd","E2:1F:7B:35:CC:08","10.169491525423728","0","0.6793478260869565","0","177","2022-05-12T02:50:00.000Z","1652323800",
"2551","22b77d7829c68dcd","E2:1F:7B:35:CC:08","16.949152542372882","1","0.7102272727272727","0","177","2022-05-12T02:51:00.000Z","1652323860",
"2551","22b77d7829c68dcd","E2:1F:7B:35:CC:08","38.4180790960452","3","0.7440476190476191","0","177","2022-05-12T02:52:00.000Z","1652323920",
"2551","22b77d7829c68dcd","E2:1F:7B:35:CC:08","29.37853107344633","0","0.7102272727272727","0","177","2022-05-12T02:53:00.000Z","1652323980",
"2551","22b77d7829c68dcd","E2:1F:7B:35:CC:08","25.98870056497175","4","0.7440476190476191","0","177","2022-05-12T02:54:00.000Z","1652324040",
"2551","22b77d7829c68dcd","E2:1F:7B:35:CC:08","24.858757062146893","0","0.7440476190476191","0","177","2022-05-12T02:55:00.000Z","1652324100",
"2551","22b77d7829c68dcd","E2:1F:7B:35:CC:08","20.338983050847457","1","0.7440476190476191","0","177","2022-05-12T02:56:00.000Z","1652324160",
"2551","22b77d7829c68dcd","E2:1F:7B:35:CC:08","21.468926553672315","0","0.7102272727272727","0","177","2022-05-12T02:57:00.000Z","1652324220",
"2551","22b77d7829c68dcd","E2:1F:7B:35:CC:08","15.819209039548022","0","0.7102272727272727","0","177","2022-05-12T02:58:00.000Z","1652324280",
"2551","22b77d7829c68dcd","E2:1F:7B:35:CC:08","24.858757062146893","2","0.7440476190476191","0","177","2022-05-12T02:59:00.000Z","1652324340",
"2551","22b77d7829c68dcd","E2:1F:7B:35:CC:08","32.76836158192091","2","0.7440476190476191","0","177","2022-05-12T03:00:00.000Z","1652324400",
"2551","22b77d7829c68dcd","E2:1F:7B:35:CC:08","36.15819209039548","3","0.78125","0","177","2022-05-12T03:01:00.000Z","1652324460",
"2551","22b77d7829c68dcd","E2:1F:7B:35:CC:08","50.847457627118644","3","0.78125","0","177","2022-05-12T03:02:00.000Z","1652324520",
"2551","22b77d7829c68dcd","E2:1F:7B:35:CC:08","51.9774011299435","1","0.78125","0","177","2022-05-12T03:03:00.000Z","1652324580",
"2551","22b77d7829c68dcd","E2:1F:7B:35:CC:08","62.14689265536723","6","0.6009615384615384","5","177","2022-05-12T03:04:00.000Z","1652324640",
"2551","22b77d7829c68dcd","E2:1F:7B:35:CC:08","41.80790960451977","5","0.6793478260869565","0","177","2022-05-12T03:05:00.000Z","1652324700",
"2551","22b77d7829c68dcd","E2:1F:7B:35:CC:08","55.367231638418076","8","0.78125","0","177","2022-05-12T03:06:00.000Z","1652324760",
"2551","22b77d7829c68dcd","E2:1F:7B:35:CC:08","67.79661016949153","4","0.7440476190476191","0","177","2022-05-12T03:07:00.000Z","1652324820",
"2551","22b77d7829c68dcd","E2:1F:7B:35:CC:08","70.05649717514125","6","0.8223684210526315","0","177","2022-05-12T03:08:00.000Z","1652324880",
"2551","22b77d7829c68dcd","E2:1F:7B:35:CC:08","67.79661016949153","4","0.8223684210526315","0","177","2022-05-12T03:09:00.000Z","1652324940",
"2551","22b77d7829c68dcd","E2:1F:7B:35:CC:08","56.49717514124294","5","0.8223684210526315","0","177","2022-05-12T03:10:00.000Z","1652325000",
"2551","22b77d7829c68dcd","E2:1F:7B:35:CC:08","57.6271186440678","4","0.8223684210526315","0","177","2022-05-12T03:11:00.000Z","1652325060",
"2551","22b77d7829c68dcd","E2:1F:7B:35:CC:08","66.66666666666667","5","0.78125","0","177","2022-05-12T03:12:00.000Z","1652325120",
"2551","22b77d7829c68dcd","E2:1F:7B:35:CC:08","79.09604519774011","6","0.9765625","0","177","2022-05-12T03:13:00.000Z","1652325180",
"2551","22b77d7829c68dcd","E2:1F:7B:35:CC:08","99.43502824858757","7","1.0416666666666667","0","177","2022-05-12T03:14:00.000Z","1652325240",
"2551","22b77d7829c68dcd","E2:1F:7B:35:CC:08","97.17514124293785","6","1.0416666666666667","0","177","2022-05-12T03:15:00.000Z","1652325300",
"2551","22b77d7829c68dcd","E2:1F:7B:35:CC:08","100","2","0.9191176470588235","0","177","2022-05-12T03:16:00.000Z","1652325360",
"2551","22b77d7829c68dcd","E2:1F:7B:35:CC:08","80.22598870056497","4","0.8680555555555556","0","177","2022-05-12T03:17:00.000Z","1652325420",
"2551","22b77d7829c68dcd","E2:1F:7B:35:CC:08","70.05649717514125","5","1.0416666666666667","0","177","2022-05-12T03:18:00.000Z","1652325480",
"2551","22b77d7829c68dcd","E2:1F:7B:35:CC:08","63.27683615819209","2","0.9191176470588235","0","177","2022-05-12T03:19:00.000Z","1652325540",
"2551","22b77d7829c68dcd","E2:1F:7B:35:CC:08","74.57627118644068","4","0.9765625","0","177","2022-05-12T03:20:00.000Z","1652325600",
"2551","22b77d7829c68dcd","E2:1F:7B:35:CC:08","53.10734463276836","1","0.8680555555555556","0","177","2022-05-12T03:21:00.000Z","1652325660",
"2551","22b77d7829c68dcd","E2:1F:7B:35:CC:08","40.67796610169491","0","0.8223684210526315","0","177","2022-05-12T03:22:00.000Z","1652325720",
"2551","22b77d7829c68dcd","E2:1F:7B:35:CC:08","47.45762711864407","2","0.9191176470588235","0","177","2022-05-12T03:23:00.000Z","1652325780",
"2551","22b77d7829c68dcd","E2:1F:7B:35:CC:08","55.367231638418076","1","0.8223684210526315","0","177","2022-05-12T03:24:00.000Z","1652325840",
"2551","22b77d7829c68dcd","E2:1F:7B:35:CC:08","54.23728813559322","2","0.8223684210526315","0","177","2022-05-12T03:25:00.000Z","1652325900",
"2551","22b77d7829c68dcd","E2:1F:7B:35:CC:08","47.45762711864407","0","0.78125","0","177","2022-05-12T03:26:00.000Z","1652325960",
"2551","22b77d7829c68dcd","E2:1F:7B:35:CC:08","38.4180790960452","1","0.7102272727272727","0","177","2022-05-12T03:27:00.000Z","1652326020",
"2551","22b77d7829c68dcd","E2:1F:7B:35:CC:08","20.338983050847457","0","0.7440476190476191","0","177","2022-05-12T03:28:00.000Z","1652326080",
"2551","22b77d7829c68dcd","E2:1F:7B:35:CC:08","15.819209039548022","0","0.7102272727272727","0","177","2022-05-12T03:29:00.000Z","1652326140",
"2551","22b77d7829c68dcd","E2:1F:7B:35:CC:08","11.299435028248588","0","0.7102272727272727","0","177","2022-05-12T03:30:00.000Z","1652326200",
"2551","22b77d7829c68dcd","E2:1F:7B:35:CC:08","7.909604519774011","0","0.7102272727272727","0","177","2022-05-12T03:31:00.000Z","1652326260",
"2551","22b77d7829c68dcd","E2:1F:7B:35:CC:08","6.779661016949152","0","0.6793478260869565","0","177","2022-05-12T03:32:00.000Z","1652326320",
"2551","22b77d7829c68dcd","E2:1F:7B:35:CC:08","5.649717514124294","0","0.6793478260869565","0","177","2022-05-12T03:33:00.000Z","1652326380",
"2551","22b77d7829c68dcd","E2:1F:7B:35:CC:08","4.519774011299435","0","0.6793478260869565","0","177","2022-05-12T03:34:00.000Z","1652326440",
"2551","22b77d7829c68dcd","E2:1F:7B:35:CC:08","11.299435028248588","0","0.6793478260869565","0","177","2022-05-12T03:35:00.000Z","1652326500",
"2551","22b77d7829c68dcd","E2:1F:7B:35:CC:08","10.169491525423728","0","0.6793478260869565","0","177","2022-05-12T03:36:00.000Z","1652326560",
"2551","22b77d7829c68dcd","E2:1F:7B:35:CC:08","5.649717514124294","0","0.6793478260869565","0","177","2022-05-12T03:37:00.000Z","1652326620",
"2551","22b77d7829c68dcd","E2:1F:7B:35:CC:08","4.519774011299435","0","0.6793478260869565","0","177","2022-05-12T03:38:00.000Z","1652326680",
"2551","22b77d7829c68dcd","E2:1F:7B:35:CC:08","3.389830508474576","0","0.6793478260869565","0","177","2022-05-12T03:39:00.000Z","1652326740",
"2551","22b77d7829c68dcd","E2:1F:7B:35:CC:08","31.638418079096045","0","0.6793478260869565","0","177","2022-05-12T03:40:00.000Z","1652326800",
"2551","22b77d7829c68dcd","E2:1F:7B:35:CC:08","18.07909604519774","0","0.6793478260869565","0","177","2022-05-12T03:41:00.000Z","1652326860",
"2551","22b77d7829c68dcd","E2:1F:7B:35:CC:08","6.779661016949152","0","0.6793478260869565","0","177","2022-05-12T03:42:00.000Z","1652326920",
"2551","22b77d7829c68dcd","E2:1F:7B:35:CC:08","4.519774011299435","0","0.6793478260869565","0","177","2022-05-12T03:43:00.000Z","1652326980",
"2551","22b77d7829c68dcd","E2:1F:7B:35:CC:08","3.389830508474576","0","0.6793478260869565","0","177","2022-05-12T03:44:00.000Z","1652327040",
"2551","22b77d7829c68dcd","E2:1F:7B:35:CC:08","3.389830508474576","0","0.6793478260869565","0","177","2022-05-12T03:45:00.000Z","1652327100",
"2551","22b77d7829c68dcd","E2:1F:7B:35:CC:08","3.389830508474576","0","0.6793478260869565","0","177","2022-05-12T03:46:00.000Z","1652327160",
"2551","22b77d7829c68dcd","E2:1F:7B:35:CC:08","3.389830508474576","0","0.6793478260869565","0","177","2022-05-12T03:47:00.000Z","1652327220",
"2551","22b77d7829c68dcd","E2:1F:7B:35:CC:08","35.02824858757062","0","0.6793478260869565","0","177","2022-05-12T03:48:00.000Z","1652327280",
"2551","22b77d7829c68dcd","E2:1F:7B:35:CC:08","15.819209039548022","0","0.7102272727272727","0","177","2022-05-12T03:49:00.000Z","1652327340",
"2551","22b77d7829c68dcd","E2:1F:7B:35:CC:08","12.429378531073446","1","0.7102272727272727","0","177","2022-05-12T03:50:00.000Z","1652327400",
"2551","22b77d7829c68dcd","E2:1F:7B:35:CC:08","20.338983050847457","1","0.6793478260869565","0","177","2022-05-12T03:51:00.000Z","1652327460",
"2551","22b77d7829c68dcd","E2:1F:7B:35:CC:08","24.858757062146893","1","0.6793478260869565","0","177","2022-05-12T03:52:00.000Z","1652327520",
"2551","22b77d7829c68dcd","E2:1F:7B:35:CC:08","10.169491525423728","0","0.6793478260869565","0","177","2022-05-12T03:53:00.000Z","1652327580",
"2551","22b77d7829c68dcd","E2:1F:7B:35:CC:08","4.519774011299435","0","0.6793478260869565","0","177","2022-05-12T03:54:00.000Z","1652327640",
"2551","22b77d7829c68dcd","E2:1F:7B:35:CC:08","4.519774011299435","0","0.6793478260869565","0","177","2022-05-12T03:55:00.000Z","1652327700",
"2551","22b77d7829c68dcd","E2:1F:7B:35:CC:08","3.389830508474576","0","0.625","0","177","2022-05-12T03:56:00.000Z","1652327760",
"2551","22b77d7829c68dcd","E2:1F:7B:35:CC:08","16.949152542372882","1","0.6793478260869565","0","177","2022-05-12T03:57:00.000Z","1652327820",
"2551","22b77d7829c68dcd","E2:1F:7B:35:CC:08","23.728813559322035","2","0.6793478260869565","0","177","2022-05-12T03:58:00.000Z","1652327880",
"2551","22b77d7829c68dcd","E2:1F:7B:35:CC:08","14.689265536723164","0","0.6793478260869565","0","177","2022-05-12T03:59:00.000Z","1652327940",
"2551","22b77d7829c68dcd","E2:1F:7B:35:CC:08","7.909604519774011","0","0.6793478260869565","0","177","2022-05-12T04:00:00.000Z","1652328000",
"2551","22b77d7829c68dcd","E2:1F:7B:35:CC:08","4.519774011299435","0","0.6793478260869565","0","177","2022-05-12T04:01:00.000Z","1652328060",
"2551","22b77d7829c68dcd","E2:1F:7B:35:CC:08","3.389830508474576","0","0.6009615384615384","0","177","2022-05-12T04:02:00.000Z","1652328120",
"2551","22b77d7829c68dcd","E2:1F:7B:35:CC:08","15.819209039548022","0","0.6793478260869565","0","177","2022-05-12T04:03:00.000Z","1652328180",
"2551","22b77d7829c68dcd","E2:1F:7B:35:CC:08","12.429378531073446","1","0.7102272727272727","0","177","2022-05-12T04:04:00.000Z","1652328240",
"2551","22b77d7829c68dcd","E2:1F:7B:35:CC:08","16.949152542372882","1","0.7102272727272727","0","177","2022-05-12T04:05:00.000Z","1652328300",
"2551","22b77d7829c68dcd","E2:1F:7B:35:CC:08","21.468926553672315","1","0.7102272727272727","0","177","2022-05-12T04:06:00.000Z","1652328360",
"2551","22b77d7829c68dcd","E2:1F:7B:35:CC:08","36.15819209039548","5","0.8223684210526315","0","177","2022-05-12T04:07:00.000Z","1652328420",
"2551","22b77d7829c68dcd","E2:1F:7B:35:CC:08","37.28813559322034","2","0.48828125","7","177","2022-05-12T04:08:00.000Z","1652328480",
"2551","22b77d7829c68dcd","E2:1F:7B:35:CC:08","29.37853107344633","2","0.5580357142857143","0","177","2022-05-12T04:09:00.000Z","1652328540",
"2551","22b77d7829c68dcd","E2:1F:7B:35:CC:08","22.598870056497177","1","0.5580357142857143","0","177","2022-05-12T04:10:00.000Z","1652328600",
"2551","22b77d7829c68dcd","E2:1F:7B:35:CC:08","19.2090395480226","0","0.5387931034482759","0","177","2022-05-12T04:11:00.000Z","1652328660",
"2551","22b77d7829c68dcd","E2:1F:7B:35:CC:08","12.429378531073446","0","0.5580357142857143","0","177","2022-05-12T04:12:00.000Z","1652328720",
"2551","22b77d7829c68dcd","E2:1F:7B:35:CC:08","24.858757062146893","0","0.5040322580645161","0","177","2022-05-12T04:13:00.000Z","1652328780",
"2551","22b77d7829c68dcd","E2:1F:7B:35:CC:08","24.858757062146893","1","0.5387931034482759","0","177","2022-05-12T04:14:00.000Z","1652328840",
"2551","22b77d7829c68dcd","E2:1F:7B:35:CC:08","21.468926553672315","0","0.5387931034482759","0","177","2022-05-12T04:15:00.000Z","1652328900",
"2551","22b77d7829c68dcd","E2:1F:7B:35:CC:08","11.299435028248588","0","0.5387931034482759","0","177","2022-05-12T04:16:00.000Z","1652328960",
"2551","22b77d7829c68dcd","E2:1F:7B:35:CC:08","12.429378531073446","1","0.5580357142857143","0","177","2022-05-12T04:17:00.000Z","1652329020",
"2551","22b77d7829c68dcd","E2:1F:7B:35:CC:08","13.559322033898304","0","0.5580357142857143","0","177","2022-05-12T04:18:00.000Z","1652329080",
"2551","22b77d7829c68dcd","E2:1F:7B:35:CC:08","14.689265536723164","0","0.6009615384615384","0","177","2022-05-12T04:19:00.000Z","1652329140",
"2551","22b77d7829c68dcd","E2:1F:7B:35:CC:08","6.779661016949152","0","0.6009615384615384","0","177","2022-05-12T04:20:00.000Z","1652329200",
"2551","22b77d7829c68dcd","E2:1F:7B:35:CC:08","3.389830508474576","0","0.625","0","177","2022-05-12T04:21:00.000Z","1652329260",
"2551","22b77d7829c68dcd","E2:1F:7B:35:CC:08","10.169491525423728","1","0.5580357142857143","0","177","2022-05-12T04:22:00.000Z","1652329320",
"2551","22b77d7829c68dcd","E2:1F:7B:35:CC:08","6.779661016949152","0","0.5580357142857143","0","177","2022-05-12T04:23:00.000Z","1652329380",
"2551","22b77d7829c68dcd","E2:1F:7B:35:CC:08","3.389830508474576","0","0.5787037037037037","0","177","2022-05-12T04:24:00.000Z","1652329440",
"2551","22b77d7829c68dcd","E2:1F:7B:35:CC:08","2.2598870056497176","0","0.5787037037037037","0","177","2022-05-12T04:25:00.000Z","1652329500",
"2551","22b77d7829c68dcd","E2:1F:7B:35:CC:08","2.2598870056497176","0","0.5787037037037037","0","177","2022-05-12T04:26:00.000Z","1652329560",
"2551","22b77d7829c68dcd","E2:1F:7B:35:CC:08","3.389830508474576","0","0.5787037037037037","0","177","2022-05-12T04:27:00.000Z","1652329620",
"2551","22b77d7829c68dcd","E2:1F:7B:35:CC:08","3.389830508474576","0","0.5208333333333334","0","177","2022-05-12T04:28:00.000Z","1652329680",
"2551","22b77d7829c68dcd","E2:1F:7B:35:CC:08","7.909604519774011","0","0.5387931034482759","0","177","2022-05-12T04:29:00.000Z","1652329740",
"2551","22b77d7829c68dcd","E2:1F:7B:35:CC:08","4.519774011299435","0","0.5580357142857143","0","177","2022-05-12T04:30:00.000Z","1652329800",
"2551","22b77d7829c68dcd","E2:1F:7B:35:CC:08","2.2598870056497176","0","0.5787037037037037","0","177","2022-05-12T04:31:00.000Z","1652329860",
"2551","22b77d7829c68dcd","E2:1F:7B:35:CC:08","2.2598870056497176","0","0.5787037037037037","0","177","2022-05-12T04:32:00.000Z","1652329920",
"2551","22b77d7829c68dcd","E2:1F:7B:35:CC:08","2.2598870056497176","0","0.4340277777777778","4","177","2022-05-12T04:33:00.000Z","1652329980",
"2551","22b77d7829c68dcd","E2:1F:7B:35:CC:08","12.429378531073446","2","0.48828125","0","177","2022-05-12T04:34:00.000Z","1652330040",
"2551","22b77d7829c68dcd","E2:1F:7B:35:CC:08","7.909604519774011","0","0.5040322580645161","0","177","2022-05-12T04:35:00.000Z","1652330100",
"2551","22b77d7829c68dcd","E2:1F:7B:35:CC:08","10.169491525423728","0","0.5387931034482759","0","177","2022-05-12T04:36:00.000Z","1652330160",
"2551","22b77d7829c68dcd","E2:1F:7B:35:CC:08","12.429378531073446","0","0.5580357142857143","0","177","2022-05-12T04:37:00.000Z","1652330220",
"2551","22b77d7829c68dcd","E2:1F:7B:35:CC:08","16.949152542372882","2","0.44642857142857145","0","177","2022-05-12T04:38:00.000Z","1652330280",
"2551","22b77d7829c68dcd","E2:1F:7B:35:CC:08","20.338983050847457","3","0.48828125","0","177","2022-05-12T04:39:00.000Z","1652330340",
"2551","22b77d7829c68dcd","E2:1F:7B:35:CC:08","13.559322033898304","0","0.5040322580645161","0","177","2022-05-12T04:40:00.000Z","1652330400",
"2551","22b77d7829c68dcd","E2:1F:7B:35:CC:08","10.169491525423728","0","0.48828125","0","177","2022-05-12T04:41:00.000Z","1652330460",
"2551","22b77d7829c68dcd","E2:1F:7B:35:CC:08","5.649717514124294","0","0.5040322580645161","0","177","2022-05-12T04:42:00.000Z","1652330520",
"2551","22b77d7829c68dcd","E2:1F:7B:35:CC:08","3.389830508474576","0","0.5040322580645161","0","177","2022-05-12T04:43:00.000Z","1652330580",
"2551","22b77d7829c68dcd","E2:1F:7B:35:CC:08","3.389830508474576","0","0.5040322580645161","0","177","2022-05-12T04:44:00.000Z","1652330640",
"2551","22b77d7829c68dcd","E2:1F:7B:35:CC:08","3.389830508474576","0","0.5040322580645161","0","177","2022-05-12T04:45:00.000Z","1652330700",
"2551","22b77d7829c68dcd","E2:1F:7B:35:CC:08","3.389830508474576","0","0.5040322580645161","0","177","2022-05-12T04:46:00.000Z","1652330760",
"2551","22b77d7829c68dcd","E2:1F:7B:35:CC:08","3.389830508474576","0","0.5040322580645161","0","177","2022-05-12T04:47:00.000Z","1652330820",
"2551","22b77d7829c68dcd","E2:1F:7B:35:CC:08","5.649717514124294","0","0.5208333333333334","0","177","2022-05-12T04:48:00.000Z","1652330880",
"2551","22b77d7829c68dcd","E2:1F:7B:35:CC:08","5.649717514124294","0","0.5208333333333334","0","177","2022-05-12T04:49:00.000Z","1652330940",
"2551","22b77d7829c68dcd","E2:1F:7B:35:CC:08","5.649717514124294","0","0.5208333333333334","0","177","2022-05-12T04:50:00.000Z","1652331000",
"2551","22b77d7829c68dcd","E2:1F:7B:35:CC:08","5.649717514124294","0","0.5387931034482759","0","177","2022-05-12T04:51:00.000Z","1652331060",
"2551","22b77d7829c68dcd","E2:1F:7B:35:CC:08","10.169491525423728","1","0.5580357142857143","0","177","2022-05-12T04:52:00.000Z","1652331120",
"2551","22b77d7829c68dcd","E2:1F:7B:35:CC:08","11.299435028248588","0","0.5580357142857143","0","177","2022-05-12T04:53:00.000Z","1652331180",
"2551","22b77d7829c68dcd","E2:1F:7B:35:CC:08","14.689265536723164","2","0.5580357142857143","0","177","2022-05-12T04:54:00.000Z","1652331240",
"2551","22b77d7829c68dcd","E2:1F:7B:35:CC:08","15.819209039548022","2","0.5787037037037037","0","177","2022-05-12T04:55:00.000Z","1652331300",
"2551","22b77d7829c68dcd","E2:1F:7B:35:CC:08","15.819209039548022","1","0.5787037037037037","0","177","2022-05-12T04:56:00.000Z","1652331360",
"2551","22b77d7829c68dcd","E2:1F:7B:35:CC:08","20.338983050847457","3","0.625","0","177","2022-05-12T04:57:00.000Z","1652331420",
"2551","22b77d7829c68dcd","E2:1F:7B:35:CC:08","23.728813559322035","4","0.625","0","177","2022-05-12T04:58:00.000Z","1652331480",
"2551","22b77d7829c68dcd","E2:1F:7B:35:CC:08","23.728813559322035","2","0.44642857142857145","0","177","2022-05-12T04:59:00.000Z","1652331540",
"2551","22b77d7829c68dcd","E2:1F:7B:35:CC:08","30.508474576271187","4","0.5387931034482759","0","177","2022-05-12T05:00:00.000Z","1652331600",
"2551","22b77d7829c68dcd","E2:1F:7B:35:CC:08","20.338983050847457","2","0.5787037037037037","0","177","2022-05-12T05:01:00.000Z","1652331660",
"2551","22b77d7829c68dcd","E2:1F:7B:35:CC:08","13.559322033898304","0","0.5787037037037037","0","177","2022-05-12T05:02:00.000Z","1652331720",
"2551","22b77d7829c68dcd","E2:1F:7B:35:CC:08","12.429378531073446","1","0.6009615384615384","0","177","2022-05-12T05:03:00.000Z","1652331780",
"2551","22b77d7829c68dcd","E2:1F:7B:35:CC:08","13.559322033898304","1","0.6009615384615384","0","177","2022-05-12T05:04:00.000Z","1652331840",
"2551","22b77d7829c68dcd","E2:1F:7B:35:CC:08","11.299435028248588","1","0.625","0","177","2022-05-12T05:05:00.000Z","1652331900",
"2551","22b77d7829c68dcd","E2:1F:7B:35:CC:08","15.819209039548022","3","0.5387931034482759","0","177","2022-05-12T05:06:00.000Z","1652331960",
"2551","22b77d7829c68dcd","E2:1F:7B:35:CC:08","25.98870056497175","3","0.5787037037037037","0","177","2022-05-12T05:07:00.000Z","1652332020",
"2551","22b77d7829c68dcd","E2:1F:7B:35:CC:08","30.508474576271187","5","0.6009615384615384","0","177","2022-05-12T05:08:00.000Z","1652332080",
"2551","22b77d7829c68dcd","E2:1F:7B:35:CC:08","29.37853107344633","3","0.6009615384615384","0","177","2022-05-12T05:09:00.000Z","1652332140",
"2551","22b77d7829c68dcd","E2:1F:7B:35:CC:08","28.24858757062147","2","0.625","0","177","2022-05-12T05:10:00.000Z","1652332200",
"2551","22b77d7829c68dcd","E2:1F:7B:35:CC:08","30.508474576271187","2","0.5580357142857143","0","177","2022-05-12T05:11:00.000Z","1652332260",
"2551","22b77d7829c68dcd","E2:1F:7B:35:CC:08","29.37853107344633","1","0.5580357142857143","0","177","2022-05-12T05:12:00.000Z","1652332320",
"2551","22b77d7829c68dcd","E2:1F:7B:35:CC:08","21.468926553672315","0","0.5387931034482759","0","177","2022-05-12T05:13:00.000Z","1652332380",
"2551","22b77d7829c68dcd","E2:1F:7B:35:CC:08","10.169491525423728","0","0.5387931034482759","0","177","2022-05-12T05:14:00.000Z","1652332440",
"2551","22b77d7829c68dcd","E2:1F:7B:35:CC:08","7.909604519774011","0","0.5387931034482759","0","177","2022-05-12T05:15:00.000Z","1652332500",
"2551","22b77d7829c68dcd","E2:1F:7B:35:CC:08","10.169491525423728","0","0.5387931034482759","0","177","2022-05-12T05:16:00.000Z","1652332560",
"2551","22b77d7829c68dcd","E2:1F:7B:35:CC:08","24.858757062146893","2","0.5208333333333334","1","177","2022-05-12T05:17:00.000Z","1652332620",
"2551","22b77d7829c68dcd","E2:1F:7B:35:CC:08","14.689265536723164","0","0.5580357142857143","0","177","2022-05-12T05:18:00.000Z","1652332680",
"2551","22b77d7829c68dcd","E2:1F:7B:35:CC:08","6.779661016949152","0","0.5580357142857143","0","177","2022-05-12T05:19:00.000Z","1652332740",
"2551","22b77d7829c68dcd","E2:1F:7B:35:CC:08","3.389830508474576","0","0.5580357142857143","0","177","2022-05-12T05:20:00.000Z","1652332800",
"2551","22b77d7829c68dcd","E2:1F:7B:35:CC:08","3.389830508474576","0","0.5787037037037037","0","177","2022-05-12T05:21:00.000Z","1652332860",
"2551","22b77d7829c68dcd","E2:1F:7B:35:CC:08","3.389830508474576","0","0.5787037037037037","0","177","2022-05-12T05:22:00.000Z","1652332920",
"2551","22b77d7829c68dcd","E2:1F:7B:35:CC:08","4.519774011299435","0","0.5580357142857143","0","177","2022-05-12T05:23:00.000Z","1652332980",
"2551","22b77d7829c68dcd","E2:1F:7B:35:CC:08","4.519774011299435","0","0.5580357142857143","0","177","2022-05-12T05:24:00.000Z","1652333040",
"2551","22b77d7829c68dcd","E2:1F:7B:35:CC:08","3.389830508474576","0","0.5580357142857143","0","177","2022-05-12T05:25:00.000Z","1652333100",
"2551","22b77d7829c68dcd","E2:1F:7B:35:CC:08","2.2598870056497176","0","0.5580357142857143","0","177","2022-05-12T05:26:00.000Z","1652333160",
"2551","22b77d7829c68dcd","E2:1F:7B:35:CC:08","2.2598870056497176","0","0.5580357142857143","0","177","2022-05-12T05:27:00.000Z","1652333220",
"2551","22b77d7829c68dcd","E2:1F:7B:35:CC:08","3.389830508474576","0","0.5580357142857143","0","177","2022-05-12T05:28:00.000Z","1652333280",
"2551","22b77d7829c68dcd","E2:1F:7B:35:CC:08","3.389830508474576","0","0.5580357142857143","0","177","2022-05-12T05:29:00.000Z","1652333340",
"2551","22b77d7829c68dcd","E2:1F:7B:35:CC:08","4.519774011299435","0","0.5787037037037037","0","177","2022-05-12T05:30:00.000Z","1652333400",
"2551","22b77d7829c68dcd","E2:1F:7B:35:CC:08","3.389830508474576","0","0.5787037037037037","0","177","2022-05-12T05:31:00.000Z","1652333460",
"2551","22b77d7829c68dcd","E2:1F:7B:35:CC:08","2.2598870056497176","0","0.5787037037037037","0","177","2022-05-12T05:32:00.000Z","1652333520",
"2551","22b77d7829c68dcd","E2:1F:7B:35:CC:08","2.2598870056497176","0","0.4222972972972973","1","177","2022-05-12T05:33:00.000Z","1652333580",
"2551","22b77d7829c68dcd","E2:1F:7B:35:CC:08","15.819209039548022","3","0.48828125","8","177","2022-05-12T05:34:00.000Z","1652333640",
"2551","22b77d7829c68dcd","E2:1F:7B:35:CC:08","20.338983050847457","2","0.5387931034482759","0","177","2022-05-12T05:35:00.000Z","1652333700",
"2551","22b77d7829c68dcd","E2:1F:7B:35:CC:08","10.169491525423728","0","0.5580357142857143","0","177","2022-05-12T05:36:00.000Z","1652333760",
"2551","22b77d7829c68dcd","E2:1F:7B:35:CC:08","4.519774011299435","0","0.41118421052631576","0","177","2022-05-12T05:37:00.000Z","1652333820",
"2551","22b77d7829c68dcd","E2:1F:7B:35:CC:08","4.519774011299435","0","0.4222972972972973","0","177","2022-05-12T05:38:00.000Z","1652333880",
"2551","22b77d7829c68dcd","E2:1F:7B:35:CC:08","3.389830508474576","0","0.4222972972972973","0","177","2022-05-12T05:39:00.000Z","1652333940",
"2551","22b77d7829c68dcd","E2:1F:7B:35:CC:08","2.2598870056497176","0","0.4222972972972973","0","177","2022-05-12T05:40:00.000Z","1652334000",
"2551","22b77d7829c68dcd","E2:1F:7B:35:CC:08","2.2598870056497176","0","0.4222972972972973","0","177","2022-05-12T05:41:00.000Z","1652334060",
"2551","22b77d7829c68dcd","E2:1F:7B:35:CC:08","2.2598870056497176","0","0.4340277777777778","0","177","2022-05-12T05:42:00.000Z","1652334120",
"2551","22b77d7829c68dcd","E2:1F:7B:35:CC:08","6.779661016949152","0","0.37202380952380953","1","177","2022-05-12T05:43:00.000Z","1652334180",
"2551","22b77d7829c68dcd","E2:1F:7B:35:CC:08","7.909604519774011","0","0.38109756097560976","0","177","2022-05-12T05:44:00.000Z","1652334240",
"2551","22b77d7829c68dcd","E2:1F:7B:35:CC:08","6.779661016949152","0","0.44642857142857145","1","177","2022-05-12T05:45:00.000Z","1652334300",
"2551","22b77d7829c68dcd","E2:1F:7B:35:CC:08","21.468926553672315","2","0.5208333333333334","0","177","2022-05-12T05:46:00.000Z","1652334360",
"2551","22b77d7829c68dcd","E2:1F:7B:35:CC:08","30.508474576271187","3","0.5387931034482759","0","177","2022-05-12T05:47:00.000Z","1652334420",
"2551","22b77d7829c68dcd","E2:1F:7B:35:CC:08","30.508474576271187","2","0.5208333333333334","0","177","2022-05-12T05:48:00.000Z","1652334480",
"2551","22b77d7829c68dcd","E2:1F:7B:35:CC:08","25.98870056497175","1","0.5040322580645161","0","177","2022-05-12T05:49:00.000Z","1652334540",
"2551","22b77d7829c68dcd","E2:1F:7B:35:CC:08","18.07909604519774","0","0.48828125","0","177","2022-05-12T05:50:00.000Z","1652334600",
"2551","22b77d7829c68dcd","E2:1F:7B:35:CC:08","14.689265536723164","0","0.4734848484848485","0","177","2022-05-12T05:51:00.000Z","1652334660",
"2551","22b77d7829c68dcd","E2:1F:7B:35:CC:08","14.689265536723164","1","0.4734848484848485","0","177","2022-05-12T05:52:00.000Z","1652334720",
"2551","22b77d7829c68dcd","E2:1F:7B:35:CC:08","14.689265536723164","0","0.4734848484848485","0","177","2022-05-12T05:53:00.000Z","1652334780",
"2551","22b77d7829c68dcd","E2:1F:7B:35:CC:08","13.559322033898304","0","0.4734848484848485","0","177","2022-05-12T05:54:00.000Z","1652334840",
"2551","22b77d7829c68dcd","E2:1F:7B:35:CC:08","12.429378531073446","0","0.4734848484848485","0","177","2022-05-12T05:55:00.000Z","1652334900",
"2551","22b77d7829c68dcd","E2:1F:7B:35:CC:08","11.299435028248588","0","0.45955882352941174","0","177","2022-05-12T05:56:00.000Z","1652334960",
"2551","22b77d7829c68dcd","E2:1F:7B:35:CC:08","15.819209039548022","1","0.4734848484848485","0","177","2022-05-12T05:57:00.000Z","1652335020",
"2551","22b77d7829c68dcd","E2:1F:7B:35:CC:08","16.949152542372882","1","0.5040322580645161","0","177","2022-05-12T05:58:00.000Z","1652335080",
"2551","22b77d7829c68dcd","E2:1F:7B:35:CC:08","35.02824858757062","6","0.5580357142857143","0","177","2022-05-12T05:59:00.000Z","1652335140",
"2551","22b77d7829c68dcd","E2:1F:7B:35:CC:08","48.58757062146893","7","0.625","0","177","2022-05-12T06:00:00.000Z","1652335200",
"2551","22b77d7829c68dcd","E2:1F:7B:35:CC:08","59.887005649717516","7","0.7440476190476191","0","177","2022-05-12T06:01:00.000Z","1652335260",
"2551","22b77d7829c68dcd","E2:1F:7B:35:CC:08","62.14689265536723","7","0.8223684210526315","0","177","2022-05-12T06:02:00.000Z","1652335320",
"2551","22b77d7829c68dcd","E2:1F:7B:35:CC:08","79.09604519774011","4","0.8223684210526315","0","177","2022-05-12T06:03:00.000Z","1652335380",
"2551","22b77d7829c68dcd","E2:1F:7B:35:CC:08","87.00564971751412","6","0.9191176470588235","0","177","2022-05-12T06:04:00.000Z","1652335440",
"2551","22b77d7829c68dcd","E2:1F:7B:35:CC:08","85.87570621468926","7","0.41118421052631576","5","177","2022-05-12T06:05:00.000Z","1652335500",
"2551","22b77d7829c68dcd","E2:1F:7B:35:CC:08","57.6271186440678","1","0.44642857142857145","0","177","2022-05-12T06:06:00.000Z","1652335560",
"2551","22b77d7829c68dcd","E2:1F:7B:35:CC:08","33.898305084745765","2","0.44642857142857145","0","177","2022-05-12T06:07:00.000Z","1652335620",
"2551","22b77d7829c68dcd","E2:1F:7B:35:CC:08","24.858757062146893","2","0.4734848484848485","0","177","2022-05-12T06:08:00.000Z","1652335680",
"2551","22b77d7829c68dcd","E2:1F:7B:35:CC:08","29.37853107344633","1","0.45955882352941174","0","177","2022-05-12T06:09:00.000Z","1652335740",
"2551","22b77d7829c68dcd","E2:1F:7B:35:CC:08","14.689265536723164","0","0.4734848484848485","0","177","2022-05-12T06:10:00.000Z","1652335800",
"2551","22b77d7829c68dcd","E2:1F:7B:35:CC:08","7.909604519774011","0","0.4734848484848485","0","177","2022-05-12T06:11:00.000Z","1652335860",
"2551","22b77d7829c68dcd","E2:1F:7B:35:CC:08","5.649717514124294","0","0.48828125","0","177","2022-05-12T06:12:00.000Z","1652335920",
"2551","22b77d7829c68dcd","E2:1F:7B:35:CC:08","7.909604519774011","0","0.5040322580645161","0","177","2022-05-12T06:13:00.000Z","1652335980",
"2551","22b77d7829c68dcd","E2:1F:7B:35:CC:08","9.03954802259887","0","0.5040322580645161","0","177","2022-05-12T06:14:00.000Z","1652336040",
"2551","22b77d7829c68dcd","E2:1F:7B:35:CC:08","14.689265536723164","2","0.5580357142857143","0","177","2022-05-12T06:15:00.000Z","1652336100",
"2551","22b77d7829c68dcd","E2:1F:7B:35:CC:08","30.508474576271187","3","0.5580357142857143","0","177","2022-05-12T06:16:00.000Z","1652336160",
"2551","22b77d7829c68dcd","E2:1F:7B:35:CC:08","30.508474576271187","0","0.5580357142857143","0","177","2022-05-12T06:17:00.000Z","1652336220",
"2551","22b77d7829c68dcd","E2:1F:7B:35:CC:08","28.24858757062147","5","0.6009615384615384","0","177","2022-05-12T06:18:00.000Z","1652336280",
"2551","22b77d7829c68dcd","E2:1F:7B:35:CC:08","67.79661016949153","5","0.7102272727272727","0","177","2022-05-12T06:19:00.000Z","1652336340",
"2551","22b77d7829c68dcd","E2:1F:7B:35:CC:08","75.70621468926554","3","0.625","0","177","2022-05-12T06:20:00.000Z","1652336400",
"2551","22b77d7829c68dcd","E2:1F:7B:35:CC:08","68.92655367231639","5","0.7102272727272727","0","177","2022-05-12T06:21:00.000Z","1652336460",
"2551","22b77d7829c68dcd","E2:1F:7B:35:CC:08","77.96610169491525","8","0.8223684210526315","0","177","2022-05-12T06:22:00.000Z","1652336520",
"2551","22b77d7829c68dcd","E2:1F:7B:35:CC:08","83.61581920903954","5","0.8223684210526315","0","177","2022-05-12T06:23:00.000Z","1652336580",
"2551","22b77d7829c68dcd","E2:1F:7B:35:CC:08","87.00564971751412","3","0.48828125","0","177","2022-05-12T06:24:00.000Z","1652336640",
"2551","22b77d7829c68dcd","E2:1F:7B:35:CC:08","75.70621468926554","4","0.6009615384615384","0","177","2022-05-12T06:25:00.000Z","1652336700",
"2551","22b77d7829c68dcd","E2:1F:7B:35:CC:08","74.57627118644068","6","0.7102272727272727","0","177","2022-05-12T06:26:00.000Z","1652336760",
"2551","22b77d7829c68dcd","E2:1F:7B:35:CC:08","100","9","0.9191176470588235","0","177","2022-05-12T06:27:00.000Z","1652336820",
"2551","22b77d7829c68dcd","E2:1F:7B:35:CC:08","100","4","0.48828125","0","174","2022-05-12T06:31:00.000Z","1652337060",
"2551","22b77d7829c68dcd","E2:1F:7B:35:CC:08","66.66666666666667","0","0.37202380952380953","1","174","2022-05-12T06:32:00.000Z","1652337120",
"2551","22b77d7829c68dcd","E2:1F:7B:35:CC:08","51.724137931034484","3","0.35511363636363635","0","174","2022-05-12T06:33:00.000Z","1652337180",
"2551","22b77d7829c68dcd","E2:1F:7B:35:CC:08","41.37931034482759","1","0.28935185185185186","0","174","2022-05-12T06:34:00.000Z","1652337240",
"2551","22b77d7829c68dcd","E2:1F:7B:35:CC:08","43.67816091954023","1","0.2648305084745763","0","174","2022-05-12T06:35:00.000Z","1652337300",
"2551","22b77d7829c68dcd","E2:1F:7B:35:CC:08","39.08045977011494","0","0.33967391304347827","1","174","2022-05-12T06:36:00.000Z","1652337360",
"2551","22b77d7829c68dcd","E2:1F:7B:35:CC:08","32.18390804597701","3","0.2332089552238806","0","174","2022-05-12T06:37:00.000Z","1652337420",
"2551","22b77d7829c68dcd","E2:1F:7B:35:CC:08","33.333333333333336","3","0.24801587301587302","0","174","2022-05-12T06:38:00.000Z","1652337480",
"2551","22b77d7829c68dcd","E2:1F:7B:35:CC:08","100","5","0.22321428571428573","0","174","2022-05-12T06:39:00.000Z","1652337540",
"2551","22b77d7829c68dcd","E2:1F:7B:35:CC:08","94.25287356321839","4","0.25201612903225806","0","174","2022-05-12T06:40:00.000Z","1652337600",
"2551","22b77d7829c68dcd","E2:1F:7B:35:CC:08","44.827586206896555","0","0.2403846153846154","0","174","2022-05-12T06:41:00.000Z","1652337660",
"2551","22b77d7829c68dcd","E2:1F:7B:35:CC:08","28.735632183908045","1","0.22977941176470587","0","174","2022-05-12T06:42:00.000Z","1652337720",
"2551","22b77d7829c68dcd","E2:1F:7B:35:CC:08","35.632183908045974","6","0.15625","4","174","2022-05-12T06:43:00.000Z","1652337780",
"2551","22b77d7829c68dcd","E2:1F:7B:35:CC:08","40.229885057471265","3","0.18601190476190477","0","174","2022-05-12T06:44:00.000Z","1652337840",
"2551","22b77d7829c68dcd","E2:1F:7B:35:CC:08","34.48275862068966","0","0.2332089552238806","0","174","2022-05-12T06:45:00.000Z","1652337900",
"2551","22b77d7829c68dcd","E2:1F:7B:35:CC:08","25.28735632183908","1","0.2403846153846154","0","174","2022-05-12T06:46:00.000Z","1652337960",
"2551","22b77d7829c68dcd","E2:1F:7B:35:CC:08","20.689655172413794","0","0.22644927536231885","0","174","2022-05-12T06:47:00.000Z","1652338020",
"2551","22b77d7829c68dcd","E2:1F:7B:35:CC:08","13.793103448275861","0","0.22321428571428573","0","174","2022-05-12T06:48:00.000Z","1652338080",
"2551","22b77d7829c68dcd","E2:1F:7B:35:CC:08","12.64367816091954","1","0.23674242424242425","0","174","2022-05-12T06:49:00.000Z","1652338140",
"2551","22b77d7829c68dcd","E2:1F:7B:35:CC:08","16.091954022988507","1","0.23674242424242425","0","174","2022-05-12T06:50:00.000Z","1652338200",
"2551","22b77d7829c68dcd","E2:1F:7B:35:CC:08","20.689655172413794","0","0.2332089552238806","0","174","2022-05-12T06:51:00.000Z","1652338260",
"2551","22b77d7829c68dcd","E2:1F:7B:35:CC:08","34.48275862068966","0","0.23674242424242425","0","174","2022-05-12T06:52:00.000Z","1652338320",
"2551","22b77d7829c68dcd","E2:1F:7B:35:CC:08","33.333333333333336","1","0.23674242424242425","0","174","2022-05-12T06:53:00.000Z","1652338380",
"2551","22b77d7829c68dcd","E2:1F:7B:35:CC:08","16.091954022988507","0","0.2332089552238806","0","174","2022-05-12T06:54:00.000Z","1652338440",
"2551","22b77d7829c68dcd","E2:1F:7B:35:CC:08","18.39080459770115","1","0.2403846153846154","0","174","2022-05-12T06:55:00.000Z","1652338500",
"2551","22b77d7829c68dcd","E2:1F:7B:35:CC:08","36.7816091954023","6","0.2741228070175439","0","174","2022-05-12T06:56:00.000Z","1652338560",
"2551","22b77d7829c68dcd","E2:1F:7B:35:CC:08","48.275862068965516","4","0.24801587301587302","0","174","2022-05-12T06:57:00.000Z","1652338620",
"2551","22b77d7829c68dcd","E2:1F:7B:35:CC:08","24.137931034482758","0","0.24801587301587302","0","174","2022-05-12T06:58:00.000Z","1652338680",
"2551","22b77d7829c68dcd","E2:1F:7B:35:CC:08","20.689655172413794","0","0.2403846153846154","0","174","2022-05-12T06:59:00.000Z","1652338740",
"2551","22b77d7829c68dcd","E2:1F:7B:35:CC:08","22.988505747126435","1","0.1717032967032967","0","174","2022-05-12T07:00:00.000Z","1652338800",
"2551","22b77d7829c68dcd","E2:1F:7B:35:CC:08","37.93103448275862","3","0.19778481012658228","0","174","2022-05-12T07:01:00.000Z","1652338860",
"2551","22b77d7829c68dcd","E2:1F:7B:35:CC:08","62.06896551724138","3","0.22321428571428573","0","174","2022-05-12T07:02:00.000Z","1652338920",
"2551","22b77d7829c68dcd","E2:1F:7B:35:CC:08","37.93103448275862","0","0.2170138888888889","1","174","2022-05-12T07:03:00.000Z","1652338980",
"2551","22b77d7829c68dcd","E2:1F:7B:35:CC:08","24.137931034482758","0","0.2332089552238806","1","174","2022-05-12T07:04:00.000Z","1652339040",
"2551","22b77d7829c68dcd","E2:1F:7B:35:CC:08","13.793103448275861","0","0.16622340425531915","0","174","2022-05-12T07:05:00.000Z","1652339100",
"2551","22b77d7829c68dcd","E2:1F:7B:35:CC:08","22.988505747126435","3","0.20559210526315788","0","174","2022-05-12T07:06:00.000Z","1652339160",
"2551","22b77d7829c68dcd","E2:1F:7B:35:CC:08","37.93103448275862","4","0.22321428571428573","0","174","2022-05-12T07:07:00.000Z","1652339220",
"2551","22b77d7829c68dcd","E2:1F:7B:35:CC:08","52.87356321839081","1","0.28935185185185186","0","174","2022-05-12T07:08:00.000Z","1652339280",
"2551","22b77d7829c68dcd","E2:1F:7B:35:CC:08","29.885057471264368","0","0.25614754098360654","1","174","2022-05-12T07:09:00.000Z","1652339340",
"2551","22b77d7829c68dcd","E2:1F:7B:35:CC:08","33.333333333333336","3","0.2604166666666667","0","174","2022-05-12T07:10:00.000Z","1652339400",
"2551","22b77d7829c68dcd","E2:1F:7B:35:CC:08","18.39080459770115","0","0.26939655172413796","0","174","2022-05-12T07:11:00.000Z","1652339460",
"2551","22b77d7829c68dcd","E2:1F:7B:35:CC:08","8.045977011494253","0","0.2741228070175439","0","174","2022-05-12T07:12:00.000Z","1652339520",
"2551","22b77d7829c68dcd","E2:1F:7B:35:CC:08","14.942528735632184","4","0.20559210526315788","0","174","2022-05-12T07:13:00.000Z","1652339580",
"2551","22b77d7829c68dcd","E2:1F:7B:35:CC:08","10.344827586206897","0","0.21114864864864866","0","174","2022-05-12T07:14:00.000Z","1652339640",
"2551","22b77d7829c68dcd","E2:1F:7B:35:CC:08","25.28735632183908","2","0.18825301204819278","4","174","2022-05-12T07:15:00.000Z","1652339700",
"2551","22b77d7829c68dcd","E2:1F:7B:35:CC:08","39.08045977011494","2","0.244140625","0","174","2022-05-12T07:16:00.000Z","1652339760",
"2551","22b77d7829c68dcd","E2:1F:7B:35:CC:08","19.54022988505747","0","0.25614754098360654","0","174","2022-05-12T07:17:00.000Z","1652339820",
"2551","22b77d7829c68dcd","E2:1F:7B:35:CC:08","10.344827586206897","0","0.17755681818181818","1","174","2022-05-12T07:18:00.000Z","1652339880",
"2551","22b77d7829c68dcd","E2:1F:7B:35:CC:08","11.494252873563218","0","0.125","1","174","2022-05-12T07:20:00.000Z","1652340000",
"2551","22b77d7829c68dcd","E2:1F:7B:35:CC:08","11.494252873563218","0","0.13020833333333334","0","174","2022-05-12T07:21:00.000Z","1652340060",
"2551","22b77d7829c68dcd","E2:1F:7B:35:CC:08","28.735632183908045","3","0.1220703125","0","174","2022-05-12T07:22:00.000Z","1652340120",
"2551","22b77d7829c68dcd","E2:1F:7B:35:CC:08","41.37931034482759","6","0.13706140350877194","0","174","2022-05-12T07:23:00.000Z","1652340180",
"2551","22b77d7829c68dcd","E2:1F:7B:35:CC:08","43.67816091954023","2","0.15318627450980393","0","174","2022-05-12T07:24:00.000Z","1652340240",
"2551","22b77d7829c68dcd","E2:1F:7B:35:CC:08","39.08045977011494","3","0.15318627450980393","0","174","2022-05-12T07:25:00.000Z","1652340300",
"2551","22b77d7829c68dcd","E2:1F:7B:35:CC:08","37.93103448275862","5","0.13241525423728814","0","174","2022-05-12T07:26:00.000Z","1652340360",
"2551","22b77d7829c68dcd","E2:1F:7B:35:CC:08","42.52873563218391","7","0.13706140350877194","0","174","2022-05-12T07:27:00.000Z","1652340420",
"2551","22b77d7829c68dcd","E2:1F:7B:35:CC:08","35.632183908045974","0","0.16276041666666666","0","174","2022-05-12T07:28:00.000Z","1652340480",
"2551","22b77d7829c68dcd","E2:1F:7B:35:CC:08","35.632183908045974","3","0.125","0","174","2022-05-12T07:29:00.000Z","1652340540",
"2551","22b77d7829c68dcd","E2:1F:7B:35:CC:08","47.12643678160919","4","0.1201923076923077","0","174","2022-05-12T07:30:00.000Z","1652340600",
"2551","22b77d7829c68dcd","E2:1F:7B:35:CC:08","67.816091954023","5","0.143348623853211","0","174","2022-05-12T07:31:00.000Z","1652340660",
"2551","22b77d7829c68dcd","E2:1F:7B:35:CC:08","85.05747126436782","4","0.15318627450980393","1","174","2022-05-12T07:32:00.000Z","1652340720",
"2551","22b77d7829c68dcd","E2:1F:7B:35:CC:08","66.66666666666667","2","0.16983695652173914","1","174","2022-05-12T07:33:00.000Z","1652340780",
"2551","22b77d7829c68dcd","E2:1F:7B:35:CC:08","66.66666666666667","7","0.1816860465116279","0","174","2022-05-12T07:34:00.000Z","1652340840",
"2551","22b77d7829c68dcd","E2:1F:7B:35:CC:08","63.2183908045977","5","0.1736111111111111","2","174","2022-05-12T07:35:00.000Z","1652340900",
"2551","22b77d7829c68dcd","E2:1F:7B:35:CC:08","71.26436781609195","9","0.16801075268817203","15","174","2022-05-12T07:36:00.000Z","1652340960",
"2551","22b77d7829c68dcd","E2:1F:7B:35:CC:08","83.9080459770115","0","0.175561797752809","0","174","2022-05-12T07:37:00.000Z","1652341020",
"2551","22b77d7829c68dcd","E2:1F:7B:35:CC:08","100","4","0.15625","4","174","2022-05-12T07:38:00.000Z","1652341080",
"2551","22b77d7829c68dcd","E2:1F:7B:35:CC:08","95.40229885057471","6","0.1358695652173913","16","174","2022-05-12T07:39:00.000Z","1652341140",
"2551","22b77d7829c68dcd","E2:1F:7B:35:CC:08","98.85057471264368","4","0.10347682119205298","1","174","2022-05-12T07:42:00.000Z","1652341320",
"2551","22b77d7829c68dcd","E2:1F:7B:35:CC:08","86.20689655172414","0","1.953125","15","174","2022-05-12T07:44:00.000Z","1652341440",
"2551","22b77d7829c68dcd","E2:1F:7B:35:CC:08","77.01149425287356","2","1.5625","22","174","2022-05-12T07:45:00.000Z","1652341500",
"2551","22b77d7829c68dcd","E2:1F:7B:35:CC:08","100","0","1.1160714285714286","16","174","2022-05-12T07:46:00.000Z","1652341560",
"2551","22b77d7829c68dcd","E2:1F:7B:35:CC:08","86.20689655172414","0","0.8680555555555556","8","174","2022-05-12T07:47:00.000Z","1652341620",
"2551","22b77d7829c68dcd","E2:1F:7B:35:CC:08","63.2183908045977","0","0.5787037037037037","1","174","2022-05-12T07:48:00.000Z","1652341680",
"2551","22b77d7829c68dcd","E2:1F:7B:35:CC:08","51.724137931034484","1","0.45955882352941174","30","174","2022-05-12T07:49:00.000Z","1652341740",
"2551","22b77d7829c68dcd","E2:1F:7B:35:CC:08","34.48275862068966","0","0.4222972972972973","2","174","2022-05-12T07:50:00.000Z","1652341800",
"2551","22b77d7829c68dcd","E2:1F:7B:35:CC:08","24.137931034482758","0","0.390625","0","174","2022-05-12T07:51:00.000Z","1652341860",
"2551","22b77d7829c68dcd","E2:1F:7B:35:CC:08","20.689655172413794","0","0.3633720930232558","2","174","2022-05-12T07:52:00.000Z","1652341920",
"2551","22b77d7829c68dcd","E2:1F:7B:35:CC:08","12.64367816091954","0","0.35511363636363635","4","174","2022-05-12T07:53:00.000Z","1652341980",
"2551","22b77d7829c68dcd","E2:1F:7B:35:CC:08","13.793103448275861","0","0.3324468085106383","0","174","2022-05-12T07:54:00.000Z","1652342040",
"2551","22b77d7829c68dcd","E2:1F:7B:35:CC:08","60.91954022988506","3","0.3324468085106383","0","174","2022-05-12T07:55:00.000Z","1652342100",
"2551","22b77d7829c68dcd","E2:1F:7B:35:CC:08","44.827586206896555","0","0.3324468085106383","0","174","2022-05-12T07:56:00.000Z","1652342160",
"2551","22b77d7829c68dcd","E2:1F:7B:35:CC:08","20.689655172413794","0","0.3324468085106383","0","174","2022-05-12T07:57:00.000Z","1652342220",
"2551","22b77d7829c68dcd","E2:1F:7B:35:CC:08","10.344827586206897","0","0.33967391304347827","8","174","2022-05-12T07:58:00.000Z","1652342280",
"2551","22b77d7829c68dcd","E2:1F:7B:35:CC:08","21.839080459770116","2","0.3125","19","174","2022-05-12T07:59:00.000Z","1652342340",
"2551","22b77d7829c68dcd","E2:1F:7B:35:CC:08","25.28735632183908","7","0.33967391304347827","36","174","2022-05-12T08:00:00.000Z","1652342400",
"2551","22b77d7829c68dcd","E2:1F:7B:35:CC:08","36.7816091954023","5","0.35511363636363635","21","174","2022-05-12T08:01:00.000Z","1652342460",
"2551","22b77d7829c68dcd","E2:1F:7B:35:CC:08","42.52873563218391","3","0.33967391304347827","14","174","2022-05-12T08:02:00.000Z","1652342520",
"2551","22b77d7829c68dcd","E2:1F:7B:35:CC:08","33.333333333333336","0","0.33967391304347827","0","174","2022-05-12T08:03:00.000Z","1652342580",
"2551","22b77d7829c68dcd","E2:1F:7B:35:CC:08","18.39080459770115","0","0.33967391304347827","0","174","2022-05-12T08:04:00.000Z","1652342640",
"2551","22b77d7829c68dcd","E2:1F:7B:35:CC:08","25.28735632183908","2","0.35511363636363635","1","174","2022-05-12T08:05:00.000Z","1652342700",
"2551","22b77d7829c68dcd","E2:1F:7B:35:CC:08","32.18390804597701","2","0.37202380952380953","0","174","2022-05-12T08:06:00.000Z","1652342760",
"2551","22b77d7829c68dcd","E2:1F:7B:35:CC:08","14.942528735632184","0","0.37202380952380953","0","174","2022-05-12T08:07:00.000Z","1652342820",
"2551","22b77d7829c68dcd","E2:1F:7B:35:CC:08","13.793103448275861","0","0.38109756097560976","0","174","2022-05-12T08:08:00.000Z","1652342880",
"2551","22b77d7829c68dcd","E2:1F:7B:35:CC:08","6.896551724137931","0","0.38109756097560976","0","174","2022-05-12T08:09:00.000Z","1652342940",
"2551","22b77d7829c68dcd","E2:1F:7B:35:CC:08","21.839080459770116","0","0.38109756097560976","0","174","2022-05-12T08:10:00.000Z","1652343000",
"2551","22b77d7829c68dcd","E2:1F:7B:35:CC:08","37.93103448275862","4","0.4734848484848485","0","174","2022-05-12T08:11:00.000Z","1652343060",
"2551","22b77d7829c68dcd","E2:1F:7B:35:CC:08","44.827586206896555","1","0.44642857142857145","0","174","2022-05-12T08:12:00.000Z","1652343120",
"2551","22b77d7829c68dcd","E2:1F:7B:35:CC:08","29.885057471264368","2","0.44642857142857145","0","174","2022-05-12T08:13:00.000Z","1652343180",
"2551","22b77d7829c68dcd","E2:1F:7B:35:CC:08","48.275862068965516","2","0.4734848484848485","5","174","2022-05-12T08:14:00.000Z","1652343240",
"2551","22b77d7829c68dcd","E2:1F:7B:35:CC:08","44.827586206896555","4","0.390625","2","174","2022-05-12T08:15:00.000Z","1652343300",
"2551","22b77d7829c68dcd","E2:1F:7B:35:CC:08","44.827586206896555","3","0.5040322580645161","5","174","2022-05-12T08:16:00.000Z","1652343360",
"2551","22b77d7829c68dcd","E2:1F:7B:35:CC:08","63.2183908045977","5","0.48828125","1","174","2022-05-12T08:17:00.000Z","1652343420",
"2551","22b77d7829c68dcd","E2:1F:7B:35:CC:08","64.36781609195403","3","0.5040322580645161","9","174","2022-05-12T08:18:00.000Z","1652343480",
"2551","22b77d7829c68dcd","E2:1F:7B:35:CC:08","66.66666666666667","10","0.45955882352941174","18","174","2022-05-12T08:19:00.000Z","1652343540",
"2551","22b77d7829c68dcd","E2:1F:7B:35:CC:08","55.172413793103445","4","0.44642857142857145","21","174","2022-05-12T08:20:00.000Z","1652343600",
"2551","22b77d7829c68dcd","E2:1F:7B:35:CC:08","51.724137931034484","6","0.4340277777777778","12","174","2022-05-12T08:21:00.000Z","1652343660",
"2551","22b77d7829c68dcd","E2:1F:7B:35:CC:08","50.57471264367816","2","0.38109756097560976","16","174","2022-05-12T08:22:00.000Z","1652343720",
"2551","22b77d7829c68dcd","E2:1F:7B:35:CC:08","82.75862068965517","6","0.41118421052631576","15","174","2022-05-12T08:23:00.000Z","1652343780",
"2551","22b77d7829c68dcd","E2:1F:7B:35:CC:08","50.57471264367816","0","0.38109756097560976","0","174","2022-05-12T08:24:00.000Z","1652343840",
"2551","22b77d7829c68dcd","E2:1F:7B:35:CC:08","55.172413793103445","2","0.45955882352941174","1","174","2022-05-12T08:25:00.000Z","1652343900",
"2551","22b77d7829c68dcd","E2:1F:7B:35:CC:08","44.827586206896555","3","0.48828125","0","174","2022-05-12T08:26:00.000Z","1652343960",
"2551","22b77d7829c68dcd","E2:1F:7B:35:CC:08","29.885057471264368","1","0.4734848484848485","1","174","2022-05-12T08:27:00.000Z","1652344020",
"2551","22b77d7829c68dcd","E2:1F:7B:35:CC:08","25.28735632183908","0","0.45955882352941174","1","174","2022-05-12T08:28:00.000Z","1652344080",
"2551","22b77d7829c68dcd","E2:1F:7B:35:CC:08","13.793103448275861","0","0.44642857142857145","0","174","2022-05-12T08:29:00.000Z","1652344140",
"2551","22b77d7829c68dcd","E2:1F:7B:35:CC:08","34.48275862068966","7","0.5040322580645161","0","174","2022-05-12T08:30:00.000Z","1652344200",
"2551","22b77d7829c68dcd","E2:1F:7B:35:CC:08","48.275862068965516","2","0.5387931034482759","2","174","2022-05-12T08:31:00.000Z","1652344260",
"2551","22b77d7829c68dcd","E2:1F:7B:35:CC:08","43.67816091954023","2","0.5208333333333334","1","174","2022-05-12T08:32:00.000Z","1652344320",
"2551","22b77d7829c68dcd","E2:1F:7B:35:CC:08","28.735632183908045","1","0.5208333333333334","0","174","2022-05-12T08:33:00.000Z","1652344380",
"2551","22b77d7829c68dcd","E2:1F:7B:35:CC:08","24.137931034482758","1","0.5208333333333334","0","174","2022-05-12T08:34:00.000Z","1652344440",
"2551","22b77d7829c68dcd","E2:1F:7B:35:CC:08","33.333333333333336","3","0.5208333333333334","0","174","2022-05-12T08:35:00.000Z","1652344500",
"2551","22b77d7829c68dcd","E2:1F:7B:35:CC:08","45.97701149425287","2","0.5208333333333334","0","174","2022-05-12T08:36:00.000Z","1652344560",
"2551","22b77d7829c68dcd","E2:1F:7B:35:CC:08","45.714285714285715","3","0.48828125","0","175","2022-05-12T08:38:00.000Z","1652344680",
"2551","22b77d7829c68dcd","E2:1F:7B:35:CC:08","21.714285714285715","0","0.48828125","0","175","2022-05-12T08:39:00.000Z","1652344740",
"2551","22b77d7829c68dcd","E2:1F:7B:35:CC:08","33.142857142857146","1","0.4734848484848485","0","175","2022-05-12T08:40:00.000Z","1652344800",
"2551","22b77d7829c68dcd","E2:1F:7B:35:CC:08","48","6","0.5787037037037037","0","175","2022-05-12T08:41:00.000Z","1652344860",
"2551","22b77d7829c68dcd","E2:1F:7B:35:CC:08","61.714285714285715","3","0.6009615384615384","1","175","2022-05-12T08:42:00.000Z","1652344920",
"2551","22b77d7829c68dcd","E2:1F:7B:35:CC:08","81.14285714285714","6","0.625","4","175","2022-05-12T08:43:00.000Z","1652344980",
"2551","22b77d7829c68dcd","E2:1F:7B:35:CC:08","90.28571428571429","2","0.20559210526315788","1","175","2022-05-12T08:44:00.000Z","1652345040",
"2551","22b77d7829c68dcd","E2:1F:7B:35:CC:08","92.57142857142857","8","0.294811320754717","0","175","2022-05-12T08:45:00.000Z","1652345100",
"2551","22b77d7829c68dcd","E2:1F:7B:35:CC:08","88","7","0.3472222222222222","1","175","2022-05-12T08:46:00.000Z","1652345160",
"2551","22b77d7829c68dcd","E2:1F:7B:35:CC:08","78.85714285714286","5","0.37202380952380953","2","175","2022-05-12T08:47:00.000Z","1652345220",
"2551","22b77d7829c68dcd","E2:1F:7B:35:CC:08","77.71428571428571","6","0.44642857142857145","0","175","2022-05-12T08:48:00.000Z","1652345280",
"2551","22b77d7829c68dcd","E2:1F:7B:35:CC:08","92.57142857142857","4","0.4222972972972973","1","175","2022-05-12T08:49:00.000Z","1652345340",
"2551","22b77d7829c68dcd","E2:1F:7B:35:CC:08","68.57142857142857","1","0.4340277777777778","0","175","2022-05-12T08:50:00.000Z","1652345400",
"2551","22b77d7829c68dcd","E2:1F:7B:35:CC:08","70.85714285714286","6","0.5580357142857143","1","175","2022-05-12T08:52:00.000Z","1652345520",
"2551","22b77d7829c68dcd","E2:1F:7B:35:CC:08","72","2","0.48828125","0","175","2022-05-12T08:53:00.000Z","1652345580",
"2551","22b77d7829c68dcd","E2:1F:7B:35:CC:08","56","5","0.5208333333333334","0","175","2022-05-12T08:54:00.000Z","1652345640",
"2551","22b77d7829c68dcd","E2:1F:7B:35:CC:08","49.142857142857146","5","0.5580357142857143","0","175","2022-05-12T08:55:00.000Z","1652345700",
"2551","22b77d7829c68dcd","E2:1F:7B:35:CC:08","57.142857142857146","6","0.625","8","175","2022-05-12T08:56:00.000Z","1652345760",
"2551","22b77d7829c68dcd","E2:1F:7B:35:CC:08","74.28571428571429","6","0.625","5","175","2022-05-12T08:57:00.000Z","1652345820",
"2551","22b77d7829c68dcd","E2:1F:7B:35:CC:08","76.57142857142857","4","0.7102272727272727","2","175","2022-05-12T08:58:00.000Z","1652345880",
"2551","22b77d7829c68dcd","E2:1F:7B:35:CC:08","89.14285714285714","8","0.6510416666666666","4","175","2022-05-12T08:59:00.000Z","1652345940",
"2551","22b77d7829c68dcd","E2:1F:7B:35:CC:08","76.57142857142857","8","0.625","2","175","2022-05-12T09:00:00.000Z","1652346000",
"2551","22b77d7829c68dcd","E2:1F:7B:35:CC:08","68.18181818181819","6","0.7440476190476191","0","176","2022-05-12T09:02:00.000Z","1652346120",
"2551","22b77d7829c68dcd","E2:1F:7B:35:CC:08","72.72727272727273","4","0.6793478260869565","1","176","2022-05-12T09:03:00.000Z","1652346180",
"2551","22b77d7829c68dcd","E2:1F:7B:35:CC:08","61.36363636363637","7","0.7102272727272727","8","176","2022-05-12T09:04:00.000Z","1652346240",
"2551","22b77d7829c68dcd","E2:1F:7B:35:CC:08","72.72727272727273","5","0.7102272727272727","2","176","2022-05-12T09:05:00.000Z","1652346300",
"2551","22b77d7829c68dcd","E2:1F:7B:35:CC:08","81.81818181818181","6","0.78125","8","176","2022-05-12T09:06:00.000Z","1652346360",
"2551","22b77d7829c68dcd","E2:1F:7B:35:CC:08","86.36363636363636","3","0.7440476190476191","1","176","2022-05-12T09:07:00.000Z","1652346420",
"2551","22b77d7829c68dcd","E2:1F:7B:35:CC:08","64.77272727272727","2","0.7440476190476191","1","176","2022-05-12T09:08:00.000Z","1652346480",
"2551","22b77d7829c68dcd","E2:1F:7B:35:CC:08","64.77272727272727","6","0.8223684210526315","2","176","2022-05-12T09:09:00.000Z","1652346540",
"2551","22b77d7829c68dcd","E2:1F:7B:35:CC:08","79.54545454545455","1","0.8223684210526315","0","176","2022-05-12T09:10:00.000Z","1652346600",
"2551","22b77d7829c68dcd","E2:1F:7B:35:CC:08","92.04545454545455","2","0.8680555555555556","1","176","2022-05-12T09:11:00.000Z","1652346660",
"2551","22b77d7829c68dcd","E2:1F:7B:35:CC:08","73.86363636363636","7","0.9191176470588235","0","176","2022-05-12T09:12:00.000Z","1652346720",
"2551","22b77d7829c68dcd","E2:1F:7B:35:CC:08","88.63636363636364","3","0.9765625","1","176","2022-05-12T09:13:00.000Z","1652346780",
"2551","22b77d7829c68dcd","E2:1F:7B:35:CC:08","78.4090909090909","8","0.9191176470588235","0","176","2022-05-12T09:14:00.000Z","1652346840",
"2551","22b77d7829c68dcd","E2:1F:7B:35:CC:08","62.5","6","0.9765625","2","176","2022-05-12T09:15:00.000Z","1652346900",
"2551","22b77d7829c68dcd","E2:1F:7B:35:CC:08","64.77272727272727","4","0.9765625","1","176","2022-05-12T09:16:00.000Z","1652346960",
"2551","22b77d7829c68dcd","E2:1F:7B:35:CC:08","100","3","0.9765625","1","176","2022-05-12T09:17:00.000Z","1652347020",
"2551","22b77d7829c68dcd","E2:1F:7B:35:CC:08","100","6","1.2019230769230769","1","176","2022-05-12T09:18:00.000Z","1652347080",
"2551","22b77d7829c68dcd","E2:1F:7B:35:CC:08","88.63636363636364","2","1.1160714285714286","0","176","2022-05-12T09:19:00.000Z","1652347140",
"2551","22b77d7829c68dcd","E2:1F:7B:35:CC:08","82.95454545454545","6","0.9765625","5","176","2022-05-12T09:20:00.000Z","1652347200",
"2551","22b77d7829c68dcd","E2:1F:7B:35:CC:08","95.45454545454545","9","1.1160714285714286","8","176","2022-05-12T09:21:00.000Z","1652347260",
"2551","22b77d7829c68dcd","E2:1F:7B:35:CC:08","100","3","1.0416666666666667","1","176","2022-05-12T09:22:00.000Z","1652347320",
"2551","22b77d7829c68dcd","E2:1F:7B:35:CC:08","92.04545454545455","4","1.2019230769230769","4","176","2022-05-12T09:23:00.000Z","1652347380",
"2551","22b77d7829c68dcd","E2:1F:7B:35:CC:08","82.95454545454545","2","1.0416666666666667","0","176","2022-05-12T09:24:00.000Z","1652347440",
"2551","22b77d7829c68dcd","E2:1F:7B:35:CC:08","57.95454545454545","1","0.9765625","0","176","2022-05-12T09:25:00.000Z","1652347500",
"2551","22b77d7829c68dcd","E2:1F:7B:35:CC:08","50","1","0.9765625","0","176","2022-05-12T09:26:00.000Z","1652347560",
"2551","22b77d7829c68dcd","E2:1F:7B:35:CC:08","39.77272727272727","2","0.7440476190476191","0","176","2022-05-12T09:28:00.000Z","1652347680",
"2551","22b77d7829c68dcd","E2:1F:7B:35:CC:08","29.545454545454547","1","0.7102272727272727","0","176","2022-05-12T09:29:00.000Z","1652347740",
"2551","22b77d7829c68dcd","E2:1F:7B:35:CC:08","20.454545454545453","0","0.6793478260869565","0","176","2022-05-12T09:30:00.000Z","1652347800",
"2551","22b77d7829c68dcd","E2:1F:7B:35:CC:08","26.136363636363637","2","0.6793478260869565","8","176","2022-05-12T09:31:00.000Z","1652347860",
"2551","22b77d7829c68dcd","E2:1F:7B:35:CC:08","67.04545454545455","10","0.5040322580645161","0","176","2022-05-12T09:33:00.000Z","1652347980",
"2551","22b77d7829c68dcd","E2:1F:7B:35:CC:08","80.68181818181819","16","0.7440476190476191","0","176","2022-05-12T09:34:00.000Z","1652348040",
"2551","22b77d7829c68dcd","E2:1F:7B:35:CC:08","71.5909090909091","14","0.9765625","0","176","2022-05-12T09:35:00.000Z","1652348100",
"2551","22b77d7829c68dcd","E2:1F:7B:35:CC:08","55.68181818181818","9","0.4222972972972973","2","176","2022-05-12T09:36:00.000Z","1652348160",
"2551","22b77d7829c68dcd","E2:1F:7B:35:CC:08","76.13636363636364","7","0.625","5","176","2022-05-12T09:37:00.000Z","1652348220",
"2551","22b77d7829c68dcd","E2:1F:7B:35:CC:08","100","7","1.4204545454545454","0","176","2022-05-12T09:38:00.000Z","1652348280",
"2551","22b77d7829c68dcd","E2:1F:7B:35:CC:08","100","7","2.232142857142857","1","176","2022-05-12T09:39:00.000Z","1652348340",
"2551","22b77d7829c68dcd","E2:1F:7B:35:CC:08","54.54545454545455","2","2.6041666666666665","0","176","2022-05-12T09:40:00.000Z","1652348400",
"2551","22b77d7829c68dcd","E2:1F:7B:35:CC:08","55.68181818181818","8","0.22644927536231885","1","176","2022-05-12T09:41:00.000Z","1652348460",
"2551","22b77d7829c68dcd","E2:1F:7B:35:CC:08","85.22727272727273","7","0.3324468085106383","0","176","2022-05-12T09:42:00.000Z","1652348520",
"2551","22b77d7829c68dcd","E2:1F:7B:35:CC:08","69.31818181818181","9","0.3633720930232558","1","176","2022-05-12T09:43:00.000Z","1652348580",
"2551","22b77d7829c68dcd","E2:1F:7B:35:CC:08","44.31818181818182","4","0.3633720930232558","1","176","2022-05-12T09:44:00.000Z","1652348640",
"2551","22b77d7829c68dcd","E2:1F:7B:35:CC:08","31.818181818181817","3","0.40064102564102566","0","176","2022-05-12T09:45:00.000Z","1652348700",
"2551","22b77d7829c68dcd","E2:1F:7B:35:CC:08","36.36363636363637","2","0.41118421052631576","1","176","2022-05-12T09:46:00.000Z","1652348760",
"2551","22b77d7829c68dcd","E2:1F:7B:35:CC:08","38.63636363636363","1","0.390625","1","176","2022-05-12T09:47:00.000Z","1652348820",
"2551","22b77d7829c68dcd","E2:1F:7B:35:CC:08","36.36363636363637","0","0.41118421052631576","0","176","2022-05-12T09:48:00.000Z","1652348880",
"2551","22b77d7829c68dcd","E2:1F:7B:35:CC:08","27.272727272727273","0","0.41118421052631576","1","176","2022-05-12T09:49:00.000Z","1652348940",
"2551","22b77d7829c68dcd","E2:1F:7B:35:CC:08","14.772727272727273","0","0.41118421052631576","0","176","2022-05-12T09:50:00.000Z","1652349000",
"2551","22b77d7829c68dcd","E2:1F:7B:35:CC:08","6.818181818181818","0","0.4222972972972973","0","176","2022-05-12T09:51:00.000Z","1652349060",
"2551","22b77d7829c68dcd","E2:1F:7B:35:CC:08","6.818181818181818","0","0.41118421052631576","0","176","2022-05-12T09:52:00.000Z","1652349120",
"2551","22b77d7829c68dcd","E2:1F:7B:35:CC:08","12.5","1","0.4222972972972973","1","176","2022-05-12T09:53:00.000Z","1652349180",
"2551","22b77d7829c68dcd","E2:1F:7B:35:CC:08","23.863636363636363","0","0.44642857142857145","0","176","2022-05-12T09:54:00.000Z","1652349240",
"2551","22b77d7829c68dcd","E2:1F:7B:35:CC:08","15.909090909090908","0","0.40064102564102566","2","176","2022-05-12T09:55:00.000Z","1652349300",
"2551","22b77d7829c68dcd","E2:1F:7B:35:CC:08","13.636363636363637","0","0.41118421052631576","0","176","2022-05-12T09:56:00.000Z","1652349360",
"2551","22b77d7829c68dcd","E2:1F:7B:35:CC:08","19.318181818181817","1","0.4222972972972973","0","176","2022-05-12T09:57:00.000Z","1652349420",
"2551","22b77d7829c68dcd","E2:1F:7B:35:CC:08","44.31818181818182","7","0.4340277777777778","25","176","2022-05-12T09:58:00.000Z","1652349480",
"2551","22b77d7829c68dcd","E2:1F:7B:35:CC:08","64.77272727272727","8","0.4340277777777778","11","176","2022-05-12T09:59:00.000Z","1652349540",
"2551","22b77d7829c68dcd","E2:1F:7B:35:CC:08","67.04545454545455","3","0.48828125","33","176","2022-05-12T10:00:00.000Z","1652349600",
"2551","22b77d7829c68dcd","E2:1F:7B:35:CC:08","68.18181818181819","8","0.3472222222222222","15","176","2022-05-12T10:01:00.000Z","1652349660",
"2551","22b77d7829c68dcd","E2:1F:7B:35:CC:08","69.31818181818181","7","0.37202380952380953","16","176","2022-05-12T10:02:00.000Z","1652349720",
"2551","22b77d7829c68dcd","E2:1F:7B:35:CC:08","78.4090909090909","13","0.6793478260869565","30","176","2022-05-12T10:03:00.000Z","1652349780",
"2551","22b77d7829c68dcd","E2:1F:7B:35:CC:08","79.54545454545455","10","0.37202380952380953","33","176","2022-05-12T10:04:00.000Z","1652349840",
"2551","22b77d7829c68dcd","E2:1F:7B:35:CC:08","79.54545454545455","6","0.41118421052631576","2","176","2022-05-12T10:05:00.000Z","1652349900",
"2551","22b77d7829c68dcd","E2:1F:7B:35:CC:08","89.77272727272727","8","0.5787037037037037","2","176","2022-05-12T10:06:00.000Z","1652349960",
"2551","22b77d7829c68dcd","E2:1F:7B:35:CC:08","78.4090909090909","2","0.6510416666666666","7","176","2022-05-12T10:07:00.000Z","1652350020",
"2551","22b77d7829c68dcd","E2:1F:7B:35:CC:08","55.68181818181818","5","0.6793478260869565","16","176","2022-05-12T10:08:00.000Z","1652350080",
"2551","22b77d7829c68dcd","E2:1F:7B:35:CC:08","42.04545454545455","1","0.6793478260869565","32","176","2022-05-12T10:09:00.000Z","1652350140",
"2551","22b77d7829c68dcd","E2:1F:7B:35:CC:08","43.18181818181818","3","0.5787037037037037","40","176","2022-05-12T10:10:00.000Z","1652350200",
"2551","22b77d7829c68dcd","E2:1F:7B:35:CC:08","50","4","0.4734848484848485","7","176","2022-05-12T10:11:00.000Z","1652350260",
"2551","22b77d7829c68dcd","E2:1F:7B:35:CC:08","44.31818181818182","2","0.5040322580645161","5","176","2022-05-12T10:12:00.000Z","1652350320",
"2551","22b77d7829c68dcd","E2:1F:7B:35:CC:08","32.95454545454545","0","0.45955882352941174","1","176","2022-05-12T10:13:00.000Z","1652350380",
"2551","22b77d7829c68dcd","E2:1F:7B:35:CC:08","32.95454545454545","2","0.44642857142857145","2","176","2022-05-12T10:14:00.000Z","1652350440",
"2551","22b77d7829c68dcd","E2:1F:7B:35:CC:08","62.5","5","0.4340277777777778","7","176","2022-05-12T10:15:00.000Z","1652350500",
"2551","22b77d7829c68dcd","E2:1F:7B:35:CC:08","65.9090909090909","2","0.38109756097560976","0","176","2022-05-12T10:16:00.000Z","1652350560",
"2551","22b77d7829c68dcd","E2:1F:7B:35:CC:08","37.5","2","0.38109756097560976","0","176","2022-05-12T10:17:00.000Z","1652350620",
"2551","22b77d7829c68dcd","E2:1F:7B:35:CC:08","43.18181818181818","4","0.3633720930232558","16","176","2022-05-12T10:18:00.000Z","1652350680",
"2551","22b77d7829c68dcd","E2:1F:7B:35:CC:08","39.77272727272727","2","0.37202380952380953","0","176","2022-05-12T10:19:00.000Z","1652350740",
"2551","22b77d7829c68dcd","E2:1F:7B:35:CC:08","23.863636363636363","0","0.3472222222222222","28","176","2022-05-12T10:20:00.000Z","1652350800",
"2551","22b77d7829c68dcd","E2:1F:7B:35:CC:08","22.727272727272727","0","0.37202380952380953","0","176","2022-05-12T10:21:00.000Z","1652350860",
"2551","22b77d7829c68dcd","E2:1F:7B:35:CC:08","36.36363636363637","2","0.35511363636363635","5","176","2022-05-12T10:22:00.000Z","1652350920",
"2551","22b77d7829c68dcd","E2:1F:7B:35:CC:08","42.04545454545455","3","0.3324468085106383","2","176","2022-05-12T10:23:00.000Z","1652350980",
"2551","22b77d7829c68dcd","E2:1F:7B:35:CC:08","40.90909090909091","3","0.3472222222222222","7","176","2022-05-12T10:24:00.000Z","1652351040",
"2551","22b77d7829c68dcd","E2:1F:7B:35:CC:08","43.18181818181818","2","0.38109756097560976","7","176","2022-05-12T10:25:00.000Z","1652351100",
"2551","22b77d7829c68dcd","E2:1F:7B:35:CC:08","40.90909090909091","2","0.4222972972972973","35","176","2022-05-12T10:26:00.000Z","1652351160",
"2551","22b77d7829c68dcd","E2:1F:7B:35:CC:08","48.86363636363637","5","0.37202380952380953","23","176","2022-05-12T10:27:00.000Z","1652351220",
"2551","22b77d7829c68dcd","E2:1F:7B:35:CC:08","71.5909090909091","5","0.3004807692307692","0","176","2022-05-12T10:28:00.000Z","1652351280",
"2551","22b77d7829c68dcd","E2:1F:7B:35:CC:08","100","5","0.45955882352941174","4","176","2022-05-12T10:29:00.000Z","1652351340",
"2551","22b77d7829c68dcd","E2:1F:7B:35:CC:08","100","7","0.625","0","176","2022-05-12T10:30:00.000Z","1652351400",
"2551","22b77d7829c68dcd","E2:1F:7B:35:CC:08","57.95454545454545","5","0.7440476190476191","0","176","2022-05-12T10:31:00.000Z","1652351460",
"2551","22b77d7829c68dcd","E2:1F:7B:35:CC:08","37.5","3","0.8680555555555556","0","176","2022-05-12T10:32:00.000Z","1652351520",
"2551","22b77d7829c68dcd","E2:1F:7B:35:CC:08","23.863636363636363","1","0.78125","0","176","2022-05-12T10:33:00.000Z","1652351580",
"2551","22b77d7829c68dcd","E2:1F:7B:35:CC:08","26.136363636363637","4","0.8223684210526315","0","176","2022-05-12T10:34:00.000Z","1652351640",
"2551","22b77d7829c68dcd","E2:1F:7B:35:CC:08","37.5","3","0.8680555555555556","0","176","2022-05-12T10:35:00.000Z","1652351700",
"2551","22b77d7829c68dcd","E2:1F:7B:35:CC:08","60.22727272727273","9","1.2019230769230769","0","176","2022-05-12T10:36:00.000Z","1652351760",
"2551","22b77d7829c68dcd","E2:1F:7B:35:CC:08","75","7","1.1160714285714286","1","176","2022-05-12T10:37:00.000Z","1652351820",
"2551","22b77d7829c68dcd","E2:1F:7B:35:CC:08","82.95454545454545","3","1.1160714285714286","36","176","2022-05-12T10:38:00.000Z","1652351880",
"2551","22b77d7829c68dcd","E2:1F:7B:35:CC:08","75","2","1.0416666666666667","25","176","2022-05-12T10:39:00.000Z","1652351940",
"2551","22b77d7829c68dcd","E2:1F:7B:35:CC:08","76.13636363636364","1","1.1160714285714286","15","176","2022-05-12T10:40:00.000Z","1652352000",
"2551","22b77d7829c68dcd","E2:1F:7B:35:CC:08","59.09090909090909","2","1.0416666666666667","22","176","2022-05-12T10:41:00.000Z","1652352060",
"2551","22b77d7829c68dcd","E2:1F:7B:35:CC:08","50","7","1.3020833333333333","30","176","2022-05-12T10:42:00.000Z","1652352120",
"2551","22b77d7829c68dcd","E2:1F:7B:35:CC:08","44.31818181818182","4","1.2019230769230769","18","176","2022-05-12T10:43:00.000Z","1652352180",
"2551","22b77d7829c68dcd","E2:1F:7B:35:CC:08","46.59090909090909","3","1.3020833333333333","37","176","2022-05-12T10:46:00.000Z","1652352360",
"2551","22b77d7829c68dcd","E2:1F:7B:35:CC:08","70.45454545454545","1","1.4204545454545454","16","176","2022-05-12T10:47:00.000Z","1652352420",
"2551","22b77d7829c68dcd","E2:1F:7B:35:CC:08","60.22727272727273","6","1.5625","2","176","2022-05-12T10:48:00.000Z","1652352480",
"2551","22b77d7829c68dcd","E2:1F:7B:35:CC:08","47.72727272727273","3","0.8223684210526315","0","176","2022-05-12T10:49:00.000Z","1652352540",
"2551","22b77d7829c68dcd","E2:1F:7B:35:CC:08","27.272727272727273","0","0.8223684210526315","0","176","2022-05-12T10:50:00.000Z","1652352600",
"2551","22b77d7829c68dcd","E2:1F:7B:35:CC:08","15.909090909090908","0","0.8680555555555556","0","176","2022-05-12T10:51:00.000Z","1652352660",
"2551","22b77d7829c68dcd","E2:1F:7B:35:CC:08","25","2","0.9191176470588235","0","176","2022-05-12T10:52:00.000Z","1652352720",
"2551","22b77d7829c68dcd","E2:1F:7B:35:CC:08","22.727272727272727","2","0.9191176470588235","0","176","2022-05-12T10:53:00.000Z","1652352780",
"2551","22b77d7829c68dcd","E2:1F:7B:35:CC:08","32.95454545454545","4","0.9765625","0","176","2022-05-12T10:54:00.000Z","1652352840",
"2551","22b77d7829c68dcd","E2:1F:7B:35:CC:08","54.54545454545455","3","1.3020833333333333","21","176","2022-05-12T10:55:00.000Z","1652352900",
"2551","22b77d7829c68dcd","E2:1F:7B:35:CC:08","46.59090909090909","3","1.1160714285714286","21","176","2022-05-12T10:56:00.000Z","1652352960",
"2551","22b77d7829c68dcd","E2:1F:7B:35:CC:08","65.9090909090909","5","1.0416666666666667","12","176","2022-05-12T10:57:00.000Z","1652353020",
"2551","22b77d7829c68dcd","E2:1F:7B:35:CC:08","78.4090909090909","7","1.0416666666666667","14","176","2022-05-12T10:58:00.000Z","1652353080",
"2551","22b77d7829c68dcd","E2:1F:7B:35:CC:08","67.04545454545455","5","1.3020833333333333","0","176","2022-05-12T10:59:00.000Z","1652353140",
"2551","22b77d7829c68dcd","E2:1F:7B:35:CC:08","39.77272727272727","2","1.4204545454545454","1","176","2022-05-12T11:00:00.000Z","1652353200",
"2551","22b77d7829c68dcd","E2:1F:7B:35:CC:08","31.818181818181817","1","1.3020833333333333","1","176","2022-05-12T11:01:00.000Z","1652353260",
"2551","22b77d7829c68dcd","E2:1F:7B:35:CC:08","34.09090909090909","2","1.4204545454545454","1","176","2022-05-12T11:02:00.000Z","1652353320",
"2551","22b77d7829c68dcd","E2:1F:7B:35:CC:08","34.09090909090909","0","1.4204545454545454","0","176","2022-05-12T11:03:00.000Z","1652353380",
"2551","22b77d7829c68dcd","E2:1F:7B:35:CC:08","28.40909090909091","1","1.4204545454545454","1","176","2022-05-12T11:04:00.000Z","1652353440",
"2551","22b77d7829c68dcd","E2:1F:7B:35:CC:08","40.90909090909091","7","0.15318627450980393","12","176","2022-05-12T11:30:00.000Z","1652355000",
"2551","22b77d7829c68dcd","E2:1F:7B:35:CC:08","42.04545454545455","0","0.22644927536231885","14","176","2022-05-12T11:31:00.000Z","1652355060",
"2551","22b77d7829c68dcd","E2:1F:7B:35:CC:08","45.45454545454545","4","0.2332089552238806","16","176","2022-05-12T11:32:00.000Z","1652355120",
"2551","22b77d7829c68dcd","E2:1F:7B:35:CC:08","47.72727272727273","8","0.23674242424242425","16","176","2022-05-12T11:33:00.000Z","1652355180",
"2551","22b77d7829c68dcd","E2:1F:7B:35:CC:08","55.68181818181818","6","0.15318627450980393","19","176","2022-05-12T11:34:00.000Z","1652355240",
"2551","22b77d7829c68dcd","E2:1F:7B:35:CC:08","78.4090909090909","6","0.2604166666666667","2","176","2022-05-12T11:35:00.000Z","1652355300",
"2551","22b77d7829c68dcd","E2:1F:7B:35:CC:08","92.04545454545455","8","0.13706140350877194","7","176","2022-05-12T11:36:00.000Z","1652355360",
"2551","22b77d7829c68dcd","E2:1F:7B:35:CC:08","88.63636363636364","6","0.4340277777777778","12","176","2022-05-12T11:39:00.000Z","1652355540",
"2551","22b77d7829c68dcd","E2:1F:7B:35:CC:08","73.86363636363636","7","0.5040322580645161","1","176","2022-05-12T11:40:00.000Z","1652355600",
"2551","22b77d7829c68dcd","E2:1F:7B:35:CC:08","55.68181818181818","5","0.5387931034482759","12","176","2022-05-12T11:41:00.000Z","1652355660",
"2551","22b77d7829c68dcd","E2:1F:7B:35:CC:08","54.857142857142854","4","0.44642857142857145","2","175","2022-05-12T11:44:00.000Z","1652355840",
"2551","22b77d7829c68dcd","E2:1F:7B:35:CC:08","51.42857142857143","6","0.44642857142857145","5","175","2022-05-12T11:45:00.000Z","1652355900",
"2551","22b77d7829c68dcd","E2:1F:7B:35:CC:08","58.285714285714285","5","0.48828125","5","175","2022-05-12T11:46:00.000Z","1652355960",
"2551","22b77d7829c68dcd","E2:1F:7B:35:CC:08","48","2","0.48828125","14","175","2022-05-12T11:47:00.000Z","1652356020",
"2551","22b77d7829c68dcd","E2:1F:7B:35:CC:08","49.142857142857146","2","0.5208333333333334","14","175","2022-05-12T11:48:00.000Z","1652356080",
"2551","22b77d7829c68dcd","E2:1F:7B:35:CC:08","43.42857142857143","6","0.45955882352941174","18","175","2022-05-12T11:49:00.000Z","1652356140",
"2551","22b77d7829c68dcd","E2:1F:7B:35:CC:08","48","6","0.5208333333333334","7","175","2022-05-12T11:50:00.000Z","1652356200",
"2551","22b77d7829c68dcd","E2:1F:7B:35:CC:08","88","10","0.6510416666666666","16","175","2022-05-12T11:51:00.000Z","1652356260",
"2551","22b77d7829c68dcd","E2:1F:7B:35:CC:08","90.28571428571429","4","0.5387931034482759","11","175","2022-05-12T11:52:00.000Z","1652356320",
"2551","22b77d7829c68dcd","E2:1F:7B:35:CC:08","89.14285714285714","4","0.48828125","8","175","2022-05-12T11:53:00.000Z","1652356380",
"2551","22b77d7829c68dcd","E2:1F:7B:35:CC:08","100","0","0.6009615384615384","23","175","2022-05-12T11:54:00.000Z","1652356440",
"2551","22b77d7829c68dcd","E2:1F:7B:35:CC:08","78.85714285714286","0","0.4222972972972973","8","175","2022-05-12T11:55:00.000Z","1652356500",
"2551","22b77d7829c68dcd","E2:1F:7B:35:CC:08","76.57142857142857","7","0.07233796296296297","2","175","2022-05-12T11:56:00.000Z","1652356560",
"2551","22b77d7829c68dcd","E2:1F:7B:35:CC:08","75.42857142857143","11","0.2170138888888889","12","175","2022-05-12T11:57:00.000Z","1652356620",
"2551","22b77d7829c68dcd","E2:1F:7B:35:CC:08","77.71428571428571","12","0.19290123456790123","0","175","2022-05-12T11:58:00.000Z","1652356680",
"2551","22b77d7829c68dcd","E2:1F:7B:35:CC:08","92.57142857142857","7","0.4340277777777778","0","175","2022-05-12T11:59:00.000Z","1652356740",
"2551","22b77d7829c68dcd","E2:1F:7B:35:CC:08","69.71428571428571","0","0.3004807692307692","0","175","2022-05-12T12:00:00.000Z","1652356800",
"2551","22b77d7829c68dcd","E2:1F:7B:35:CC:08","28.571428571428573","0","0.3125","0","175","2022-05-12T12:01:00.000Z","1652356860",
"2551","22b77d7829c68dcd","E2:1F:7B:35:CC:08","34.285714285714285","2","0.22007042253521128","0","175","2022-05-12T12:02:00.000Z","1652356920",
"2551","22b77d7829c68dcd","E2:1F:7B:35:CC:08","58.285714285714285","4","0.27901785714285715","0","175","2022-05-12T12:03:00.000Z","1652356980",
"2551","22b77d7829c68dcd","E2:1F:7B:35:CC:08","36.57142857142857","3","0.3004807692307692","0","175","2022-05-12T12:04:00.000Z","1652357040",
"2551","22b77d7829c68dcd","E2:1F:7B:35:CC:08","29.714285714285715","1","0.20833333333333334","5","175","2022-05-12T12:05:00.000Z","1652357100",
"2551","22b77d7829c68dcd","E2:1F:7B:35:CC:08","29.714285714285715","0","0.3324468085106383","15","175","2022-05-12T12:06:00.000Z","1652357160",
"2551","22b77d7829c68dcd","E2:1F:7B:35:CC:08","46.857142857142854","5","0.44642857142857145","57","175","2022-05-12T12:07:00.000Z","1652357220",
"2551","22b77d7829c68dcd","E2:1F:7B:35:CC:08","53.714285714285715","4","0.48828125","78","175","2022-05-12T12:08:00.000Z","1652357280",
"2551","22b77d7829c68dcd","E2:1F:7B:35:CC:08","51.42857142857143","8","0.33967391304347827","9","175","2022-05-12T12:09:00.000Z","1652357340",
"2551","22b77d7829c68dcd","E2:1F:7B:35:CC:08","59.42857142857143","3","0.3255208333333333","0","175","2022-05-12T12:10:00.000Z","1652357400",
"2551","22b77d7829c68dcd","E2:1F:7B:35:CC:08","42.285714285714285","0","0.3125","0","175","2022-05-12T12:11:00.000Z","1652357460",
"2551","22b77d7829c68dcd","E2:1F:7B:35:CC:08","36.57142857142857","3","0.3255208333333333","1","175","2022-05-12T12:12:00.000Z","1652357520",
"2551","22b77d7829c68dcd","E2:1F:7B:35:CC:08","35.42857142857143","2","0.33967391304347827","0","175","2022-05-12T12:13:00.000Z","1652357580",
"2551","22b77d7829c68dcd","E2:1F:7B:35:CC:08","17.142857142857142","0","0.3324468085106383","0","175","2022-05-12T12:14:00.000Z","1652357640",
"2551","22b77d7829c68dcd","E2:1F:7B:35:CC:08","10.285714285714286","0","0.3324468085106383","0","175","2022-05-12T12:15:00.000Z","1652357700",
"2551","22b77d7829c68dcd","E2:1F:7B:35:CC:08","8","0","0.3255208333333333","0","175","2022-05-12T12:16:00.000Z","1652357760",
"2551","22b77d7829c68dcd","E2:1F:7B:35:CC:08","6.857142857142857","0","0.31887755102040816","0","175","2022-05-12T12:17:00.000Z","1652357820",
"2551","22b77d7829c68dcd","E2:1F:7B:35:CC:08","6.857142857142857","0","0.2648305084745763","0","175","2022-05-12T12:18:00.000Z","1652357880",
"2551","22b77d7829c68dcd","E2:1F:7B:35:CC:08","19.428571428571427","2","0.2840909090909091","0","175","2022-05-12T12:19:00.000Z","1652357940",
"2551","22b77d7829c68dcd","E2:1F:7B:35:CC:08","25.142857142857142","0","0.28935185185185186","0","175","2022-05-12T12:20:00.000Z","1652358000",
"2551","22b77d7829c68dcd","E2:1F:7B:35:CC:08","45.714285714285715","7","0.3472222222222222","0","175","2022-05-12T12:21:00.000Z","1652358060",
"2551","22b77d7829c68dcd","E2:1F:7B:35:CC:08","46.857142857142854","3","0.38109756097560976","0","175","2022-05-12T12:22:00.000Z","1652358120",
"2551","22b77d7829c68dcd","E2:1F:7B:35:CC:08","24","1","0.31887755102040816","0","175","2022-05-12T12:23:00.000Z","1652358180",
"2551","22b77d7829c68dcd","E2:1F:7B:35:CC:08","20.571428571428573","2","0.31887755102040816","0","175","2022-05-12T12:24:00.000Z","1652358240",
"2551","22b77d7829c68dcd","E2:1F:7B:35:CC:08","17.142857142857142","0","0.33967391304347827","0","175","2022-05-12T12:25:00.000Z","1652358300",
"2551","22b77d7829c68dcd","E2:1F:7B:35:CC:08","11.428571428571429","0","0.35511363636363635","0","175","2022-05-12T12:26:00.000Z","1652358360",
"2551","22b77d7829c68dcd","E2:1F:7B:35:CC:08","8","0","0.3633720930232558","0","175","2022-05-12T12:27:00.000Z","1652358420",
"2551","22b77d7829c68dcd","E2:1F:7B:35:CC:08","8","0","0.35511363636363635","0","175","2022-05-12T12:28:00.000Z","1652358480",
"2551","22b77d7829c68dcd","E2:1F:7B:35:CC:08","9.142857142857142","0","0.35511363636363635","0","175","2022-05-12T12:29:00.000Z","1652358540",
"2551","22b77d7829c68dcd","E2:1F:7B:35:CC:08","20.571428571428573","2","0.3472222222222222","0","175","2022-05-12T12:30:00.000Z","1652358600",
"2551","22b77d7829c68dcd","E2:1F:7B:35:CC:08","30.857142857142858","4","0.40064102564102566","0","175","2022-05-12T12:31:00.000Z","1652358660",
"2551","22b77d7829c68dcd","E2:1F:7B:35:CC:08","30.857142857142858","2","0.41118421052631576","0","175","2022-05-12T12:32:00.000Z","1652358720",
"2551","22b77d7829c68dcd","E2:1F:7B:35:CC:08","45.714285714285715","11","0.38109756097560976","0","175","2022-05-12T12:33:00.000Z","1652358780",
"2551","22b77d7829c68dcd","E2:1F:7B:35:CC:08","54.857142857142854","4","0.4340277777777778","0","175","2022-05-12T12:34:00.000Z","1652358840",
"2551","22b77d7829c68dcd","E2:1F:7B:35:CC:08","53.714285714285715","4","0.4734848484848485","0","175","2022-05-12T12:35:00.000Z","1652358900",
"2551","22b77d7829c68dcd","E2:1F:7B:35:CC:08","70.85714285714286","1","0.4222972972972973","9","175","2022-05-12T12:36:00.000Z","1652358960",
"2551","22b77d7829c68dcd","E2:1F:7B:35:CC:08","73.14285714285714","6","0.41118421052631576","0","175","2022-05-12T12:37:00.000Z","1652359020",
"2551","22b77d7829c68dcd","E2:1F:7B:35:CC:08","38.857142857142854","0","0.38109756097560976","0","175","2022-05-12T12:38:00.000Z","1652359080",
"2551","22b77d7829c68dcd","E2:1F:7B:35:CC:08","28.571428571428573","0","0.33967391304347827","0","175","2022-05-12T12:39:00.000Z","1652359140",
"2551","22b77d7829c68dcd","E2:1F:7B:35:CC:08","34.285714285714285","3","0.35511363636363635","0","175","2022-05-12T12:40:00.000Z","1652359200",
"2551","22b77d7829c68dcd","E2:1F:7B:35:CC:08","44.57142857142857","3","0.390625","0","175","2022-05-12T12:41:00.000Z","1652359260",
"2551","22b77d7829c68dcd","E2:1F:7B:35:CC:08","44.57142857142857","6","0.48828125","1","175","2022-05-12T12:42:00.000Z","1652359320",
"2551","22b77d7829c68dcd","E2:1F:7B:35:CC:08","24","0","0.5040322580645161","0","175","2022-05-12T12:43:00.000Z","1652359380",
"2551","22b77d7829c68dcd","E2:1F:7B:35:CC:08","26.285714285714285","0","0.41118421052631576","2","175","2022-05-12T12:44:00.000Z","1652359440",
"2551","22b77d7829c68dcd","E2:1F:7B:35:CC:08","45.714285714285715","5","0.4222972972972973","4","175","2022-05-12T12:45:00.000Z","1652359500",
"2551","22b77d7829c68dcd","E2:1F:7B:35:CC:08","51.42857142857143","3","0.48828125","0","175","2022-05-12T12:46:00.000Z","1652359560",
"2551","22b77d7829c68dcd","E2:1F:7B:35:CC:08","66.28571428571429","2","0.40064102564102566","1","175","2022-05-12T12:47:00.000Z","1652359620",
"2551","22b77d7829c68dcd","E2:1F:7B:35:CC:08","29.714285714285715","0","0.40064102564102566","0","175","2022-05-12T12:48:00.000Z","1652359680",
"2551","22b77d7829c68dcd","E2:1F:7B:35:CC:08","28.571428571428573","6","0.37202380952380953","0","175","2022-05-12T12:49:00.000Z","1652359740",
"2551","22b77d7829c68dcd","E2:1F:7B:35:CC:08","17.142857142857142","1","0.41118421052631576","0","175","2022-05-12T12:50:00.000Z","1652359800",
"2551","22b77d7829c68dcd","E2:1F:7B:35:CC:08","9.142857142857142","0","0.390625","0","175","2022-05-12T12:51:00.000Z","1652359860",
"2551","22b77d7829c68dcd","E2:1F:7B:35:CC:08","46.857142857142854","5","0.41118421052631576","0","175","2022-05-12T12:52:00.000Z","1652359920",
"2551","22b77d7829c68dcd","E2:1F:7B:35:CC:08","43.42857142857143","2","0.45955882352941174","1","175","2022-05-12T12:53:00.000Z","1652359980",
"2551","22b77d7829c68dcd","E2:1F:7B:35:CC:08","36.57142857142857","1","0.390625","1","175","2022-05-12T12:54:00.000Z","1652360040",
"2551","22b77d7829c68dcd","E2:1F:7B:35:CC:08","29.714285714285715","1","0.4222972972972973","0","175","2022-05-12T12:55:00.000Z","1652360100",
"2551","22b77d7829c68dcd","E2:1F:7B:35:CC:08","42.285714285714285","2","0.48828125","0","175","2022-05-12T12:56:00.000Z","1652360160",
"2551","22b77d7829c68dcd","E2:1F:7B:35:CC:08","30.857142857142858","0","0.45955882352941174","0","175","2022-05-12T12:57:00.000Z","1652360220",
"2551","22b77d7829c68dcd","E2:1F:7B:35:CC:08","29.714285714285715","3","0.4734848484848485","0","175","2022-05-12T12:58:00.000Z","1652360280",
"2551","22b77d7829c68dcd","E2:1F:7B:35:CC:08","28.571428571428573","1","0.45955882352941174","0","175","2022-05-12T12:59:00.000Z","1652360340",
"2551","22b77d7829c68dcd","E2:1F:7B:35:CC:08","36.57142857142857","1","0.44642857142857145","0","175","2022-05-12T13:00:00.000Z","1652360400",
"2551","22b77d7829c68dcd","E2:1F:7B:35:CC:08","43.42857142857143","4","0.44642857142857145","0","175","2022-05-12T13:01:00.000Z","1652360460",
"2551","22b77d7829c68dcd","E2:1F:7B:35:CC:08","42.285714285714285","0","0.4734848484848485","0","175","2022-05-12T13:02:00.000Z","1652360520",
"2551","22b77d7829c68dcd","E2:1F:7B:35:CC:08","28.571428571428573","0","0.48828125","0","175","2022-05-12T13:03:00.000Z","1652360580",
"2551","22b77d7829c68dcd","E2:1F:7B:35:CC:08","28.571428571428573","3","0.44642857142857145","5","175","2022-05-12T13:04:00.000Z","1652360640",
"2551","22b77d7829c68dcd","E2:1F:7B:35:CC:08","43.42857142857143","1","0.4340277777777778","0","175","2022-05-12T13:05:00.000Z","1652360700",
"2551","22b77d7829c68dcd","E2:1F:7B:35:CC:08","41.142857142857146","3","0.44642857142857145","0","175","2022-05-12T13:06:00.000Z","1652360760",
"2551","22b77d7829c68dcd","E2:1F:7B:35:CC:08","51.42857142857143","2","0.5040322580645161","1","175","2022-05-12T13:07:00.000Z","1652360820",
"2551","22b77d7829c68dcd","E2:1F:7B:35:CC:08","52.57142857142857","6","0.5040322580645161","2","175","2022-05-12T13:08:00.000Z","1652360880",
"2551","22b77d7829c68dcd","E2:1F:7B:35:CC:08","74.28571428571429","1","0.78125","0","175","2022-05-12T13:09:00.000Z","1652360940",
"2551","22b77d7829c68dcd","E2:1F:7B:35:CC:08","69.71428571428571","6","0.8223684210526315","47","175","2022-05-12T13:10:00.000Z","1652361000",
"2551","22b77d7829c68dcd","E2:1F:7B:35:CC:08","57.142857142857146","2","0.78125","18","175","2022-05-12T13:11:00.000Z","1652361060",
"2551","22b77d7829c68dcd","E2:1F:7B:35:CC:08","53.714285714285715","5","0.8223684210526315","43","175","2022-05-12T13:12:00.000Z","1652361120",
"2551","22b77d7829c68dcd","E2:1F:7B:35:CC:08","65.14285714285714","8","0.9765625","21","175","2022-05-12T13:13:00.000Z","1652361180",
"2551","22b77d7829c68dcd","E2:1F:7B:35:CC:08","66.28571428571429","11","0.7102272727272727","5","175","2022-05-12T13:14:00.000Z","1652361240",
"2551","22b77d7829c68dcd","E2:1F:7B:35:CC:08","67.42857142857143","4","1.0416666666666667","9","175","2022-05-12T13:15:00.000Z","1652361300",
"2551","22b77d7829c68dcd","E2:1F:7B:35:CC:08","68.57142857142857","3","0.8223684210526315","9","175","2022-05-12T13:16:00.000Z","1652361360",
"2551","22b77d7829c68dcd","E2:1F:7B:35:CC:08","58.285714285714285","3","0.7440476190476191","1","175","2022-05-12T13:17:00.000Z","1652361420",
"2551","22b77d7829c68dcd","E2:1F:7B:35:CC:08","68.57142857142857","2","0.6793478260869565","1","175","2022-05-12T13:18:00.000Z","1652361480",
"2551","22b77d7829c68dcd","E2:1F:7B:35:CC:08","74.28571428571429","1","0.78125","5","175","2022-05-12T13:19:00.000Z","1652361540",
"2551","22b77d7829c68dcd","E2:1F:7B:35:CC:08","70.85714285714286","10","0.7102272727272727","9","175","2022-05-12T13:20:00.000Z","1652361600",
"2551","22b77d7829c68dcd","E2:1F:7B:35:CC:08","70.85714285714286","2","0.625","4","175","2022-05-12T13:21:00.000Z","1652361660",
"2551","22b77d7829c68dcd","E2:1F:7B:35:CC:08","69.71428571428571","7","0.6793478260869565","11","175","2022-05-12T13:22:00.000Z","1652361720",
"2551","22b77d7829c68dcd","E2:1F:7B:35:CC:08","67.42857142857143","6","0.5040322580645161","12","175","2022-05-12T13:23:00.000Z","1652361780",
"2551","22b77d7829c68dcd","E2:1F:7B:35:CC:08","74.28571428571429","5","0.6793478260869565","5","175","2022-05-12T13:24:00.000Z","1652361840",
"2551","22b77d7829c68dcd","E2:1F:7B:35:CC:08","78.85714285714286","0","0.6009615384615384","0","175","2022-05-12T13:25:00.000Z","1652361900",
"2551","22b77d7829c68dcd","E2:1F:7B:35:CC:08","81.14285714285714","0","0.5040322580645161","4","175","2022-05-12T13:26:00.000Z","1652361960",
"2551","22b77d7829c68dcd","E2:1F:7B:35:CC:08","81.14285714285714","6","0.6009615384615384","4","175","2022-05-12T13:27:00.000Z","1652362020",
"2551","22b77d7829c68dcd","E2:1F:7B:35:CC:08","59.42857142857143","1","0.6009615384615384","0","175","2022-05-12T13:28:00.000Z","1652362080",
"2551","22b77d7829c68dcd","E2:1F:7B:35:CC:08","42.285714285714285","1","0.5580357142857143","0","175","2022-05-12T13:29:00.000Z","1652362140",
"2551","22b77d7829c68dcd","E2:1F:7B:35:CC:08","33.142857142857146","0","0.5387931034482759","0","175","2022-05-12T13:30:00.000Z","1652362200",
"2551","22b77d7829c68dcd","E2:1F:7B:35:CC:08","40","1","0.5208333333333334","0","175","2022-05-12T13:31:00.000Z","1652362260",
"2551","22b77d7829c68dcd","E2:1F:7B:35:CC:08","46.857142857142854","3","0.7102272727272727","0","175","2022-05-12T13:32:00.000Z","1652362320",
"2551","22b77d7829c68dcd","E2:1F:7B:35:CC:08","98.28571428571429","4","0.6793478260869565","0","175","2022-05-12T13:33:00.000Z","1652362380",
"2551","22b77d7829c68dcd","E2:1F:7B:35:CC:08","83.42857142857143","6","0.7102272727272727","0","175","2022-05-12T13:34:00.000Z","1652362440",
"2551","22b77d7829c68dcd","E2:1F:7B:35:CC:08","69.71428571428571","3","0.78125","0","175","2022-05-12T13:35:00.000Z","1652362500",
"2551","22b77d7829c68dcd","E2:1F:7B:35:CC:08","56","5","0.7102272727272727","0","175","2022-05-12T13:36:00.000Z","1652362560",
"2551","22b77d7829c68dcd","E2:1F:7B:35:CC:08","50.285714285714285","2","0.7102272727272727","0","175","2022-05-12T13:37:00.000Z","1652362620",
"2551","22b77d7829c68dcd","E2:1F:7B:35:CC:08","52.57142857142857","3","0.7440476190476191","11","175","2022-05-12T13:38:00.000Z","1652362680",
"2551","22b77d7829c68dcd","E2:1F:7B:35:CC:08","53.714285714285715","0","0.20833333333333334","7","175","2022-05-12T13:40:00.000Z","1652362800",
"2551","22b77d7829c68dcd","E2:1F:7B:35:CC:08","53.714285714285715","0","0.294811320754717","8","175","2022-05-12T13:41:00.000Z","1652362860",
"2551","22b77d7829c68dcd","E2:1F:7B:35:CC:08","52.57142857142857","0","0.44642857142857145","4","175","2022-05-12T13:42:00.000Z","1652362920",
"2551","22b77d7829c68dcd","E2:1F:7B:35:CC:08","52.57142857142857","0","0.45955882352941174","5","175","2022-05-12T13:43:00.000Z","1652362980",
"2551","22b77d7829c68dcd","E2:1F:7B:35:CC:08","52.57142857142857","0","0.18601190476190477","11","175","2022-05-12T13:44:00.000Z","1652363040",
"2551","22b77d7829c68dcd","E2:1F:7B:35:CC:08","53.714285714285715","4","0.78125","2","175","2022-05-12T13:45:00.000Z","1652363100",
"2551","22b77d7829c68dcd","E2:1F:7B:35:CC:08","59.42857142857143","0","0.6510416666666666","7","175","2022-05-12T13:46:00.000Z","1652363160",
"2551","22b77d7829c68dcd","E2:1F:7B:35:CC:08","73.14285714285714","14","0.390625","5","175","2022-05-12T13:47:00.000Z","1652363220",
"2551","22b77d7829c68dcd","E2:1F:7B:35:CC:08","93.33333333333333","0","0.6793478260869565","0","180","2022-05-12T13:49:00.000Z","1652363340",
"2551","22b77d7829c68dcd","E2:1F:7B:35:CC:08","87.77777777777777","5","0.6009615384615384","2","180","2022-05-12T13:50:00.000Z","1652363400",
"2551","22b77d7829c68dcd","E2:1F:7B:35:CC:08","84.44444444444444","0","0.4734848484848485","0","180","2022-05-12T13:51:00.000Z","1652363460",
"2551","22b77d7829c68dcd","E2:1F:7B:35:CC:08","84.44444444444444","0","0.35511363636363635","7","180","2022-05-12T13:52:00.000Z","1652363520",
"2551","22b77d7829c68dcd","E2:1F:7B:35:CC:08","84.44444444444444","0","0.3004807692307692","2","180","2022-05-12T13:53:00.000Z","1652363580",
"2551","22b77d7829c68dcd","E2:1F:7B:35:CC:08","83.33333333333333","0","0.19054878048780488","4","180","2022-05-12T13:54:00.000Z","1652363640",
"2551","22b77d7829c68dcd","E2:1F:7B:35:CC:08","83.33333333333333","0","0.3472222222222222","8","180","2022-05-12T13:55:00.000Z","1652363700",
"2551","22b77d7829c68dcd","E2:1F:7B:35:CC:08","100","5","0.41118421052631576","0","180","2022-05-12T13:56:00.000Z","1652363760",
"2551","22b77d7829c68dcd","E2:1F:7B:35:CC:08","78.88888888888889","4","0.625","0","180","2022-05-12T13:57:00.000Z","1652363820",
"2551","22b77d7829c68dcd","E2:1F:7B:35:CC:08","91.11111111111111","10","0.625","4","180","2022-05-12T13:58:00.000Z","1652363880",
"2551","22b77d7829c68dcd","E2:1F:7B:35:CC:08","100","6","0.625","1","180","2022-05-12T13:59:00.000Z","1652363940",
"2551","22b77d7829c68dcd","E2:1F:7B:35:CC:08","100","8","0.1953125","4","180","2022-05-12T14:00:00.000Z","1652364000",
"2551","22b77d7829c68dcd","E2:1F:7B:35:CC:08","100","0","0.37202380952380953","8","180","2022-05-12T14:01:00.000Z","1652364060",
"2551","22b77d7829c68dcd","E2:1F:7B:35:CC:08","100","0","0.5787037037037037","11","180","2022-05-12T14:02:00.000Z","1652364120",
"2551","22b77d7829c68dcd","E2:1F:7B:35:CC:08","100","0","0.625","2","180","2022-05-12T14:03:00.000Z","1652364180",
"2551","22b77d7829c68dcd","E2:1F:7B:35:CC:08","100","7","1.1160714285714286","1","180","2022-05-12T14:04:00.000Z","1652364240",
"2551","22b77d7829c68dcd","E2:1F:7B:35:CC:08","100","6","0.78125","15","180","2022-05-12T14:05:00.000Z","1652364300",
"2551","22b77d7829c68dcd","E2:1F:7B:35:CC:08","100","8","0.7440476190476191","5","180","2022-05-12T14:06:00.000Z","1652364360",
"2551","22b77d7829c68dcd","E2:1F:7B:35:CC:08","100","2","1.2019230769230769","8","180","2022-05-12T14:07:00.000Z","1652364420",
"2551","22b77d7829c68dcd","E2:1F:7B:35:CC:08","100","6","0.44642857142857145","12","180","2022-05-12T14:08:00.000Z","1652364480",
"2551","22b77d7829c68dcd","E2:1F:7B:35:CC:08","100","0","0.390625","16","180","2022-05-12T14:09:00.000Z","1652364540",
"2551","22b77d7829c68dcd","E2:1F:7B:35:CC:08","100","0","0.9765625","8","180","2022-05-12T14:10:00.000Z","1652364600",
"2551","22b77d7829c68dcd","E2:1F:7B:35:CC:08","100","3","0.8223684210526315","4","180","2022-05-12T14:11:00.000Z","1652364660",
"2551","22b77d7829c68dcd","E2:1F:7B:35:CC:08","92.22222222222223","0","0.6793478260869565","15","180","2022-05-12T14:12:00.000Z","1652364720",
"2551","22b77d7829c68dcd","E2:1F:7B:35:CC:08","74.44444444444444","7","1.5625","1","180","2022-05-12T14:13:00.000Z","1652364780",
"2551","22b77d7829c68dcd","E2:1F:7B:35:CC:08","65.55555555555556","8","0.8680555555555556","5","180","2022-05-12T14:14:00.000Z","1652364840",
"2551","22b77d7829c68dcd","E2:1F:7B:35:CC:08","55.55555555555556","2","0.7440476190476191","19","180","2022-05-12T14:15:00.000Z","1652364900",
"2551","22b77d7829c68dcd","E2:1F:7B:35:CC:08","57.77777777777778","4","0.8680555555555556","11","180","2022-05-12T14:16:00.000Z","1652364960",
"2551","22b77d7829c68dcd","E2:1F:7B:35:CC:08","91.11111111111111","4","0.6793478260869565","11","180","2022-05-12T14:17:00.000Z","1652365020",
"2551","22b77d7829c68dcd","E2:1F:7B:35:CC:08","70","4","0.8223684210526315","63","180","2022-05-12T14:19:00.000Z","1652365140",
"2551","22b77d7829c68dcd","E2:1F:7B:35:CC:08","71.11111111111111","7","0.9765625","51","180","2022-05-12T14:20:00.000Z","1652365200",
"2551","22b77d7829c68dcd","E2:1F:7B:35:CC:08","63.333333333333336","3","1.1160714285714286","58","180","2022-05-12T14:21:00.000Z","1652365260",
"2551","22b77d7829c68dcd","E2:1F:7B:35:CC:08","73.33333333333333","5","1.4204545454545454","53","180","2022-05-12T14:22:00.000Z","1652365320",
"2551","22b77d7829c68dcd","E2:1F:7B:35:CC:08","81.11111111111111","8","1.1160714285714286","36","180","2022-05-12T14:23:00.000Z","1652365380",
"2551","22b77d7829c68dcd","E2:1F:7B:35:CC:08","90","8","1.1160714285714286","46","180","2022-05-12T14:24:00.000Z","1652365440",
"2551","22b77d7829c68dcd","E2:1F:7B:35:CC:08","92.22222222222223","4","1.0416666666666667","43","180","2022-05-12T14:25:00.000Z","1652365500",
"2551","22b77d7829c68dcd","E2:1F:7B:35:CC:08","87.77777777777777","4","1.0416666666666667","39","180","2022-05-12T14:26:00.000Z","1652365560",
"2551","22b77d7829c68dcd","E2:1F:7B:35:CC:08","71.11111111111111","5","0.9765625","64","180","2022-05-12T14:27:00.000Z","1652365620",
"2551","22b77d7829c68dcd","E2:1F:7B:35:CC:08","73.33333333333333","3","1.2019230769230769","72","180","2022-05-12T14:28:00.000Z","1652365680",
"2551","22b77d7829c68dcd","E2:1F:7B:35:CC:08","100","7","1.3020833333333333","43","180","2022-05-12T14:29:00.000Z","1652365740",
"2551","22b77d7829c68dcd","E2:1F:7B:35:CC:08","100","6","1.5625","40","180","2022-05-12T14:30:00.000Z","1652365800",
"2551","22b77d7829c68dcd","E2:1F:7B:35:CC:08","100","6","1.7361111111111112","51","180","2022-05-12T14:31:00.000Z","1652365860",
"2551","22b77d7829c68dcd","E2:1F:7B:35:CC:08","100","7","1.5625","42","180","2022-05-12T14:32:00.000Z","1652365920",
"2551","22b77d7829c68dcd","E2:1F:7B:35:CC:08","100","7","1.5625","30","180","2022-05-12T14:33:00.000Z","1652365980",
"2551","22b77d7829c68dcd","E2:1F:7B:35:CC:08","88.88888888888889","3","1.4204545454545454","60","180","2022-05-12T14:34:00.000Z","1652366040",
"2551","22b77d7829c68dcd","E2:1F:7B:35:CC:08","85.55555555555556","4","1.5625","74","180","2022-05-12T14:35:00.000Z","1652366100",
"2551","22b77d7829c68dcd","E2:1F:7B:35:CC:08","100","9","1.953125","23","180","2022-05-12T14:36:00.000Z","1652366160",
"2551","22b77d7829c68dcd","E2:1F:7B:35:CC:08","100","2","1.5625","26","180","2022-05-12T14:37:00.000Z","1652366220",
"2551","22b77d7829c68dcd","E2:1F:7B:35:CC:08","100","0","1.5625","30","180","2022-05-12T14:38:00.000Z","1652366280",
"2551","22b77d7829c68dcd","E2:1F:7B:35:CC:08","100","7","1.4204545454545454","33","180","2022-05-12T14:39:00.000Z","1652366340",
"2551","22b77d7829c68dcd","E2:1F:7B:35:CC:08","100","8","1.1160714285714286","33","180","2022-05-12T14:40:00.000Z","1652366400",
"2551","22b77d7829c68dcd","E2:1F:7B:35:CC:08","100","7","2.6041666666666665","22","180","2022-05-12T14:41:00.000Z","1652366460",
"2551","22b77d7829c68dcd","E2:1F:7B:35:CC:08","100","5","0.7102272727272727","32","180","2022-05-12T14:42:00.000Z","1652366520",
"2551","22b77d7829c68dcd","E2:1F:7B:35:CC:08","100","2","1.2019230769230769","18","180","2022-05-12T14:43:00.000Z","1652366580",
"2551","22b77d7829c68dcd","E2:1F:7B:35:CC:08","100","11","1.5625","12","180","2022-05-12T14:44:00.000Z","1652366640",
"2551","22b77d7829c68dcd","E2:1F:7B:35:CC:08","100","6","1.5625","5","180","2022-05-12T14:45:00.000Z","1652366700",
"2551","22b77d7829c68dcd","E2:1F:7B:35:CC:08","100","15","1.2019230769230769","30","180","2022-05-12T14:46:00.000Z","1652366760",
"2551","22b77d7829c68dcd","E2:1F:7B:35:CC:08","100","6","1.7361111111111112","14","180","2022-05-12T14:47:00.000Z","1652366820",
"2551","22b77d7829c68dcd","E2:1F:7B:35:CC:08","100","0","1.953125","26","180","2022-05-12T14:48:00.000Z","1652366880",
"2551","22b77d7829c68dcd","E2:1F:7B:35:CC:08","95.55555555555556","8","1.953125","1","180","2022-05-12T14:49:00.000Z","1652366940",
"2551","22b77d7829c68dcd","E2:1F:7B:35:CC:08","98.88888888888889","2","1.953125","33","180","2022-05-12T14:50:00.000Z","1652367000",
"2551","22b77d7829c68dcd","E2:1F:7B:35:CC:08","88.88888888888889","7","1.953125","12","180","2022-05-12T14:51:00.000Z","1652367060",
"2551","22b77d7829c68dcd","E2:1F:7B:35:CC:08","81.11111111111111","8","1.953125","33","180","2022-05-12T14:52:00.000Z","1652367120",
"2551","22b77d7829c68dcd","E2:1F:7B:35:CC:08","70","3","3.125","23","180","2022-05-12T14:53:00.000Z","1652367180",
"2551","22b77d7829c68dcd","E2:1F:7B:35:CC:08","67.77777777777777","0","2.6041666666666665","29","180","2022-05-12T14:54:00.000Z","1652367240",
"2551","22b77d7829c68dcd","E2:1F:7B:35:CC:08","63.333333333333336","3","3.125","11","180","2022-05-12T14:55:00.000Z","1652367300",
"2551","22b77d7829c68dcd","E2:1F:7B:35:CC:08","73.33333333333333","4","3.125","35","180","2022-05-12T14:56:00.000Z","1652367360",
"2551","22b77d7829c68dcd","E2:1F:7B:35:CC:08","68.88888888888889","10","3.90625","12","180","2022-05-12T14:57:00.000Z","1652367420",
"2551","22b77d7829c68dcd","E2:1F:7B:35:CC:08","61.111111111111114","5","3.90625","16","180","2022-05-12T14:58:00.000Z","1652367480",
"2551","22b77d7829c68dcd","E2:1F:7B:35:CC:08","57.77777777777778","5","5.208333333333333","12","180","2022-05-12T14:59:00.000Z","1652367540",
"2551","22b77d7829c68dcd","E2:1F:7B:35:CC:08","52.22222222222222","5","5.208333333333333","25","180","2022-05-12T15:00:00.000Z","1652367600",
"2551","22b77d7829c68dcd","E2:1F:7B:35:CC:08","62.22222222222222","4","3.90625","28","180","2022-05-12T15:01:00.000Z","1652367660",
"2551","22b77d7829c68dcd","E2:1F:7B:35:CC:08","84.44444444444444","7","5.208333333333333","12","180","2022-05-12T15:02:00.000Z","1652367720",
"2551","22b77d7829c68dcd","E2:1F:7B:35:CC:08","74.44444444444444","5","3.90625","29","180","2022-05-12T15:03:00.000Z","1652367780",
"2551","22b77d7829c68dcd","E2:1F:7B:35:CC:08","65.55555555555556","5","5.208333333333333","14","180","2022-05-12T15:04:00.000Z","1652367840",
"2551","22b77d7829c68dcd","E2:1F:7B:35:CC:08","63.333333333333336","5","5.208333333333333","23","180","2022-05-12T15:05:00.000Z","1652367900",
"2551","22b77d7829c68dcd","E2:1F:7B:35:CC:08","62.22222222222222","4","5.208333333333333","9","180","2022-05-12T15:06:00.000Z","1652367960",
"2551","22b77d7829c68dcd","E2:1F:7B:35:CC:08","50","3","5.208333333333333","29","180","2022-05-12T15:07:00.000Z","1652368020",
"2551","22b77d7829c68dcd","E2:1F:7B:35:CC:08","44.44444444444444","4","5.208333333333333","29","180","2022-05-12T15:08:00.000Z","1652368080",
"2551","22b77d7829c68dcd","E2:1F:7B:35:CC:08","42.22222222222222","8","3.90625","19","180","2022-05-12T15:09:00.000Z","1652368140",
"2551","22b77d7829c68dcd","E2:1F:7B:35:CC:08","41.111111111111114","1","7.8125","30","180","2022-05-12T15:10:00.000Z","1652368200",
"2551","22b77d7829c68dcd","E2:1F:7B:35:CC:08","42.22222222222222","3","7.8125","19","180","2022-05-12T15:11:00.000Z","1652368260",
"2551","22b77d7829c68dcd","E2:1F:7B:35:CC:08","65.55555555555556","3","7.8125","30","180","2022-05-12T15:12:00.000Z","1652368320",
"2551","22b77d7829c68dcd","E2:1F:7B:35:CC:08","76.66666666666667","5","7.8125","12","180","2022-05-12T15:13:00.000Z","1652368380",
"2551","22b77d7829c68dcd","E2:1F:7B:35:CC:08","64.44444444444444","3","7.8125","19","180","2022-05-12T15:14:00.000Z","1652368440",
"2551","22b77d7829c68dcd","E2:1F:7B:35:CC:08","64.44444444444444","4","5.208333333333333","28","180","2022-05-12T15:15:00.000Z","1652368500",
"2551","22b77d7829c68dcd","E2:1F:7B:35:CC:08","56.666666666666664","7","5.208333333333333","18","180","2022-05-12T15:16:00.000Z","1652368560",
"2551","22b77d7829c68dcd","E2:1F:7B:35:CC:08","57.77777777777778","3","5.208333333333333","26","180","2022-05-12T15:17:00.000Z","1652368620",
"2551","22b77d7829c68dcd","E2:1F:7B:35:CC:08","56.666666666666664","6","7.8125","8","180","2022-05-12T15:18:00.000Z","1652368680",
"2551","22b77d7829c68dcd","E2:1F:7B:35:CC:08","53.333333333333336","0","5.208333333333333","35","180","2022-05-12T15:19:00.000Z","1652368740",
"2551","22b77d7829c68dcd","E2:1F:7B:35:CC:08","47.77777777777778","7","5.208333333333333","11","180","2022-05-12T15:20:00.000Z","1652368800",
"2551","22b77d7829c68dcd","E2:1F:7B:35:CC:08","50","5","5.208333333333333","36","180","2022-05-12T15:21:00.000Z","1652368860",
"2551","22b77d7829c68dcd","E2:1F:7B:35:CC:08","64.44444444444444","6","5.208333333333333","26","180","2022-05-12T15:22:00.000Z","1652368920",
"2551","22b77d7829c68dcd","E2:1F:7B:35:CC:08","64.44444444444444","2","5.208333333333333","12","180","2022-05-12T15:23:00.000Z","1652368980",
"2551","22b77d7829c68dcd","E2:1F:7B:35:CC:08","64.44444444444444","3","3.90625","23","180","2022-05-12T15:24:00.000Z","1652369040",
"2551","22b77d7829c68dcd","E2:1F:7B:35:CC:08","63.333333333333336","4","3.90625","5","180","2022-05-12T15:25:00.000Z","1652369100",
"2551","22b77d7829c68dcd","E2:1F:7B:35:CC:08","65.55555555555556","10","5.208333333333333","26","180","2022-05-12T15:26:00.000Z","1652369160",
"2551","22b77d7829c68dcd","E2:1F:7B:35:CC:08","65.55555555555556","0","1.7361111111111112","25","180","2022-05-12T15:27:00.000Z","1652369220",
"2551","22b77d7829c68dcd","E2:1F:7B:35:CC:08","67.77777777777777","3","1.7361111111111112","15","180","2022-05-12T15:28:00.000Z","1652369280",
"2551","22b77d7829c68dcd","E2:1F:7B:35:CC:08","68.88888888888889","0","2.6041666666666665","26","180","2022-05-12T15:29:00.000Z","1652369340",
"2551","22b77d7829c68dcd","E2:1F:7B:35:CC:08","75.55555555555556","9","2.6041666666666665","2","180","2022-05-12T15:30:00.000Z","1652369400",
"2551","22b77d7829c68dcd","E2:1F:7B:35:CC:08","75.55555555555556","0","2.232142857142857","26","180","2022-05-12T15:31:00.000Z","1652369460",
"2551","22b77d7829c68dcd","E2:1F:7B:35:CC:08","84.44444444444444","5","3.125","11","180","2022-05-12T15:32:00.000Z","1652369520",
"2551","22b77d7829c68dcd","E2:1F:7B:35:CC:08","72.22222222222223","6","2.6041666666666665","32","180","2022-05-12T15:33:00.000Z","1652369580",
"2551","22b77d7829c68dcd","E2:1F:7B:35:CC:08","75.55555555555556","8","2.6041666666666665","15","180","2022-05-12T15:34:00.000Z","1652369640",
"2551","22b77d7829c68dcd","E2:1F:7B:35:CC:08","81.11111111111111","6","2.6041666666666665","30","180","2022-05-12T15:35:00.000Z","1652369700",
"2551","22b77d7829c68dcd","E2:1F:7B:35:CC:08","81.11111111111111","8","3.90625","8","180","2022-05-12T15:36:00.000Z","1652369760",
"2551","22b77d7829c68dcd","E2:1F:7B:35:CC:08","76.66666666666667","6","3.90625","28","180","2022-05-12T15:37:00.000Z","1652369820",
"2551","22b77d7829c68dcd","E2:1F:7B:35:CC:08","70","8","3.90625","22","180","2022-05-12T15:38:00.000Z","1652369880",
"2551","22b77d7829c68dcd","E2:1F:7B:35:CC:08","75.55555555555556","4","5.208333333333333","39","180","2022-05-12T15:39:00.000Z","1652369940",
"2551","22b77d7829c68dcd","E2:1F:7B:35:CC:08","70","6","5.208333333333333","21","180","2022-05-12T15:40:00.000Z","1652370000",
"2551","22b77d7829c68dcd","E2:1F:7B:35:CC:08","68.88888888888889","9","3.90625","26","180","2022-05-12T15:41:00.000Z","1652370060",
"2551","22b77d7829c68dcd","E2:1F:7B:35:CC:08","60","3","5.208333333333333","18","180","2022-05-12T15:42:00.000Z","1652370120",
"2551","22b77d7829c68dcd","E2:1F:7B:35:CC:08","57.77777777777778","2","3.125","22","180","2022-05-12T15:43:00.000Z","1652370180",
"2551","22b77d7829c68dcd","E2:1F:7B:35:CC:08","62.22222222222222","1","2.6041666666666665","14","180","2022-05-12T15:44:00.000Z","1652370240",
"2551","22b77d7829c68dcd","E2:1F:7B:35:CC:08","65.55555555555556","2","2.232142857142857","30","180","2022-05-12T15:45:00.000Z","1652370300",
"2551","22b77d7829c68dcd","E2:1F:7B:35:CC:08","83.33333333333333","3","2.232142857142857","42","180","2022-05-12T15:46:00.000Z","1652370360",
"2551","22b77d7829c68dcd","E2:1F:7B:35:CC:08","75.55555555555556","2","0.8223684210526315","5","180","2022-05-12T15:50:00.000Z","1652370600",
"2551","22b77d7829c68dcd","E2:1F:7B:35:CC:08","84.44444444444444","7","1.0416666666666667","4","180","2022-05-12T15:51:00.000Z","1652370660",
"2551","22b77d7829c68dcd","E2:1F:7B:35:CC:08","88.88888888888889","4","1.0416666666666667","8","180","2022-05-12T15:52:00.000Z","1652370720",
"2551","22b77d7829c68dcd","E2:1F:7B:35:CC:08","100","1","0.6793478260869565","0","180","2022-05-12T15:53:00.000Z","1652370780",
"2551","22b77d7829c68dcd","E2:1F:7B:35:CC:08","100","4","1.0416666666666667","1","180","2022-05-12T15:54:00.000Z","1652370840",
"2551","22b77d7829c68dcd","E2:1F:7B:35:CC:08","100","0","1.0416666666666667","30","180","2022-05-12T15:55:00.000Z","1652370900",
"2551","22b77d7829c68dcd","E2:1F:7B:35:CC:08","100","0","0.8223684210526315","72","180","2022-05-12T15:56:00.000Z","1652370960",
"2551","22b77d7829c68dcd","E2:1F:7B:35:CC:08","100","2","0.8680555555555556","36","180","2022-05-12T15:57:00.000Z","1652371020",
"2551","22b77d7829c68dcd","E2:1F:7B:35:CC:08","96.66666666666667","1","0.78125","74","180","2022-05-12T15:58:00.000Z","1652371080",
"2551","22b77d7829c68dcd","E2:1F:7B:35:CC:08","72.22222222222223","4","0.7102272727272727","79","180","2022-05-12T15:59:00.000Z","1652371140",
"2551","22b77d7829c68dcd","E2:1F:7B:35:CC:08","100","6","0.9765625","67","180","2022-05-12T16:00:00.000Z","1652371200",
"2551","22b77d7829c68dcd","E2:1F:7B:35:CC:08","100","6","1.2019230769230769","67","180","2022-05-12T16:01:00.000Z","1652371260",
"2551","22b77d7829c68dcd","E2:1F:7B:35:CC:08","100","10","1.5625","61","180","2022-05-12T16:02:00.000Z","1652371320",
"2551","22b77d7829c68dcd","E2:1F:7B:35:CC:08","98.88888888888889","9","1.5625","49","180","2022-05-12T16:03:00.000Z","1652371380",
"2551","22b77d7829c68dcd","E2:1F:7B:35:CC:08","90","5","1.5625","75","180","2022-05-12T16:04:00.000Z","1652371440",
"2551","22b77d7829c68dcd","E2:1F:7B:35:CC:08","95.55555555555556","6","1.4204545454545454","67","180","2022-05-12T16:05:00.000Z","1652371500",
"2551","22b77d7829c68dcd","E2:1F:7B:35:CC:08","90","5","1.4204545454545454","64","180","2022-05-12T16:06:00.000Z","1652371560",
"2551","22b77d7829c68dcd","E2:1F:7B:35:CC:08","95.55555555555556","4","1.4204545454545454","71","180","2022-05-12T16:07:00.000Z","1652371620",
"2551","22b77d7829c68dcd","E2:1F:7B:35:CC:08","96.66666666666667","6","1.5625","61","180","2022-05-12T16:08:00.000Z","1652371680",
"2551","22b77d7829c68dcd","E2:1F:7B:35:CC:08","100","4","1.5625","64","180","2022-05-12T16:09:00.000Z","1652371740",
"2551","22b77d7829c68dcd","E2:1F:7B:35:CC:08","100","11","1.953125","61","180","2022-05-12T16:10:00.000Z","1652371800",
"2551","22b77d7829c68dcd","E2:1F:7B:35:CC:08","100","6","1.953125","42","180","2022-05-12T16:11:00.000Z","1652371860",
"2551","22b77d7829c68dcd","E2:1F:7B:35:CC:08","76.66666666666667","7","2.232142857142857","0","180","2022-05-12T16:13:00.000Z","1652371980",
"2551","22b77d7829c68dcd","E2:1F:7B:35:CC:08","65.55555555555556","3","2.6041666666666665","25","180","2022-05-12T16:14:00.000Z","1652372040",
"2551","22b77d7829c68dcd","E2:1F:7B:35:CC:08","70","12","2.6041666666666665","19","180","2022-05-12T16:15:00.000Z","1652372100",
"2551","22b77d7829c68dcd","E2:1F:7B:35:CC:08","63.333333333333336","5","2.6041666666666665","0","180","2022-05-12T16:17:00.000Z","1652372220",
"2551","22b77d7829c68dcd","E2:1F:7B:35:CC:08","61.111111111111114","9","3.125","1","180","2022-05-12T16:18:00.000Z","1652372280",
"2551","22b77d7829c68dcd","E2:1F:7B:35:CC:08","60","5","2.6041666666666665","46","180","2022-05-12T16:19:00.000Z","1652372340",
"2551","22b77d7829c68dcd","E2:1F:7B:35:CC:08","61.111111111111114","2","2.232142857142857","30","180","2022-05-12T16:20:00.000Z","1652372400",
"2551","22b77d7829c68dcd","E2:1F:7B:35:CC:08","70","6","1.4204545454545454","7","180","2022-05-12T16:21:00.000Z","1652372460",
"2551","22b77d7829c68dcd","E2:1F:7B:35:CC:08","65.9090909090909","0","1.1160714285714286","7","176","2022-05-12T16:22:00.000Z","1652372520",
"2551","22b77d7829c68dcd","E2:1F:7B:35:CC:08","57.95454545454545","3","0.9765625","5","176","2022-05-12T16:23:00.000Z","1652372580",
"2551","22b77d7829c68dcd","E2:1F:7B:35:CC:08","48.86363636363637","1","0.9765625","4","176","2022-05-12T16:24:00.000Z","1652372640",
"2551","22b77d7829c68dcd","E2:1F:7B:35:CC:08","55.68181818181818","2","0.78125","4","176","2022-05-12T16:25:00.000Z","1652372700",
"2551","22b77d7829c68dcd","E2:1F:7B:35:CC:08","79.54545454545455","4","0.78125","28","176","2022-05-12T16:26:00.000Z","1652372760",
"2551","22b77d7829c68dcd","E2:1F:7B:35:CC:08","62.5","3","0.6793478260869565","28","176","2022-05-12T16:27:00.000Z","1652372820",
"2551","22b77d7829c68dcd","E2:1F:7B:35:CC:08","51.13636363636363","1","0.6009615384615384","12","176","2022-05-12T16:28:00.000Z","1652372880",
"2551","22b77d7829c68dcd","E2:1F:7B:35:CC:08","51.13636363636363","0","0.48828125","23","176","2022-05-12T16:29:00.000Z","1652372940",
"2551","22b77d7829c68dcd","E2:1F:7B:35:CC:08","50","2","0.11574074074074074","29","176","2022-05-12T16:30:00.000Z","1652373000",
"2551","22b77d7829c68dcd","E2:1F:7B:35:CC:08","51.13636363636363","0","0.12112403100775193","22","176","2022-05-12T16:31:00.000Z","1652373060",
"2551","22b77d7829c68dcd","E2:1F:7B:35:CC:08","52.27272727272727","0","0.19054878048780488","25","176","2022-05-12T16:32:00.000Z","1652373120",
"2551","22b77d7829c68dcd","E2:1F:7B:35:CC:08","76.13636363636364","5","0.33967391304347827","18","176","2022-05-12T16:33:00.000Z","1652373180",
"2551","22b77d7829c68dcd","E2:1F:7B:35:CC:08","100","5","0.2170138888888889","7","176","2022-05-12T16:34:00.000Z","1652373240",
"2551","22b77d7829c68dcd","E2:1F:7B:35:CC:08","100","6","0.27901785714285715","5","176","2022-05-12T16:35:00.000Z","1652373300",
"2551","22b77d7829c68dcd","E2:1F:7B:35:CC:08","100","11","0.37202380952380953","11","176","2022-05-12T16:36:00.000Z","1652373360",
"2551","22b77d7829c68dcd","E2:1F:7B:35:CC:08","100","5","0.2840909090909091","9","176","2022-05-12T16:37:00.000Z","1652373420",
"2551","22b77d7829c68dcd","E2:1F:7B:35:CC:08","100","0","0.3324468085106383","12","176","2022-05-12T16:38:00.000Z","1652373480",
"2551","22b77d7829c68dcd","E2:1F:7B:35:CC:08","100","9","0.41118421052631576","44","176","2022-05-12T16:39:00.000Z","1652373540",
"2551","22b77d7829c68dcd","E2:1F:7B:35:CC:08","100","11","0.44642857142857145","35","176","2022-05-12T16:40:00.000Z","1652373600",
"2551","22b77d7829c68dcd","E2:1F:7B:35:CC:08","98.86363636363636","2","0.45955882352941174","75","176","2022-05-12T16:41:00.000Z","1652373660",
"2551","22b77d7829c68dcd","E2:1F:7B:35:CC:08","88.63636363636364","5","0.44642857142857145","60","176","2022-05-12T16:42:00.000Z","1652373720",
"2551","22b77d7829c68dcd","E2:1F:7B:35:CC:08","69.31818181818181","3","0.33967391304347827","70","176","2022-05-12T16:43:00.000Z","1652373780",
"2551","22b77d7829c68dcd","E2:1F:7B:35:CC:08","62.5","4","0.31887755102040816","39","176","2022-05-12T16:44:00.000Z","1652373840",
"2551","22b77d7829c68dcd","E2:1F:7B:35:CC:08","59.09090909090909","6","0.38109756097560976","70","176","2022-05-12T16:45:00.000Z","1652373900",
"2551","22b77d7829c68dcd","E2:1F:7B:35:CC:08","56.81818181818182","5","0.41118421052631576","42","176","2022-05-12T16:46:00.000Z","1652373960",
"2551","22b77d7829c68dcd","E2:1F:7B:35:CC:08","53.40909090909091","1","0.38109756097560976","22","176","2022-05-12T16:47:00.000Z","1652374020",
"2551","22b77d7829c68dcd","E2:1F:7B:35:CC:08","64.77272727272727","8","0.6793478260869565","28","176","2022-05-12T16:48:00.000Z","1652374080",
"2551","22b77d7829c68dcd","E2:1F:7B:35:CC:08","100","10","0.18601190476190477","8","176","2022-05-12T16:54:00.000Z","1652374440",
"2551","22b77d7829c68dcd","E2:1F:7B:35:CC:08","100","0","0.1736111111111111","11","176","2022-05-12T16:55:00.000Z","1652374500",
"2551","22b77d7829c68dcd","E2:1F:7B:35:CC:08","100","8","0.14467592592592593","11","176","2022-05-12T16:57:00.000Z","1652374620",
"2551","22b77d7829c68dcd","E2:1F:7B:35:CC:08","100","10","0.12913223140495866","5","176","2022-05-12T16:58:00.000Z","1652374680",
"2551","22b77d7829c68dcd","E2:1F:7B:35:CC:08","100","8","0.1953125","0","176","2022-05-12T16:59:00.000Z","1652374740",
"2551","22b77d7829c68dcd","E2:1F:7B:35:CC:08","97.72727272727273","7","0.27901785714285715","1","176","2022-05-12T17:00:00.000Z","1652374800",
"2551","22b77d7829c68dcd","E2:1F:7B:35:CC:08","80.68181818181819","9","0.23674242424242425","0","176","2022-05-12T17:01:00.000Z","1652374860",
"2551","22b77d7829c68dcd","E2:1F:7B:35:CC:08","67.04545454545455","7","0.25614754098360654","0","176","2022-05-12T17:02:00.000Z","1652374920",
"2551","22b77d7829c68dcd","E2:1F:7B:35:CC:08","56.81818181818182","9","0.26939655172413796","0","176","2022-05-12T17:03:00.000Z","1652374980",
"2551","22b77d7829c68dcd","E2:1F:7B:35:CC:08","59.09090909090909","4","0.2648305084745763","1","176","2022-05-12T17:04:00.000Z","1652375040",
"2551","22b77d7829c68dcd","E2:1F:7B:35:CC:08","50","4","0.2741228070175439","0","176","2022-05-12T17:05:00.000Z","1652375100",
"2551","22b77d7829c68dcd","E2:1F:7B:35:CC:08","43.18181818181818","2","0.2604166666666667","2","176","2022-05-12T17:06:00.000Z","1652375160",
"2551","22b77d7829c68dcd","E2:1F:7B:35:CC:08","42.04545454545455","4","0.28935185185185186","0","176","2022-05-12T17:07:00.000Z","1652375220",
"2551","22b77d7829c68dcd","E2:1F:7B:35:CC:08","38.63636363636363","6","0.294811320754717","0","176","2022-05-12T17:08:00.000Z","1652375280",
"2551","22b77d7829c68dcd","E2:1F:7B:35:CC:08","36.36363636363637","3","0.33967391304347827","0","176","2022-05-12T17:09:00.000Z","1652375340",
"2551","22b77d7829c68dcd","E2:1F:7B:35:CC:08","35.22727272727273","0","0.2604166666666667","1","176","2022-05-12T17:10:00.000Z","1652375400",
"2551","22b77d7829c68dcd","E2:1F:7B:35:CC:08","36.36363636363637","5","0.3324468085106383","4","176","2022-05-12T17:11:00.000Z","1652375460",
"2551","22b77d7829c68dcd","E2:1F:7B:35:CC:08","28.40909090909091","0","0.2840909090909091","1","176","2022-05-12T17:12:00.000Z","1652375520",
"2551","22b77d7829c68dcd","E2:1F:7B:35:CC:08","32.95454545454545","2","0.3125","0","176","2022-05-12T17:13:00.000Z","1652375580",
"2551","22b77d7829c68dcd","E2:1F:7B:35:CC:08","34.09090909090909","5","0.31887755102040816","0","176","2022-05-12T17:14:00.000Z","1652375640",
"2551","22b77d7829c68dcd","E2:1F:7B:35:CC:08","32.95454545454545","1","0.33967391304347827","0","176","2022-05-12T17:15:00.000Z","1652375700",
"2551","22b77d7829c68dcd","E2:1F:7B:35:CC:08","38.63636363636363","3","0.38109756097560976","1","176","2022-05-12T17:16:00.000Z","1652375760",
"2551","22b77d7829c68dcd","E2:1F:7B:35:CC:08","37.5","12","0.2604166666666667","14","176","2022-05-12T17:17:00.000Z","1652375820",
"2551","22b77d7829c68dcd","E2:1F:7B:35:CC:08","53.40909090909091","0","7.8125","15","176","2022-05-12T17:19:00.000Z","1652375940",
"2551","22b77d7829c68dcd","E2:1F:7B:35:CC:08","95.45454545454545","0","3.90625","2","176","2022-05-12T17:20:00.000Z","1652376000",
"2551","22b77d7829c68dcd","E2:1F:7B:35:CC:08","100","0","2.232142857142857","7","176","2022-05-12T17:21:00.000Z","1652376060",
"2551","22b77d7829c68dcd","E2:1F:7B:35:CC:08","100","0","1.4204545454545454","1","176","2022-05-12T17:22:00.000Z","1652376120",
"2551","22b77d7829c68dcd","E2:1F:7B:35:CC:08","81.81818181818181","0","1.0416666666666667","0","176","2022-05-12T17:23:00.000Z","1652376180",
"2551","22b77d7829c68dcd","E2:1F:7B:35:CC:08","62.5","0","0.8223684210526315","0","176","2022-05-12T17:24:00.000Z","1652376240",
"2551","22b77d7829c68dcd","E2:1F:7B:35:CC:08","44.31818181818182","0","0.7102272727272727","0","176","2022-05-12T17:25:00.000Z","1652376300",
"2551","22b77d7829c68dcd","E2:1F:7B:35:CC:08","34.09090909090909","0","0.7102272727272727","0","176","2022-05-12T17:26:00.000Z","1652376360",
"2551","22b77d7829c68dcd","E2:1F:7B:35:CC:08","22.727272727272727","1","0.6009615384615384","1","176","2022-05-12T17:27:00.000Z","1652376420",
"2551","22b77d7829c68dcd","E2:1F:7B:35:CC:08","11.363636363636363","0","0.5387931034482759","0","176","2022-05-12T17:28:00.000Z","1652376480",
"2551","22b77d7829c68dcd","E2:1F:7B:35:CC:08","10.227272727272727","0","0.5387931034482759","0","176","2022-05-12T17:29:00.000Z","1652376540",
"2551","22b77d7829c68dcd","E2:1F:7B:35:CC:08","10.227272727272727","0","0.45955882352941174","1","176","2022-05-12T17:30:00.000Z","1652376600",
"2551","22b77d7829c68dcd","E2:1F:7B:35:CC:08","7.954545454545454","0","0.4734848484848485","0","176","2022-05-12T17:31:00.000Z","1652376660",
"2551","22b77d7829c68dcd","E2:1F:7B:35:CC:08","9.090909090909092","0","0.4734848484848485","0","176","2022-05-12T17:32:00.000Z","1652376720",
"2551","22b77d7829c68dcd","E2:1F:7B:35:CC:08","25","3","0.3324468085106383","0","176","2022-05-12T17:33:00.000Z","1652376780",
"2551","22b77d7829c68dcd","E2:1F:7B:35:CC:08","22.727272727272727","1","0.3255208333333333","0","176","2022-05-12T17:34:00.000Z","1652376840",
"2551","22b77d7829c68dcd","E2:1F:7B:35:CC:08","67.04545454545455","4","0.31887755102040816","0","176","2022-05-12T17:35:00.000Z","1652376900",
"2551","22b77d7829c68dcd","E2:1F:7B:35:CC:08","39.77272727272727","0","0.3324468085106383","0","176","2022-05-12T17:36:00.000Z","1652376960",
"2551","22b77d7829c68dcd","E2:1F:7B:35:CC:08","14.772727272727273","0","0.3324468085106383","0","176","2022-05-12T17:37:00.000Z","1652377020",
"2551","22b77d7829c68dcd","E2:1F:7B:35:CC:08","13.636363636363637","0","0.33967391304347827","0","176","2022-05-12T17:38:00.000Z","1652377080",
"2551","22b77d7829c68dcd","E2:1F:7B:35:CC:08","9.090909090909092","0","0.3125","0","176","2022-05-12T17:39:00.000Z","1652377140",
"2551","22b77d7829c68dcd","E2:1F:7B:35:CC:08","10.227272727272727","0","0.3125","0","176","2022-05-12T17:40:00.000Z","1652377200",
"2551","22b77d7829c68dcd","E2:1F:7B:35:CC:08","6.818181818181818","0","0.3125","0","176","2022-05-12T17:41:00.000Z","1652377260",
"2551","22b77d7829c68dcd","E2:1F:7B:35:CC:08","7.954545454545454","0","0.3255208333333333","0","176","2022-05-12T17:42:00.000Z","1652377320",
"2551","22b77d7829c68dcd","E2:1F:7B:35:CC:08","9.090909090909092","0","0.3004807692307692","0","176","2022-05-12T17:43:00.000Z","1652377380",
"2551","22b77d7829c68dcd","E2:1F:7B:35:CC:08","5.681818181818182","0","0.30637254901960786","0","176","2022-05-12T17:44:00.000Z","1652377440",
"2551","22b77d7829c68dcd","E2:1F:7B:35:CC:08","3.409090909090909","0","0.3125","0","176","2022-05-12T17:45:00.000Z","1652377500",
"2551","22b77d7829c68dcd","E2:1F:7B:35:CC:08","2.272727272727273","0","0.31887755102040816","0","176","2022-05-12T17:46:00.000Z","1652377560",
"2551","22b77d7829c68dcd","E2:1F:7B:35:CC:08","6.818181818181818","0","0.3255208333333333","0","176","2022-05-12T17:47:00.000Z","1652377620",
"2551","22b77d7829c68dcd","E2:1F:7B:35:CC:08","59.09090909090909","0","0.30637254901960786","0","176","2022-05-12T17:48:00.000Z","1652377680",
"2551","22b77d7829c68dcd","E2:1F:7B:35:CC:08","46.59090909090909","1","0.30637254901960786","0","176","2022-05-12T17:49:00.000Z","1652377740",
"2551","22b77d7829c68dcd","E2:1F:7B:35:CC:08","29.545454545454547","0","0.3255208333333333","0","176","2022-05-12T17:50:00.000Z","1652377800",
"2551","22b77d7829c68dcd","E2:1F:7B:35:CC:08","12.5","0","0.26939655172413796","1","176","2022-05-12T17:51:00.000Z","1652377860",
"2551","22b77d7829c68dcd","E2:1F:7B:35:CC:08","31.818181818181817","7","0.3255208333333333","1","176","2022-05-12T17:52:00.000Z","1652377920",
"2551","22b77d7829c68dcd","E2:1F:7B:35:CC:08","26.136363636363637","0","0.35511363636363635","0","176","2022-05-12T17:53:00.000Z","1652377980",
"2551","22b77d7829c68dcd","E2:1F:7B:35:CC:08","22.727272727272727","0","0.390625","1","176","2022-05-12T17:54:00.000Z","1652378040",
"2551","22b77d7829c68dcd","E2:1F:7B:35:CC:08","17.045454545454547","0","0.41118421052631576","0","176","2022-05-12T17:55:00.000Z","1652378100",
"2551","22b77d7829c68dcd","E2:1F:7B:35:CC:08","14.772727272727273","0","0.44642857142857145","0","176","2022-05-12T17:56:00.000Z","1652378160",
"2551","22b77d7829c68dcd","E2:1F:7B:35:CC:08","12.5","0","0.41118421052631576","0","176","2022-05-12T17:57:00.000Z","1652378220",
"2551","22b77d7829c68dcd","E2:1F:7B:35:CC:08","19.318181818181817","1","0.44642857142857145","2","176","2022-05-12T17:58:00.000Z","1652378280",
"2551","22b77d7829c68dcd","E2:1F:7B:35:CC:08","10.227272727272727","0","0.44642857142857145","0","176","2022-05-12T17:59:00.000Z","1652378340",
"2551","22b77d7829c68dcd","E2:1F:7B:35:CC:08","10.227272727272727","0","0.45955882352941174","0","176","2022-05-12T18:00:00.000Z","1652378400",
"2551","22b77d7829c68dcd","E2:1F:7B:35:CC:08","21.59090909090909","1","0.3324468085106383","0","176","2022-05-12T18:01:00.000Z","1652378460",
"2551","22b77d7829c68dcd","E2:1F:7B:35:CC:08","21.59090909090909","0","0.31887755102040816","0","176","2022-05-12T18:02:00.000Z","1652378520",
"2551","22b77d7829c68dcd","E2:1F:7B:35:CC:08","26.136363636363637","6","0.3125","0","176","2022-05-12T18:03:00.000Z","1652378580",
"2551","22b77d7829c68dcd","E2:1F:7B:35:CC:08","25","2","0.3004807692307692","0","176","2022-05-12T18:04:00.000Z","1652378640",
"2551","22b77d7829c68dcd","E2:1F:7B:35:CC:08","22.727272727272727","0","0.3633720930232558","1","176","2022-05-12T18:05:00.000Z","1652378700",
"2551","22b77d7829c68dcd","E2:1F:7B:35:CC:08","13.636363636363637","0","0.38109756097560976","0","176","2022-05-12T18:06:00.000Z","1652378760",
"2551","22b77d7829c68dcd","E2:1F:7B:35:CC:08","6.818181818181818","0","0.390625","0","176","2022-05-12T18:07:00.000Z","1652378820",
"2551","22b77d7829c68dcd","E2:1F:7B:35:CC:08","25","1","0.2741228070175439","0","176","2022-05-12T18:08:00.000Z","1652378880",
"2551","22b77d7829c68dcd","E2:1F:7B:35:CC:08","19.318181818181817","0","0.2840909090909091","0","176","2022-05-12T18:09:00.000Z","1652378940",
"2551","22b77d7829c68dcd","E2:1F:7B:35:CC:08","9.090909090909092","0","0.28935185185185186","0","176","2022-05-12T18:10:00.000Z","1652379000",
"2551","22b77d7829c68dcd","E2:1F:7B:35:CC:08","5.681818181818182","0","0.20032051282051283","0","176","2022-05-12T18:11:00.000Z","1652379060",
"2551","22b77d7829c68dcd","E2:1F:7B:35:CC:08","32.95454545454545","2","0.3255208333333333","1","176","2022-05-12T18:12:00.000Z","1652379120",
"2551","22b77d7829c68dcd","E2:1F:7B:35:CC:08","20.454545454545453","0","0.3472222222222222","0","176","2022-05-12T18:13:00.000Z","1652379180",
"2551","22b77d7829c68dcd","E2:1F:7B:35:CC:08","18.181818181818183","1","0.3633720930232558","0","176","2022-05-12T18:14:00.000Z","1652379240",
"2551","22b77d7829c68dcd","E2:1F:7B:35:CC:08","27.272727272727273","5","0.3255208333333333","0","176","2022-05-12T18:15:00.000Z","1652379300",
"2551","22b77d7829c68dcd","E2:1F:7B:35:CC:08","29.545454545454547","3","0.35511363636363635","0","176","2022-05-12T18:16:00.000Z","1652379360",
"2551","22b77d7829c68dcd","E2:1F:7B:35:CC:08","53.40909090909091","5","0.28935185185185186","1","176","2022-05-12T18:17:00.000Z","1652379420",
"2551","22b77d7829c68dcd","E2:1F:7B:35:CC:08","48.86363636363637","1","0.31887755102040816","0","176","2022-05-12T18:18:00.000Z","1652379480",
"2551","22b77d7829c68dcd","E2:1F:7B:35:CC:08","25","0","0.244140625","0","176","2022-05-12T18:19:00.000Z","1652379540",
"2551","22b77d7829c68dcd","E2:1F:7B:35:CC:08","46.59090909090909","5","0.3255208333333333","1","176","2022-05-12T18:20:00.000Z","1652379600",
"2551","22b77d7829c68dcd","E2:1F:7B:35:CC:08","42.04545454545455","1","0.3472222222222222","0","176","2022-05-12T18:21:00.000Z","1652379660",
"2551","22b77d7829c68dcd","E2:1F:7B:35:CC:08","37.5","1","0.2840909090909091","1","176","2022-05-12T18:22:00.000Z","1652379720",
"2551","22b77d7829c68dcd","E2:1F:7B:35:CC:08","40.90909090909091","3","0.3125","1","176","2022-05-12T18:23:00.000Z","1652379780",
"2551","22b77d7829c68dcd","E2:1F:7B:35:CC:08","61.36363636363637","2","0.40064102564102566","0","176","2022-05-12T18:24:00.000Z","1652379840",
"2551","22b77d7829c68dcd","E2:1F:7B:35:CC:08","45.45454545454545","2","0.35511363636363635","0","176","2022-05-12T18:25:00.000Z","1652379900",
"2551","22b77d7829c68dcd","E2:1F:7B:35:CC:08","31.818181818181817","2","0.35511363636363635","0","176","2022-05-12T18:26:00.000Z","1652379960",
"2551","22b77d7829c68dcd","E2:1F:7B:35:CC:08","40.90909090909091","2","0.33967391304347827","0","176","2022-05-12T18:27:00.000Z","1652380020",
"2551","22b77d7829c68dcd","E2:1F:7B:35:CC:08","38.63636363636363","5","0.3472222222222222","0","176","2022-05-12T18:28:00.000Z","1652380080",
"2551","22b77d7829c68dcd","E2:1F:7B:35:CC:08","40.90909090909091","0","0.41118421052631576","0","176","2022-05-12T18:29:00.000Z","1652380140",
"2551","22b77d7829c68dcd","E2:1F:7B:35:CC:08","23.863636363636363","0","0.4340277777777778","0","176","2022-05-12T18:30:00.000Z","1652380200",
"2551","22b77d7829c68dcd","E2:1F:7B:35:CC:08","63.63636363636363","1","0.3633720930232558","0","176","2022-05-12T18:31:00.000Z","1652380260",
"2551","22b77d7829c68dcd","E2:1F:7B:35:CC:08","34.09090909090909","1","0.3255208333333333","0","176","2022-05-12T18:32:00.000Z","1652380320",
"2551","22b77d7829c68dcd","E2:1F:7B:35:CC:08","40.90909090909091","0","0.28935185185185186","0","176","2022-05-12T18:33:00.000Z","1652380380",
"2551","22b77d7829c68dcd","E2:1F:7B:35:CC:08","47.72727272727273","6","0.30637254901960786","0","176","2022-05-12T18:34:00.000Z","1652380440",
"2551","22b77d7829c68dcd","E2:1F:7B:35:CC:08","45.45454545454545","2","0.35511363636363635","0","176","2022-05-12T18:35:00.000Z","1652380500",
"2551","22b77d7829c68dcd","E2:1F:7B:35:CC:08","36.36363636363637","7","0.30637254901960786","0","176","2022-05-12T18:36:00.000Z","1652380560",
"2551","22b77d7829c68dcd","E2:1F:7B:35:CC:08","36.36363636363637","3","0.33967391304347827","0","176","2022-05-12T18:37:00.000Z","1652380620",
"2551","22b77d7829c68dcd","E2:1F:7B:35:CC:08","15.909090909090908","0","0.3324468085106383","0","176","2022-05-12T18:38:00.000Z","1652380680",
"2551","22b77d7829c68dcd","E2:1F:7B:35:CC:08","17.045454545454547","0","0.3472222222222222","0","176","2022-05-12T18:39:00.000Z","1652380740",
"2551","22b77d7829c68dcd","E2:1F:7B:35:CC:08","17.045454545454547","0","0.3472222222222222","0","176","2022-05-12T18:40:00.000Z","1652380800",
"2551","22b77d7829c68dcd","E2:1F:7B:35:CC:08","11.363636363636363","0","0.35511363636363635","0","176","2022-05-12T18:41:00.000Z","1652380860",
"2551","22b77d7829c68dcd","E2:1F:7B:35:CC:08","5.681818181818182","0","0.35511363636363635","0","176","2022-05-12T18:42:00.000Z","1652380920",
"2551","22b77d7829c68dcd","E2:1F:7B:35:CC:08","4.545454545454546","0","0.35511363636363635","0","176","2022-05-12T18:43:00.000Z","1652380980",
"2551","22b77d7829c68dcd","E2:1F:7B:35:CC:08","4.545454545454546","0","0.35511363636363635","0","176","2022-05-12T18:44:00.000Z","1652381040",
"2551","22b77d7829c68dcd","E2:1F:7B:35:CC:08","7.954545454545454","0","0.3633720930232558","0","176","2022-05-12T18:45:00.000Z","1652381100",
"2551","22b77d7829c68dcd","E2:1F:7B:35:CC:08","18.181818181818183","4","0.294811320754717","0","176","2022-05-12T18:46:00.000Z","1652381160",
"2551","22b77d7829c68dcd","E2:1F:7B:35:CC:08","28.40909090909091","0","0.2741228070175439","0","176","2022-05-12T18:47:00.000Z","1652381220",
"2551","22b77d7829c68dcd","E2:1F:7B:35:CC:08","19.318181818181817","0","0.3125","0","176","2022-05-12T18:48:00.000Z","1652381280",
"2551","22b77d7829c68dcd","E2:1F:7B:35:CC:08","10.227272727272727","0","0.3255208333333333","0","176","2022-05-12T18:49:00.000Z","1652381340",
"2551","22b77d7829c68dcd","E2:1F:7B:35:CC:08","6.818181818181818","0","0.3324468085106383","0","176","2022-05-12T18:50:00.000Z","1652381400",
"2551","22b77d7829c68dcd","E2:1F:7B:35:CC:08","4.545454545454546","0","0.3324468085106383","0","176","2022-05-12T18:51:00.000Z","1652381460",
"2551","22b77d7829c68dcd","E2:1F:7B:35:CC:08","9.090909090909092","1","0.33967391304347827","1","176","2022-05-12T18:52:00.000Z","1652381520",
"2551","22b77d7829c68dcd","E2:1F:7B:35:CC:08","18.181818181818183","1","0.35511363636363635","0","176","2022-05-12T18:53:00.000Z","1652381580",
"2551","22b77d7829c68dcd","E2:1F:7B:35:CC:08","13.636363636363637","0","0.37202380952380953","0","176","2022-05-12T18:54:00.000Z","1652381640",
"2551","22b77d7829c68dcd","E2:1F:7B:35:CC:08","7.954545454545454","0","0.390625","0","176","2022-05-12T18:55:00.000Z","1652381700",
"2551","22b77d7829c68dcd","E2:1F:7B:35:CC:08","5.681818181818182","0","0.40064102564102566","0","176","2022-05-12T18:56:00.000Z","1652381760",
"2551","22b77d7829c68dcd","E2:1F:7B:35:CC:08","3.409090909090909","0","0.40064102564102566","0","176","2022-05-12T18:57:00.000Z","1652381820",
"2551","22b77d7829c68dcd","E2:1F:7B:35:CC:08","2.272727272727273","0","0.41118421052631576","0","176","2022-05-12T18:58:00.000Z","1652381880",
"2551","22b77d7829c68dcd","E2:1F:7B:35:CC:08","3.409090909090909","0","0.38109756097560976","0","176","2022-05-12T18:59:00.000Z","1652381940",
"2551","22b77d7829c68dcd","E2:1F:7B:35:CC:08","5.681818181818182","0","0.390625","0","176","2022-05-12T19:00:00.000Z","1652382000",
"2551","22b77d7829c68dcd","E2:1F:7B:35:CC:08","4.545454545454546","0","0.40064102564102566","0","176","2022-05-12T19:01:00.000Z","1652382060",
"2551","22b77d7829c68dcd","E2:1F:7B:35:CC:08","5.681818181818182","0","0.37202380952380953","0","176","2022-05-12T19:02:00.000Z","1652382120",
"2551","22b77d7829c68dcd","E2:1F:7B:35:CC:08","3.409090909090909","0","0.37202380952380953","0","176","2022-05-12T19:03:00.000Z","1652382180",
"2551","22b77d7829c68dcd","E2:1F:7B:35:CC:08","3.409090909090909","0","0.37202380952380953","0","176","2022-05-12T19:04:00.000Z","1652382240",
"2551","22b77d7829c68dcd","E2:1F:7B:35:CC:08","3.409090909090909","0","0.38109756097560976","0","176","2022-05-12T19:05:00.000Z","1652382300",
"2551","22b77d7829c68dcd","E2:1F:7B:35:CC:08","3.409090909090909","0","0.390625","0","176","2022-05-12T19:06:00.000Z","1652382360",
"2551","22b77d7829c68dcd","E2:1F:7B:35:CC:08","2.272727272727273","0","0.40064102564102566","0","176","2022-05-12T19:07:00.000Z","1652382420",
"2551","22b77d7829c68dcd","E2:1F:7B:35:CC:08","9.090909090909092","0","0.38109756097560976","0","176","2022-05-12T19:08:00.000Z","1652382480",
"2551","22b77d7829c68dcd","E2:1F:7B:35:CC:08","18.181818181818183","0","0.35511363636363635","0","176","2022-05-12T19:09:00.000Z","1652382540",
"2551","22b77d7829c68dcd","E2:1F:7B:35:CC:08","11.363636363636363","0","0.3633720930232558","0","176","2022-05-12T19:10:00.000Z","1652382600",
"2551","22b77d7829c68dcd","E2:1F:7B:35:CC:08","6.818181818181818","0","0.37202380952380953","0","176","2022-05-12T19:11:00.000Z","1652382660",
"2551","22b77d7829c68dcd","E2:1F:7B:35:CC:08","7.954545454545454","2","0.2648305084745763","0","176","2022-05-12T19:12:00.000Z","1652382720",
"2551","22b77d7829c68dcd","E2:1F:7B:35:CC:08","31.818181818181817","5","0.18825301204819278","1","176","2022-05-12T19:13:00.000Z","1652382780",
"2551","22b77d7829c68dcd","E2:1F:7B:35:CC:08","53.40909090909091","0","0.16983695652173914","1","176","2022-05-12T19:15:00.000Z","1652382900",
"2551","22b77d7829c68dcd","E2:1F:7B:35:CC:08","54.54545454545455","0","0.1953125","0","176","2022-05-12T19:16:00.000Z","1652382960",
"2551","22b77d7829c68dcd","E2:1F:7B:35:CC:08","55.68181818181818","0","0.1547029702970297","7","176","2022-05-12T19:17:00.000Z","1652383020",
"2551","22b77d7829c68dcd","E2:1F:7B:35:CC:08","69.31818181818181","8","0.25201612903225806","1","176","2022-05-12T19:18:00.000Z","1652383080",
"2551","22b77d7829c68dcd","E2:1F:7B:35:CC:08","80.68181818181819","3","0.26939655172413796","2","176","2022-05-12T19:21:00.000Z","1652383260",
"2551","22b77d7829c68dcd","E2:1F:7B:35:CC:08","68.18181818181819","0","0.13469827586206898","2","176","2022-05-12T19:22:00.000Z","1652383320",
"2551","22b77d7829c68dcd","E2:1F:7B:35:CC:08","61.36363636363637","0","0.26939655172413796","1","176","2022-05-12T19:23:00.000Z","1652383380",
"2551","22b77d7829c68dcd","E2:1F:7B:35:CC:08","51.13636363636363","4","0.294811320754717","2","176","2022-05-12T19:24:00.000Z","1652383440",
"2551","22b77d7829c68dcd","E2:1F:7B:35:CC:08","84.0909090909091","9","0.12112403100775193","0","176","2022-05-12T19:28:00.000Z","1652383680",
"2551","22b77d7829c68dcd","E2:1F:7B:35:CC:08","75","6","0.16622340425531915","1","176","2022-05-12T19:29:00.000Z","1652383740",
"2551","22b77d7829c68dcd","E2:1F:7B:35:CC:08","45.45454545454545","2","0.19054878048780488","0","176","2022-05-12T19:30:00.000Z","1652383800",
"2551","22b77d7829c68dcd","E2:1F:7B:35:CC:08","28.40909090909091","0","0.21114864864864866","0","176","2022-05-12T19:31:00.000Z","1652383860",
"2551","22b77d7829c68dcd","E2:1F:7B:35:CC:08","20.454545454545453","0","0.22644927536231885","0","176","2022-05-12T19:32:00.000Z","1652383920",
"2551","22b77d7829c68dcd","E2:1F:7B:35:CC:08","14.772727272727273","0","0.2403846153846154","0","176","2022-05-12T19:33:00.000Z","1652383980",
"2551","22b77d7829c68dcd","E2:1F:7B:35:CC:08","17.045454545454547","0","0.25614754098360654","0","176","2022-05-12T19:34:00.000Z","1652384040",
"2551","22b77d7829c68dcd","E2:1F:7B:35:CC:08","35.22727272727273","5","0.33967391304347827","0","176","2022-05-12T19:35:00.000Z","1652384100",
"2551","22b77d7829c68dcd","E2:1F:7B:35:CC:08","55.68181818181818","6","0.26939655172413796","0","176","2022-05-12T19:36:00.000Z","1652384160",
"2551","22b77d7829c68dcd","E2:1F:7B:35:CC:08","65.9090909090909","3","0.27901785714285715","0","176","2022-05-12T19:37:00.000Z","1652384220",
"2551","22b77d7829c68dcd","E2:1F:7B:35:CC:08","59.09090909090909","7","0.21404109589041095","0","176","2022-05-12T19:38:00.000Z","1652384280",
"2551","22b77d7829c68dcd","E2:1F:7B:35:CC:08","53.40909090909091","2","0.2403846153846154","0","176","2022-05-12T19:39:00.000Z","1652384340",
"2551","22b77d7829c68dcd","E2:1F:7B:35:CC:08","59.09090909090909","1","0.3004807692307692","5","176","2022-05-12T19:40:00.000Z","1652384400",
"2551","22b77d7829c68dcd","E2:1F:7B:35:CC:08","44.31818181818182","3","0.33967391304347827","0","176","2022-05-12T19:41:00.000Z","1652384460",
"2551","22b77d7829c68dcd","E2:1F:7B:35:CC:08","29.545454545454547","2","0.3633720930232558","0","176","2022-05-12T19:42:00.000Z","1652384520",
"2551","22b77d7829c68dcd","E2:1F:7B:35:CC:08","48.86363636363637","7","0.45955882352941174","2","176","2022-05-12T19:43:00.000Z","1652384580",
"2551","22b77d7829c68dcd","E2:1F:7B:35:CC:08","43.18181818181818","1","0.4222972972972973","12","176","2022-05-12T19:44:00.000Z","1652384640",
"2551","22b77d7829c68dcd","E2:1F:7B:35:CC:08","50","5","0.37202380952380953","7","176","2022-05-12T19:45:00.000Z","1652384700",
"2551","22b77d7829c68dcd","E2:1F:7B:35:CC:08","64.40677966101696","12","0.08180628272251309","1","177","2022-05-12T19:49:00.000Z","1652384940",
"2551","22b77d7829c68dcd","E2:1F:7B:35:CC:08","99.43502824858757","5","0.10347682119205298","16","177","2022-05-12T19:50:00.000Z","1652385000",
"2551","22b77d7829c68dcd","E2:1F:7B:35:CC:08","100","0","0.1488095238095238","23","177","2022-05-12T19:51:00.000Z","1652385060",
"2551","22b77d7829c68dcd","E2:1F:7B:35:CC:08","99.43502824858757","10","0.16983695652173914","2","177","2022-05-12T19:52:00.000Z","1652385120",
"2551","22b77d7829c68dcd","E2:1F:7B:35:CC:08","90.3954802259887","5","5.208333333333333","5","177","2022-05-12T19:53:00.000Z","1652385180",
"2551","22b77d7829c68dcd","E2:1F:7B:35:CC:08","96.045197740113","1","2.6041666666666665","11","177","2022-05-12T19:54:00.000Z","1652385240",
"2551","22b77d7829c68dcd","E2:1F:7B:35:CC:08","100","0","1.4204545454545454","23","177","2022-05-12T19:55:00.000Z","1652385300",
"2551","22b77d7829c68dcd","E2:1F:7B:35:CC:08","91.52542372881356","2","0.9191176470588235","23","177","2022-05-12T19:56:00.000Z","1652385360",
"2551","22b77d7829c68dcd","E2:1F:7B:35:CC:08","73.44632768361582","1","0.78125","8","177","2022-05-12T19:57:00.000Z","1652385420",
"2551","22b77d7829c68dcd","E2:1F:7B:35:CC:08","67.79661016949153","3","0.41118421052631576","46","177","2022-05-12T19:58:00.000Z","1652385480",
"2551","22b77d7829c68dcd","E2:1F:7B:35:CC:08","61.016949152542374","3","0.390625","8","177","2022-05-12T19:59:00.000Z","1652385540",
"2551","22b77d7829c68dcd","E2:1F:7B:35:CC:08","55.367231638418076","2","0.28935185185185186","2","177","2022-05-12T20:00:00.000Z","1652385600",
"2551","22b77d7829c68dcd","E2:1F:7B:35:CC:08","48.58757062146893","8","0.294811320754717","12","177","2022-05-12T20:01:00.000Z","1652385660",
"2551","22b77d7829c68dcd","E2:1F:7B:35:CC:08","54.23728813559322","4","0.390625","1","177","2022-05-12T20:02:00.000Z","1652385720",
"2551","22b77d7829c68dcd","E2:1F:7B:35:CC:08","44.067796610169495","2","0.2840909090909091","0","177","2022-05-12T20:03:00.000Z","1652385780",
"2551","22b77d7829c68dcd","E2:1F:7B:35:CC:08","37.28813559322034","0","0.2604166666666667","9","177","2022-05-12T20:04:00.000Z","1652385840",
"2551","22b77d7829c68dcd","E2:1F:7B:35:CC:08","38.4180790960452","7","0.3004807692307692","1","177","2022-05-12T20:05:00.000Z","1652385900",
"2551","22b77d7829c68dcd","E2:1F:7B:35:CC:08","39.548022598870055","0","0.244140625","2","177","2022-05-12T20:06:00.000Z","1652385960",
"2551","22b77d7829c68dcd","E2:1F:7B:35:CC:08","41.80790960451977","5","0.2648305084745763","8","177","2022-05-12T20:07:00.000Z","1652386020",
"2551","22b77d7829c68dcd","E2:1F:7B:35:CC:08","47.45762711864407","6","0.12703252032520326","8","177","2022-05-12T20:10:00.000Z","1652386200",
"2551","22b77d7829c68dcd","E2:1F:7B:35:CC:08","51.9774011299435","0","0.12703252032520326","14","177","2022-05-12T20:11:00.000Z","1652386260",
"2551","22b77d7829c68dcd","E2:1F:7B:35:CC:08","61.016949152542374","10","0.143348623853211","4","177","2022-05-12T20:12:00.000Z","1652386320",
"2551","22b77d7829c68dcd","E2:1F:7B:35:CC:08","61.016949152542374","9","0.16447368421052633","15","177","2022-05-12T20:13:00.000Z","1652386380",
"2551","22b77d7829c68dcd","E2:1F:7B:35:CC:08","58.75706214689266","9","0.16983695652173914","7","177","2022-05-12T20:14:00.000Z","1652386440",
"2551","22b77d7829c68dcd","E2:1F:7B:35:CC:08","46.32768361581921","5","0.1547029702970297","4","177","2022-05-12T20:15:00.000Z","1652386500",
"2551","22b77d7829c68dcd","E2:1F:7B:35:CC:08","45.19774011299435","1","0.1736111111111111","5","177","2022-05-12T20:16:00.000Z","1652386560",
"2551","22b77d7829c68dcd","E2:1F:7B:35:CC:08","44.067796610169495","3","0.20032051282051283","2","177","2022-05-12T20:17:00.000Z","1652386620",
"2551","22b77d7829c68dcd","E2:1F:7B:35:CC:08","44.067796610169495","5","0.12112403100775193","12","177","2022-05-12T20:18:00.000Z","1652386680",
"2551","22b77d7829c68dcd","E2:1F:7B:35:CC:08","45.19774011299435","0","0.1358695652173913","23","177","2022-05-12T20:22:00.000Z","1652386920",
"2551","22b77d7829c68dcd","E2:1F:7B:35:CC:08","46.32768361581921","4","0.22321428571428573","15","177","2022-05-12T20:24:00.000Z","1652387040",
"2551","22b77d7829c68dcd","E2:1F:7B:35:CC:08","49.717514124293785","9","0.08632596685082873","4","177","2022-05-12T20:25:00.000Z","1652387100",
"2551","22b77d7829c68dcd","E2:1F:7B:35:CC:08","49.717514124293785","8","0.22321428571428573","7","177","2022-05-12T20:26:00.000Z","1652387160",
"2551","22b77d7829c68dcd","E2:1F:7B:35:CC:08","61.016949152542374","7","0.41118421052631576","1","177","2022-05-12T20:27:00.000Z","1652387220",
"2551","22b77d7829c68dcd","E2:1F:7B:35:CC:08","74.57627118644068","6","0.2840909090909091","0","177","2022-05-12T20:28:00.000Z","1652387280",
"2551","22b77d7829c68dcd","E2:1F:7B:35:CC:08","100","10","0.4222972972972973","0","177","2022-05-12T20:29:00.000Z","1652387340",
"2551","22b77d7829c68dcd","E2:1F:7B:35:CC:08","100","8","0.5580357142857143","2","177","2022-05-12T20:30:00.000Z","1652387400",
"2551","22b77d7829c68dcd","E2:1F:7B:35:CC:08","100","9","0.5387931034482759","9","177","2022-05-12T20:31:00.000Z","1652387460",
"2551","22b77d7829c68dcd","E2:1F:7B:35:CC:08","100","0","0.4222972972972973","7","177","2022-05-12T20:32:00.000Z","1652387520",
"2551","22b77d7829c68dcd","E2:1F:7B:35:CC:08","100","2","0.48828125","0","177","2022-05-12T20:33:00.000Z","1652387580",
"2551","22b77d7829c68dcd","E2:1F:7B:35:CC:08","94.91525423728814","3","0.40064102564102566","1","177","2022-05-12T20:34:00.000Z","1652387640",
"2551","22b77d7829c68dcd","E2:1F:7B:35:CC:08","87.00564971751412","4","0.38109756097560976","1","177","2022-05-12T20:35:00.000Z","1652387700",
"2551","22b77d7829c68dcd","E2:1F:7B:35:CC:08","100","2","0.625","5","177","2022-05-12T20:36:00.000Z","1652387760",
"2551","22b77d7829c68dcd","E2:1F:7B:35:CC:08","100","2","0.4340277777777778","1","177","2022-05-12T20:37:00.000Z","1652387820",
"2551","22b77d7829c68dcd","E2:1F:7B:35:CC:08","100","5","0.5387931034482759","7","177","2022-05-12T20:38:00.000Z","1652387880",
"2551","22b77d7829c68dcd","E2:1F:7B:35:CC:08","100","8","1.1160714285714286","4","177","2022-05-12T20:39:00.000Z","1652387940",
"2551","22b77d7829c68dcd","E2:1F:7B:35:CC:08","100","5","1.0416666666666667","11","177","2022-05-12T20:40:00.000Z","1652388000",
"2551","22b77d7829c68dcd","E2:1F:7B:35:CC:08","100","1","0.7440476190476191","5","177","2022-05-12T20:43:00.000Z","1652388180",
"2551","22b77d7829c68dcd","E2:1F:7B:35:CC:08","100","8","0.8223684210526315","2","180","2022-05-12T20:45:00.000Z","1652388300",
"2551","22b77d7829c68dcd","E2:1F:7B:35:CC:08","100","10","1.4204545454545454","0","180","2022-05-12T20:46:00.000Z","1652388360",
"2551","22b77d7829c68dcd","E2:1F:7B:35:CC:08","100","8","1.4204545454545454","8","180","2022-05-12T20:47:00.000Z","1652388420",
"2551","22b77d7829c68dcd","E2:1F:7B:35:CC:08","100","5","1.3020833333333333","1","180","2022-05-12T20:48:00.000Z","1652388480",
"2551","22b77d7829c68dcd","E2:1F:7B:35:CC:08","100","3","1.3020833333333333","7","180","2022-05-12T20:49:00.000Z","1652388540",
"2551","22b77d7829c68dcd","E2:1F:7B:35:CC:08","100","7","1.1160714285714286","22","180","2022-05-12T20:50:00.000Z","1652388600",
"2551","22b77d7829c68dcd","E2:1F:7B:35:CC:08","100","1","0.9765625","9","180","2022-05-12T20:51:00.000Z","1652388660",
"2551","22b77d7829c68dcd","E2:1F:7B:35:CC:08","90","3","0.7102272727272727","8","180","2022-05-12T20:52:00.000Z","1652388720",
"2551","22b77d7829c68dcd","E2:1F:7B:35:CC:08","63.333333333333336","7","0.6793478260869565","1","180","2022-05-12T20:53:00.000Z","1652388780",
"2551","22b77d7829c68dcd","E2:1F:7B:35:CC:08","61.111111111111114","4","0.5387931034482759","2","180","2022-05-12T20:54:00.000Z","1652388840",
"2551","22b77d7829c68dcd","E2:1F:7B:35:CC:08","54.44444444444444","6","0.6510416666666666","1","180","2022-05-12T20:55:00.000Z","1652388900",
"2551","22b77d7829c68dcd","E2:1F:7B:35:CC:08","58.888888888888886","4","0.48828125","9","180","2022-05-12T20:56:00.000Z","1652388960",
"2551","22b77d7829c68dcd","E2:1F:7B:35:CC:08","74.44444444444444","3","0.6510416666666666","0","180","2022-05-12T20:57:00.000Z","1652389020",
"2551","22b77d7829c68dcd","E2:1F:7B:35:CC:08","63.333333333333336","3","0.6510416666666666","8","180","2022-05-12T20:58:00.000Z","1652389080",
"2551","22b77d7829c68dcd","E2:1F:7B:35:CC:08","95.55555555555556","4","0.7440476190476191","9","180","2022-05-12T20:59:00.000Z","1652389140",
"2551","22b77d7829c68dcd","E2:1F:7B:35:CC:08","67.77777777777777","3","1.0416666666666667","9","180","2022-05-12T21:00:00.000Z","1652389200",
"2551","22b77d7829c68dcd","E2:1F:7B:35:CC:08","62.22222222222222","2","0.6793478260869565","5","180","2022-05-12T21:01:00.000Z","1652389260",
"2551","22b77d7829c68dcd","E2:1F:7B:35:CC:08","100","6","0.9765625","12","180","2022-05-12T21:02:00.000Z","1652389320",
"2551","22b77d7829c68dcd","E2:1F:7B:35:CC:08","100","5","1.1160714285714286","4","180","2022-05-12T21:03:00.000Z","1652389380",
"2551","22b77d7829c68dcd","E2:1F:7B:35:CC:08","100","4","1.1160714285714286","1","180","2022-05-12T21:04:00.000Z","1652389440",
"2551","22b77d7829c68dcd","E2:1F:7B:35:CC:08","91.11111111111111","2","1.2019230769230769","1","180","2022-05-12T21:05:00.000Z","1652389500",
"2551","22b77d7829c68dcd","E2:1F:7B:35:CC:08","46.666666666666664","0","1.1160714285714286","1","180","2022-05-12T21:06:00.000Z","1652389560",
"2551","22b77d7829c68dcd","E2:1F:7B:35:CC:08","40","1","0.9765625","5","180","2022-05-12T21:07:00.000Z","1652389620",
"2551","22b77d7829c68dcd","E2:1F:7B:35:CC:08","47.77777777777778","5","1.1160714285714286","5","180","2022-05-12T21:08:00.000Z","1652389680",
"2551","22b77d7829c68dcd","E2:1F:7B:35:CC:08","76.66666666666667","6","1.4204545454545454","0","180","2022-05-12T21:09:00.000Z","1652389740",
"2551","22b77d7829c68dcd","E2:1F:7B:35:CC:08","83.33333333333333","2","1.3020833333333333","1","180","2022-05-12T21:10:00.000Z","1652389800",
"2551","22b77d7829c68dcd","E2:1F:7B:35:CC:08","53.333333333333336","0","1.2019230769230769","0","180","2022-05-12T21:11:00.000Z","1652389860",
"2551","22b77d7829c68dcd","E2:1F:7B:35:CC:08","45.55555555555556","1","0.2403846153846154","1","180","2022-05-12T21:12:00.000Z","1652389920",
"2551","22b77d7829c68dcd","E2:1F:7B:35:CC:08","81.11111111111111","12","0.25614754098360654","1","180","2022-05-12T21:13:00.000Z","1652389980",
"2551","22b77d7829c68dcd","E2:1F:7B:35:CC:08","82.22222222222223","9","0.3633720930232558","4","180","2022-05-12T21:14:00.000Z","1652390040",
"2551","22b77d7829c68dcd","E2:1F:7B:35:CC:08","88.88888888888889","7","0.38109756097560976","1","180","2022-05-12T21:15:00.000Z","1652390100",
"2551","22b77d7829c68dcd","E2:1F:7B:35:CC:08","70","10","0.7440476190476191","0","180","2022-05-12T21:16:00.000Z","1652390160",
"2551","22b77d7829c68dcd","E2:1F:7B:35:CC:08","100","7","1.2019230769230769","0","180","2022-05-12T21:17:00.000Z","1652390220",
"2551","22b77d7829c68dcd","E2:1F:7B:35:CC:08","100","4","1.1160714285714286","0","180","2022-05-12T21:18:00.000Z","1652390280",
"2551","22b77d7829c68dcd","E2:1F:7B:35:CC:08","100","3","0.9191176470588235","0","180","2022-05-12T21:19:00.000Z","1652390340",
"2551","22b77d7829c68dcd","E2:1F:7B:35:CC:08","100","5","0.6510416666666666","0","180","2022-05-12T21:20:00.000Z","1652390400",
"2551","22b77d7829c68dcd","E2:1F:7B:35:CC:08","91.11111111111111","3","0.625","1","180","2022-05-12T21:21:00.000Z","1652390460",
"2551","22b77d7829c68dcd","E2:1F:7B:35:CC:08","100","6","1.5625","2","180","2022-05-12T21:22:00.000Z","1652390520",
"2551","22b77d7829c68dcd","E2:1F:7B:35:CC:08","100","7","1.3020833333333333","0","180","2022-05-12T21:23:00.000Z","1652390580",
"2551","22b77d7829c68dcd","E2:1F:7B:35:CC:08","100","3","0.8680555555555556","0","180","2022-05-12T21:24:00.000Z","1652390640",
"2551","22b77d7829c68dcd","E2:1F:7B:35:CC:08","100","3","0.7440476190476191","0","180","2022-05-12T21:25:00.000Z","1652390700",
"2551","22b77d7829c68dcd","E2:1F:7B:35:CC:08","100","3","0.9765625","1","180","2022-05-12T21:26:00.000Z","1652390760",
"2551","22b77d7829c68dcd","E2:1F:7B:35:CC:08","100","0","0.9765625","1","180","2022-05-12T21:27:00.000Z","1652390820",
"2551","22b77d7829c68dcd","E2:1F:7B:35:CC:08","100","5","1.1160714285714286","0","180","2022-05-12T21:28:00.000Z","1652390880",
"2551","22b77d7829c68dcd","E2:1F:7B:35:CC:08","100","3","0.7440476190476191","5","180","2022-05-12T21:29:00.000Z","1652390940",
"2551","22b77d7829c68dcd","E2:1F:7B:35:CC:08","93.33333333333333","3","0.7440476190476191","1","180","2022-05-12T21:30:00.000Z","1652391000",
"2551","22b77d7829c68dcd","E2:1F:7B:35:CC:08","87.77777777777777","6","0.6793478260869565","1","180","2022-05-12T21:31:00.000Z","1652391060",
"2551","22b77d7829c68dcd","E2:1F:7B:35:CC:08","87.77777777777777","5","0.78125","1","180","2022-05-12T21:32:00.000Z","1652391120",
"2551","22b77d7829c68dcd","E2:1F:7B:35:CC:08","95.55555555555556","11","0.5580357142857143","5","180","2022-05-12T21:33:00.000Z","1652391180",
"2551","22b77d7829c68dcd","E2:1F:7B:35:CC:08","92.22222222222223","6","0.5040322580645161","9","180","2022-05-12T21:34:00.000Z","1652391240",
"2551","22b77d7829c68dcd","E2:1F:7B:35:CC:08","54.44444444444444","1","0.45955882352941174","0","180","2022-05-12T21:35:00.000Z","1652391300",
"2551","22b77d7829c68dcd","E2:1F:7B:35:CC:08","56.666666666666664","8","0.44642857142857145","1","180","2022-05-12T21:36:00.000Z","1652391360",
"2551","22b77d7829c68dcd","E2:1F:7B:35:CC:08","53.333333333333336","7","0.4340277777777778","1","180","2022-05-12T21:37:00.000Z","1652391420",
"2551","22b77d7829c68dcd","E2:1F:7B:35:CC:08","52.22222222222222","4","0.4222972972972973","0","180","2022-05-12T21:38:00.000Z","1652391480",
"2551","22b77d7829c68dcd","E2:1F:7B:35:CC:08","46.666666666666664","3","0.4340277777777778","2","180","2022-05-12T21:39:00.000Z","1652391540",
"2551","22b77d7829c68dcd","E2:1F:7B:35:CC:08","71.11111111111111","7","0.41118421052631576","0","180","2022-05-12T21:40:00.000Z","1652391600",
"2551","22b77d7829c68dcd","E2:1F:7B:35:CC:08","57.77777777777778","6","0.44642857142857145","5","180","2022-05-12T21:41:00.000Z","1652391660",
"2551","22b77d7829c68dcd","E2:1F:7B:35:CC:08","65.55555555555556","7","0.625","4","180","2022-05-12T21:42:00.000Z","1652391720",
"2551","22b77d7829c68dcd","E2:1F:7B:35:CC:08","98.88888888888889","4","0.6510416666666666","1","180","2022-05-12T21:43:00.000Z","1652391780",
"2551","22b77d7829c68dcd","E2:1F:7B:35:CC:08","92.22222222222223","4","0.625","1","180","2022-05-12T21:44:00.000Z","1652391840",
"2551","22b77d7829c68dcd","E2:1F:7B:35:CC:08","100","3","0.6793478260869565","7","180","2022-05-12T21:45:00.000Z","1652391900",
"2551","22b77d7829c68dcd","E2:1F:7B:35:CC:08","98.88888888888889","0","0.7440476190476191","4","180","2022-05-12T21:46:00.000Z","1652391960",
"2551","22b77d7829c68dcd","E2:1F:7B:35:CC:08","91.11111111111111","0","0.6793478260869565","19","180","2022-05-12T21:47:00.000Z","1652392020",
"2551","22b77d7829c68dcd","E2:1F:7B:35:CC:08","88.88888888888889","0","0.6793478260869565","11","180","2022-05-12T21:48:00.000Z","1652392080",
"2551","22b77d7829c68dcd","E2:1F:7B:35:CC:08","77.77777777777777","2","0.8223684210526315","2","180","2022-05-12T21:49:00.000Z","1652392140",
"2551","22b77d7829c68dcd","E2:1F:7B:35:CC:08","98.88888888888889","3","0.4734848484848485","1","180","2022-05-12T21:50:00.000Z","1652392200",
"2551","22b77d7829c68dcd","E2:1F:7B:35:CC:08","88.88888888888889","2","0.2741228070175439","2","180","2022-05-12T21:51:00.000Z","1652392260",
"2551","22b77d7829c68dcd","E2:1F:7B:35:CC:08","81.11111111111111","9","0.244140625","2","180","2022-05-12T21:52:00.000Z","1652392320",
"2551","22b77d7829c68dcd","E2:1F:7B:35:CC:08","76.66666666666667","12","0.16622340425531915","0","180","2022-05-12T21:53:00.000Z","1652392380",
"2551","22b77d7829c68dcd","E2:1F:7B:35:CC:08","75.55555555555556","8","0.1736111111111111","1","180","2022-05-12T21:54:00.000Z","1652392440",
"2551","22b77d7829c68dcd","E2:1F:7B:35:CC:08","81.11111111111111","7","0.25614754098360654","0","180","2022-05-12T21:55:00.000Z","1652392500",
"2551","22b77d7829c68dcd","E2:1F:7B:35:CC:08","74.44444444444444","6","0.2604166666666667","1","180","2022-05-12T21:56:00.000Z","1652392560",
"2551","22b77d7829c68dcd","E2:1F:7B:35:CC:08","75.55555555555556","2","0.23674242424242425","4","180","2022-05-12T21:57:00.000Z","1652392620",
"2551","22b77d7829c68dcd","E2:1F:7B:35:CC:08","70","4","0.2648305084745763","1","180","2022-05-12T21:58:00.000Z","1652392680",
"2551","22b77d7829c68dcd","E2:1F:7B:35:CC:08","71.11111111111111","7","0.28935185185185186","1","180","2022-05-12T21:59:00.000Z","1652392740",
"2551","22b77d7829c68dcd","E2:1F:7B:35:CC:08","64.44444444444444","3","0.294811320754717","0","180","2022-05-12T22:00:00.000Z","1652392800",
"2551","22b77d7829c68dcd","E2:1F:7B:35:CC:08","83.33333333333333","8","0.5387931034482759","0","180","2022-05-12T22:01:00.000Z","1652392860",
"2551","22b77d7829c68dcd","E2:1F:7B:35:CC:08","96.66666666666667","4","0.44642857142857145","0","180","2022-05-12T22:02:00.000Z","1652392920",
"2551","22b77d7829c68dcd","E2:1F:7B:35:CC:08","100","0","0.35511363636363635","0","180","2022-05-12T22:03:00.000Z","1652392980",
"2551","22b77d7829c68dcd","E2:1F:7B:35:CC:08","100","7","0.48828125","4","180","2022-05-12T22:04:00.000Z","1652393040",
"2551","22b77d7829c68dcd","E2:1F:7B:35:CC:08","97.77777777777777","6","0.4734848484848485","8","180","2022-05-12T22:05:00.000Z","1652393100",
"2551","22b77d7829c68dcd","E2:1F:7B:35:CC:08","95.55555555555556","1","0.5387931034482759","8","180","2022-05-12T22:06:00.000Z","1652393160",
"2551","22b77d7829c68dcd","E2:1F:7B:35:CC:08","96.66666666666667","0","0.4734848484848485","11","180","2022-05-12T22:07:00.000Z","1652393220",
"2551","22b77d7829c68dcd","E2:1F:7B:35:CC:08","90","3","0.4734848484848485","9","180","2022-05-12T22:08:00.000Z","1652393280",
"2551","22b77d7829c68dcd","E2:1F:7B:35:CC:08","66.66666666666667","6","0.5787037037037037","4","180","2022-05-12T22:09:00.000Z","1652393340",
"2551","22b77d7829c68dcd","E2:1F:7B:35:CC:08","75.55555555555556","5","0.5040322580645161","0","180","2022-05-12T22:10:00.000Z","1652393400",
"2551","22b77d7829c68dcd","E2:1F:7B:35:CC:08","84.44444444444444","4","0.5387931034482759","16","180","2022-05-12T22:11:00.000Z","1652393460",
"2551","22b77d7829c68dcd","E2:1F:7B:35:CC:08","81.11111111111111","9","0.6793478260869565","1","180","2022-05-12T22:12:00.000Z","1652393520",
"2551","22b77d7829c68dcd","E2:1F:7B:35:CC:08","76.66666666666667","8","0.3324468085106383","1","180","2022-05-12T22:13:00.000Z","1652393580",
"2551","22b77d7829c68dcd","E2:1F:7B:35:CC:08","72.22222222222223","7","0.5580357142857143","0","180","2022-05-12T22:14:00.000Z","1652393640",
"2551","22b77d7829c68dcd","E2:1F:7B:35:CC:08","80","7","0.44642857142857145","8","180","2022-05-12T22:15:00.000Z","1652393700",
"2551","22b77d7829c68dcd","E2:1F:7B:35:CC:08","100","5","1.1160714285714286","1","180","2022-05-12T22:16:00.000Z","1652393760",
"2551","22b77d7829c68dcd","E2:1F:7B:35:CC:08","100","4","0.8680555555555556","0","180","2022-05-12T22:17:00.000Z","1652393820",
"2551","22b77d7829c68dcd","E2:1F:7B:35:CC:08","100","3","0.625","0","180","2022-05-12T22:18:00.000Z","1652393880",
"2551","22b77d7829c68dcd","E2:1F:7B:35:CC:08","75.55555555555556","0","0.44642857142857145","2","180","2022-05-12T22:19:00.000Z","1652393940",
"2551","22b77d7829c68dcd","E2:1F:7B:35:CC:08","64.44444444444444","4","0.5208333333333334","0","180","2022-05-12T22:20:00.000Z","1652394000",
"2551","22b77d7829c68dcd","E2:1F:7B:35:CC:08","64.44444444444444","5","0.4340277777777778","2","180","2022-05-12T22:21:00.000Z","1652394060",
"2551","22b77d7829c68dcd","E2:1F:7B:35:CC:08","64.44444444444444","7","0.40064102564102566","0","180","2022-05-12T22:22:00.000Z","1652394120",
"2551","22b77d7829c68dcd","E2:1F:7B:35:CC:08","72.22222222222223","4","0.390625","5","180","2022-05-12T22:23:00.000Z","1652394180",
"2551","22b77d7829c68dcd","E2:1F:7B:35:CC:08","72.22222222222223","8","0.40064102564102566","1","180","2022-05-12T22:24:00.000Z","1652394240",
"2551","22b77d7829c68dcd","E2:1F:7B:35:CC:08","73.33333333333333","9","0.35511363636363635","1","180","2022-05-12T22:25:00.000Z","1652394300",
"2551","22b77d7829c68dcd","E2:1F:7B:35:CC:08","100","9","0.6793478260869565","1","180","2022-05-12T22:26:00.000Z","1652394360",
"2551","22b77d7829c68dcd","E2:1F:7B:35:CC:08","100","0","0.20559210526315788","9","180","2022-05-12T22:27:00.000Z","1652394420",
"2551","22b77d7829c68dcd","E2:1F:7B:35:CC:08","100","6","0.2170138888888889","5","180","2022-05-12T22:28:00.000Z","1652394480",
"2551","22b77d7829c68dcd","E2:1F:7B:35:CC:08","100","13","0.31887755102040816","1","180","2022-05-12T22:29:00.000Z","1652394540",
"2551","22b77d7829c68dcd","E2:1F:7B:35:CC:08","97.77777777777777","10","0.27901785714285715","1","180","2022-05-12T22:30:00.000Z","1652394600",
"2551","22b77d7829c68dcd","E2:1F:7B:35:CC:08","92.22222222222223","11","0.26939655172413796","2","180","2022-05-12T22:31:00.000Z","1652394660",
"2551","22b77d7829c68dcd","E2:1F:7B:35:CC:08","80","3","0.24801587301587302","0","180","2022-05-12T22:32:00.000Z","1652394720",
"2551","22b77d7829c68dcd","E2:1F:7B:35:CC:08","65.55555555555556","9","0.19054878048780488","0","180","2022-05-12T22:33:00.000Z","1652394780",
"2551","22b77d7829c68dcd","E2:1F:7B:35:CC:08","62.22222222222222","6","0.23674242424242425","0","180","2022-05-12T22:34:00.000Z","1652394840",
"2551","22b77d7829c68dcd","E2:1F:7B:35:CC:08","58.888888888888886","3","0.23674242424242425","0","180","2022-05-12T22:35:00.000Z","1652394900",
"2551","22b77d7829c68dcd","E2:1F:7B:35:CC:08","57.77777777777778","5","0.21404109589041095","0","180","2022-05-12T22:36:00.000Z","1652394960",
"2551","22b77d7829c68dcd","E2:1F:7B:35:CC:08","62.22222222222222","2","0.2170138888888889","0","180","2022-05-12T22:37:00.000Z","1652395020",
"2551","22b77d7829c68dcd","E2:1F:7B:35:CC:08","66.66666666666667","5","0.21114864864864866","0","180","2022-05-12T22:38:00.000Z","1652395080",
"2551","22b77d7829c68dcd","E2:1F:7B:35:CC:08","66.66666666666667","8","0.22321428571428573","0","180","2022-05-12T22:39:00.000Z","1652395140",
"2551","22b77d7829c68dcd","E2:1F:7B:35:CC:08","64.44444444444444","0","0.25201612903225806","1","180","2022-05-12T22:40:00.000Z","1652395200",
"2551","22b77d7829c68dcd","E2:1F:7B:35:CC:08","62.22222222222222","7","0.35511363636363635","0","180","2022-05-12T22:41:00.000Z","1652395260",
"2551","22b77d7829c68dcd","E2:1F:7B:35:CC:08","67.77777777777777","2","0.2840909090909091","2","180","2022-05-12T22:42:00.000Z","1652395320",
"2551","22b77d7829c68dcd","E2:1F:7B:35:CC:08","58.888888888888886","2","0.2403846153846154","0","180","2022-05-12T22:43:00.000Z","1652395380",
"2551","22b77d7829c68dcd","E2:1F:7B:35:CC:08","50","2","0.2604166666666667","0","180","2022-05-12T22:44:00.000Z","1652395440",
"2551","22b77d7829c68dcd","E2:1F:7B:35:CC:08","53.333333333333336","2","0.2170138888888889","1","180","2022-05-12T22:45:00.000Z","1652395500",
"2551","22b77d7829c68dcd","E2:1F:7B:35:CC:08","57.77777777777778","10","0.2403846153846154","1","180","2022-05-12T22:46:00.000Z","1652395560",
"2551","22b77d7829c68dcd","E2:1F:7B:35:CC:08","75.55555555555556","6","0.22321428571428573","1","180","2022-05-12T22:47:00.000Z","1652395620",
"2551","22b77d7829c68dcd","E2:1F:7B:35:CC:08","100","6","0.13130252100840337","0","180","2022-05-12T22:48:00.000Z","1652395680",
"2551","22b77d7829c68dcd","E2:1F:7B:35:CC:08","100","9","0.244140625","2","180","2022-05-12T22:49:00.000Z","1652395740",
"2551","22b77d7829c68dcd","E2:1F:7B:35:CC:08","95.55555555555556","8","0.18382352941176472","0","180","2022-05-12T22:52:00.000Z","1652395920",
"2551","22b77d7829c68dcd","E2:1F:7B:35:CC:08","98.88888888888889","5","0.15169902912621358","2","180","2022-05-12T22:53:00.000Z","1652395980",
"2551","22b77d7829c68dcd","E2:1F:7B:35:CC:08","100","8","0.4734848484848485","0","180","2022-05-12T22:56:00.000Z","1652396160",
"2551","22b77d7829c68dcd","E2:1F:7B:35:CC:08","100","11","0.25614754098360654","0","180","2022-05-12T22:57:00.000Z","1652396220",
"2551","22b77d7829c68dcd","E2:1F:7B:35:CC:08","100","8","0.5040322580645161","0","180","2022-05-12T22:58:00.000Z","1652396280",
"2551","22b77d7829c68dcd","E2:1F:7B:35:CC:08","93.33333333333333","8","0.5787037037037037","1","180","2022-05-12T22:59:00.000Z","1652396340",
"2551","22b77d7829c68dcd","E2:1F:7B:35:CC:08","76.66666666666667","8","0.6009615384615384","0","180","2022-05-12T23:00:00.000Z","1652396400",
"2551","22b77d7829c68dcd","E2:1F:7B:35:CC:08","41.111111111111114","0","0.7102272727272727","0","180","2022-05-12T23:01:00.000Z","1652396460",
"2551","22b77d7829c68dcd","E2:1F:7B:35:CC:08","38.888888888888886","3","0.7440476190476191","0","180","2022-05-12T23:02:00.000Z","1652396520",
"2551","22b77d7829c68dcd","E2:1F:7B:35:CC:08","40","2","0.7440476190476191","0","180","2022-05-12T23:03:00.000Z","1652396580",
"2551","22b77d7829c68dcd","E2:1F:7B:35:CC:08","20","0","0.78125","0","180","2022-05-12T23:04:00.000Z","1652396640",
"2551","22b77d7829c68dcd","E2:1F:7B:35:CC:08","8.88888888888889","0","0.7102272727272727","0","180","2022-05-12T23:05:00.000Z","1652396700",
"2551","22b77d7829c68dcd","E2:1F:7B:35:CC:08","20","4","0.8680555555555556","0","180","2022-05-12T23:06:00.000Z","1652396760",
"2551","22b77d7829c68dcd","E2:1F:7B:35:CC:08","28.88888888888889","1","0.8223684210526315","0","180","2022-05-12T23:07:00.000Z","1652396820",
"2551","22b77d7829c68dcd","E2:1F:7B:35:CC:08","53.333333333333336","9","0.9191176470588235","22","180","2022-05-12T23:08:00.000Z","1652396880",
"2551","22b77d7829c68dcd","E2:1F:7B:35:CC:08","62.22222222222222","8","0.7440476190476191","0","180","2022-05-12T23:09:00.000Z","1652396940",
"2551","22b77d7829c68dcd","E2:1F:7B:35:CC:08","100","11","1.2019230769230769","26","180","2022-05-12T23:10:00.000Z","1652397000",
"2551","22b77d7829c68dcd","E2:1F:7B:35:CC:08","72.22222222222223","0","1.2019230769230769","0","180","2022-05-12T23:11:00.000Z","1652397060",
"2551","22b77d7829c68dcd","E2:1F:7B:35:CC:08","100","4","0.33967391304347827","5","180","2022-05-12T23:14:00.000Z","1652397240",
"2551","22b77d7829c68dcd","E2:1F:7B:35:CC:08","100","4","0.45955882352941174","8","180","2022-05-12T23:15:00.000Z","1652397300",
"2551","22b77d7829c68dcd","E2:1F:7B:35:CC:08","100","5","0.5387931034482759","0","180","2022-05-12T23:16:00.000Z","1652397360",
"2551","22b77d7829c68dcd","E2:1F:7B:35:CC:08","81.11111111111111","4","0.41118421052631576","2","180","2022-05-12T23:17:00.000Z","1652397420",
"2551","22b77d7829c68dcd","E2:1F:7B:35:CC:08","66.66666666666667","5","0.5040322580645161","0","180","2022-05-12T23:18:00.000Z","1652397480",
"2551","22b77d7829c68dcd","E2:1F:7B:35:CC:08","51.111111111111114","2","0.5387931034482759","0","180","2022-05-12T23:19:00.000Z","1652397540",
"2551","22b77d7829c68dcd","E2:1F:7B:35:CC:08","18.88888888888889","0","0.5580357142857143","0","180","2022-05-12T23:20:00.000Z","1652397600",
"2551","22b77d7829c68dcd","E2:1F:7B:35:CC:08","8.88888888888889","0","0.6009615384615384","0","180","2022-05-12T23:21:00.000Z","1652397660",
"2551","22b77d7829c68dcd","E2:1F:7B:35:CC:08","14.444444444444445","0","0.6510416666666666","0","180","2022-05-12T23:22:00.000Z","1652397720",
"2551","22b77d7829c68dcd","E2:1F:7B:35:CC:08","5.555555555555555","0","0.6510416666666666","0","180","2022-05-12T23:23:00.000Z","1652397780",
"2551","22b77d7829c68dcd","E2:1F:7B:35:CC:08","3.3333333333333335","0","0.6510416666666666","0","180","2022-05-12T23:24:00.000Z","1652397840",
"2551","22b77d7829c68dcd","E2:1F:7B:35:CC:08","3.3333333333333335","0","0.6510416666666666","0","180","2022-05-12T23:25:00.000Z","1652397900",
"2551","22b77d7829c68dcd","E2:1F:7B:35:CC:08","3.3333333333333335","0","0.6510416666666666","0","180","2022-05-12T23:26:00.000Z","1652397960",
"2551","22b77d7829c68dcd","E2:1F:7B:35:CC:08","3.3333333333333335","0","0.6510416666666666","0","180","2022-05-12T23:27:00.000Z","1652398020",
"2551","22b77d7829c68dcd","E2:1F:7B:35:CC:08","3.3333333333333335","0","0.6510416666666666","0","180","2022-05-12T23:28:00.000Z","1652398080",
"2551","22b77d7829c68dcd","E2:1F:7B:35:CC:08","4.444444444444445","0","0.6510416666666666","0","180","2022-05-12T23:29:00.000Z","1652398140",
"2551","22b77d7829c68dcd","E2:1F:7B:35:CC:08","4.444444444444445","0","0.6510416666666666","0","180","2022-05-12T23:30:00.000Z","1652398200",
"2551","22b77d7829c68dcd","E2:1F:7B:35:CC:08","3.3333333333333335","0","0.6510416666666666","0","180","2022-05-12T23:31:00.000Z","1652398260",
"2551","22b77d7829c68dcd","E2:1F:7B:35:CC:08","3.3333333333333335","0","0.6510416666666666","0","180","2022-05-12T23:32:00.000Z","1652398320",
"2551","22b77d7829c68dcd","E2:1F:7B:35:CC:08","4.444444444444445","0","0.6510416666666666","0","180","2022-05-12T23:33:00.000Z","1652398380",
"2551","22b77d7829c68dcd","E2:1F:7B:35:CC:08","4.444444444444445","0","0.625","0","180","2022-05-12T23:34:00.000Z","1652398440",
"2551","22b77d7829c68dcd","E2:1F:7B:35:CC:08","4.444444444444445","0","0.625","0","180","2022-05-12T23:35:00.000Z","1652398500",
"2551","22b77d7829c68dcd","E2:1F:7B:35:CC:08","4.444444444444445","0","0.625","0","180","2022-05-12T23:36:00.000Z","1652398560",
"2551","22b77d7829c68dcd","E2:1F:7B:35:CC:08","4.444444444444445","0","0.625","0","180","2022-05-12T23:37:00.000Z","1652398620",
"2551","22b77d7829c68dcd","E2:1F:7B:35:CC:08","3.3333333333333335","0","0.625","0","180","2022-05-12T23:38:00.000Z","1652398680",
"2551","22b77d7829c68dcd","E2:1F:7B:35:CC:08","4.444444444444445","0","0.625","0","180","2022-05-12T23:39:00.000Z","1652398740",
"2551","22b77d7829c68dcd","E2:1F:7B:35:CC:08","3.3333333333333335","0","0.625","0","180","2022-05-12T23:40:00.000Z","1652398800",
"2551","22b77d7829c68dcd","E2:1F:7B:35:CC:08","3.3333333333333335","0","0.625","0","180","2022-05-12T23:41:00.000Z","1652398860",
"2551","22b77d7829c68dcd","E2:1F:7B:35:CC:08","3.3333333333333335","0","0.625","0","180","2022-05-12T23:42:00.000Z","1652398920",
"2551","22b77d7829c68dcd","E2:1F:7B:35:CC:08","3.3333333333333335","0","0.6009615384615384","0","180","2022-05-12T23:43:00.000Z","1652398980",
"2551","22b77d7829c68dcd","E2:1F:7B:35:CC:08","3.3333333333333335","0","0.6009615384615384","0","180","2022-05-12T23:44:00.000Z","1652399040",
"2551","22b77d7829c68dcd","E2:1F:7B:35:CC:08","7.777777777777778","2","0.16108247422680413","0","180","2022-05-12T23:45:00.000Z","1652399100",
"2551","22b77d7829c68dcd","E2:1F:7B:35:CC:08","32.22222222222222","1","0.19054878048780488","0","180","2022-05-12T23:46:00.000Z","1652399160",
"2551","22b77d7829c68dcd","E2:1F:7B:35:CC:08","23.333333333333332","0","0.22007042253521128","0","180","2022-05-12T23:47:00.000Z","1652399220",
"2551","22b77d7829c68dcd","E2:1F:7B:35:CC:08","51.111111111111114","5","0.2648305084745763","0","180","2022-05-12T23:48:00.000Z","1652399280",
"2551","22b77d7829c68dcd","E2:1F:7B:35:CC:08","48.888888888888886","7","0.31887755102040816","0","180","2022-05-12T23:49:00.000Z","1652399340",
"2551","22b77d7829c68dcd","E2:1F:7B:35:CC:08","43.333333333333336","6","0.3472222222222222","0","180","2022-05-12T23:50:00.000Z","1652399400",
"2551","22b77d7829c68dcd","E2:1F:7B:35:CC:08","44.44444444444444","7","0.4222972972972973","0","180","2022-05-12T23:51:00.000Z","1652399460",
"2551","22b77d7829c68dcd","E2:1F:7B:35:CC:08","47.77777777777778","3","0.40064102564102566","0","180","2022-05-12T23:52:00.000Z","1652399520",
"2551","22b77d7829c68dcd","E2:1F:7B:35:CC:08","28.88888888888889","0","0.40064102564102566","0","180","2022-05-12T23:53:00.000Z","1652399580",
"2551","22b77d7829c68dcd","E2:1F:7B:35:CC:08","20","1","0.4222972972972973","0","180","2022-05-12T23:54:00.000Z","1652399640",
"2551","22b77d7829c68dcd","E2:1F:7B:35:CC:08","33.333333333333336","3","0.44642857142857145","0","180","2022-05-12T23:55:00.000Z","1652399700",
"2551","22b77d7829c68dcd","E2:1F:7B:35:CC:08","40","1","0.4340277777777778","0","180","2022-05-12T23:56:00.000Z","1652399760",
"2551","22b77d7829c68dcd","E2:1F:7B:35:CC:08","43.333333333333336","8","0.5208333333333334","0","180","2022-05-12T23:57:00.000Z","1652399820",
"2551","22b77d7829c68dcd","E2:1F:7B:35:CC:08","44.44444444444444","2","0.5208333333333334","0","180","2022-05-12T23:58:00.000Z","1652399880",
"2551","22b77d7829c68dcd","E2:1F:7B:35:CC:08","44.44444444444444","4","0.5208333333333334","0","180","2022-05-12T23:59:00.000Z","1652399940",
"2551","22b77d7829c68dcd","E2:1F:7B:35:CC:08","58.888888888888886","6","0.6009615384615384","0","180","2022-05-13T00:00:00.000Z","1652400000",
"2551","22b77d7829c68dcd","E2:1F:7B:35:CC:08","64.44444444444444","5","0.6510416666666666","0","180","2022-05-13T00:01:00.000Z","1652400060",
"2551","22b77d7829c68dcd","E2:1F:7B:35:CC:08","75.55555555555556","6","0.7102272727272727","0","180","2022-05-13T00:02:00.000Z","1652400120",
"2551","22b77d7829c68dcd","E2:1F:7B:35:CC:08","56.666666666666664","3","0.7102272727272727","0","180","2022-05-13T00:03:00.000Z","1652400180",
"2551","22b77d7829c68dcd","E2:1F:7B:35:CC:08","57.77777777777778","7","0.7440476190476191","0","180","2022-05-13T00:04:00.000Z","1652400240",
"2551","22b77d7829c68dcd","E2:1F:7B:35:CC:08","56.666666666666664","2","0.6793478260869565","0","180","2022-05-13T00:05:00.000Z","1652400300",
"2551","22b77d7829c68dcd","E2:1F:7B:35:CC:08","52.22222222222222","5","0.6793478260869565","0","180","2022-05-13T00:06:00.000Z","1652400360",
"2551","22b77d7829c68dcd","E2:1F:7B:35:CC:08","63.333333333333336","3","0.7440476190476191","0","180","2022-05-13T00:07:00.000Z","1652400420",
"2551","22b77d7829c68dcd","E2:1F:7B:35:CC:08","71.11111111111111","6","0.8223684210526315","0","180","2022-05-13T00:08:00.000Z","1652400480",
"2551","22b77d7829c68dcd","E2:1F:7B:35:CC:08","71.11111111111111","6","0.8680555555555556","0","180","2022-05-13T00:09:00.000Z","1652400540",
"2551","22b77d7829c68dcd","E2:1F:7B:35:CC:08","76.66666666666667","8","0.9765625","0","180","2022-05-13T00:10:00.000Z","1652400600",
"2551","22b77d7829c68dcd","E2:1F:7B:35:CC:08","77.77777777777777","1","0.8680555555555556","0","180","2022-05-13T00:11:00.000Z","1652400660",
"2551","22b77d7829c68dcd","E2:1F:7B:35:CC:08","72.22222222222223","4","0.9191176470588235","0","180","2022-05-13T00:12:00.000Z","1652400720",
"2551","22b77d7829c68dcd","E2:1F:7B:35:CC:08","61.111111111111114","3","0.8680555555555556","0","180","2022-05-13T00:13:00.000Z","1652400780",
"2551","22b77d7829c68dcd","E2:1F:7B:35:CC:08","55.55555555555556","4","0.9191176470588235","0","180","2022-05-13T00:14:00.000Z","1652400840",
"2551","22b77d7829c68dcd","E2:1F:7B:35:CC:08","55.55555555555556","3","0.8680555555555556","0","180","2022-05-13T00:15:00.000Z","1652400900",
"2551","22b77d7829c68dcd","E2:1F:7B:35:CC:08","65.55555555555556","6","0.9765625","0","180","2022-05-13T00:16:00.000Z","1652400960",
"2551","22b77d7829c68dcd","E2:1F:7B:35:CC:08","83.33333333333333","5","0.8223684210526315","0","180","2022-05-13T00:17:00.000Z","1652401020",
"2551","22b77d7829c68dcd","E2:1F:7B:35:CC:08","85.55555555555556","5","0.40064102564102566","0","180","2022-05-13T00:18:00.000Z","1652401080",
"2551","22b77d7829c68dcd","E2:1F:7B:35:CC:08","100","8","0.6009615384615384","0","180","2022-05-13T00:19:00.000Z","1652401140",
"2551","22b77d7829c68dcd","E2:1F:7B:35:CC:08","88.88888888888889","5","0.6009615384615384","0","180","2022-05-13T00:20:00.000Z","1652401200",
"2551","22b77d7829c68dcd","E2:1F:7B:35:CC:08","65.55555555555556","4","0.625","0","180","2022-05-13T00:21:00.000Z","1652401260",
"2551","22b77d7829c68dcd","E2:1F:7B:35:CC:08","61.111111111111114","6","0.6793478260869565","0","180","2022-05-13T00:22:00.000Z","1652401320",
"2551","22b77d7829c68dcd","E2:1F:7B:35:CC:08","56.666666666666664","0","0.5387931034482759","0","180","2022-05-13T00:23:00.000Z","1652401380",
"2551","22b77d7829c68dcd","E2:1F:7B:35:CC:08","38.888888888888886","0","0.48828125","0","180","2022-05-13T00:24:00.000Z","1652401440",
"2551","22b77d7829c68dcd","E2:1F:7B:35:CC:08","23.333333333333332","0","0.45955882352941174","0","180","2022-05-13T00:25:00.000Z","1652401500",
"2551","22b77d7829c68dcd","E2:1F:7B:35:CC:08","15.555555555555555","0","0.44642857142857145","0","180","2022-05-13T00:26:00.000Z","1652401560",
"2551","22b77d7829c68dcd","E2:1F:7B:35:CC:08","11.11111111111111","0","0.4340277777777778","0","180","2022-05-13T00:27:00.000Z","1652401620",
"2551","22b77d7829c68dcd","E2:1F:7B:35:CC:08","15.555555555555555","0","0.4222972972972973","0","180","2022-05-13T00:28:00.000Z","1652401680",
"2551","22b77d7829c68dcd","E2:1F:7B:35:CC:08","14.444444444444445","0","0.41118421052631576","0","180","2022-05-13T00:29:00.000Z","1652401740",
"2551","22b77d7829c68dcd","E2:1F:7B:35:CC:08","7.777777777777778","0","0.41118421052631576","0","180","2022-05-13T00:30:00.000Z","1652401800",
"2551","22b77d7829c68dcd","E2:1F:7B:35:CC:08","7.777777777777778","0","0.40064102564102566","0","180","2022-05-13T00:31:00.000Z","1652401860",
"2551","22b77d7829c68dcd","E2:1F:7B:35:CC:08","7.777777777777778","0","0.2648305084745763","0","180","2022-05-13T00:32:00.000Z","1652401920",
"2551","22b77d7829c68dcd","E2:1F:7B:35:CC:08","6.666666666666667","0","0.2741228070175439","0","180","2022-05-13T00:33:00.000Z","1652401980",
"2551","22b77d7829c68dcd","E2:1F:7B:35:CC:08","7.777777777777778","0","0.2840909090909091","0","180","2022-05-13T00:34:00.000Z","1652402040",
"2551","22b77d7829c68dcd","E2:1F:7B:35:CC:08","5.555555555555555","0","0.2840909090909091","0","180","2022-05-13T00:35:00.000Z","1652402100",
"2551","22b77d7829c68dcd","E2:1F:7B:35:CC:08","10","0","0.3004807692307692","0","180","2022-05-13T00:36:00.000Z","1652402160",
"2551","22b77d7829c68dcd","E2:1F:7B:35:CC:08","12.222222222222221","0","0.294811320754717","0","180","2022-05-13T00:37:00.000Z","1652402220",
"2551","22b77d7829c68dcd","E2:1F:7B:35:CC:08","15.555555555555555","0","0.31887755102040816","0","180","2022-05-13T00:38:00.000Z","1652402280",
"2551","22b77d7829c68dcd","E2:1F:7B:35:CC:08","10","0","0.3324468085106383","0","180","2022-05-13T00:39:00.000Z","1652402340",
"2551","22b77d7829c68dcd","E2:1F:7B:35:CC:08","11.11111111111111","0","0.35511363636363635","0","180","2022-05-13T00:40:00.000Z","1652402400",
"2551","22b77d7829c68dcd","E2:1F:7B:35:CC:08","25.555555555555557","0","0.390625","0","180","2022-05-13T00:41:00.000Z","1652402460",
"2551","22b77d7829c68dcd","E2:1F:7B:35:CC:08","51.111111111111114","10","0.45955882352941174","0","180","2022-05-13T00:42:00.000Z","1652402520",
"2551","22b77d7829c68dcd","E2:1F:7B:35:CC:08","46.666666666666664","4","0.5040322580645161","0","180","2022-05-13T00:43:00.000Z","1652402580",
"2551","22b77d7829c68dcd","E2:1F:7B:35:CC:08","26.666666666666668","3","0.5208333333333334","0","180","2022-05-13T00:44:00.000Z","1652402640",
"2551","22b77d7829c68dcd","E2:1F:7B:35:CC:08","17.77777777777778","0","0.5208333333333334","0","180","2022-05-13T00:45:00.000Z","1652402700",
"2551","22b77d7829c68dcd","E2:1F:7B:35:CC:08","13.333333333333334","0","0.5208333333333334","0","180","2022-05-13T00:46:00.000Z","1652402760",
"2551","22b77d7829c68dcd","E2:1F:7B:35:CC:08","11.11111111111111","0","0.5040322580645161","0","180","2022-05-13T00:47:00.000Z","1652402820",
"2551","22b77d7829c68dcd","E2:1F:7B:35:CC:08","7.777777777777778","0","0.48828125","0","180","2022-05-13T00:48:00.000Z","1652402880",
"2551","22b77d7829c68dcd","E2:1F:7B:35:CC:08","7.777777777777778","0","0.48828125","0","180","2022-05-13T00:49:00.000Z","1652402940",
"2551","22b77d7829c68dcd","E2:1F:7B:35:CC:08","6.666666666666667","0","0.4734848484848485","0","180","2022-05-13T00:50:00.000Z","1652403000",
"2551","22b77d7829c68dcd","E2:1F:7B:35:CC:08","4.444444444444445","0","0.4734848484848485","0","180","2022-05-13T00:51:00.000Z","1652403060",
"2551","22b77d7829c68dcd","E2:1F:7B:35:CC:08","4.444444444444445","0","0.4734848484848485","0","180","2022-05-13T00:52:00.000Z","1652403120",
"2551","22b77d7829c68dcd","E2:1F:7B:35:CC:08","4.444444444444445","0","0.48828125","0","180","2022-05-13T00:53:00.000Z","1652403180",
"2551","22b77d7829c68dcd","E2:1F:7B:35:CC:08","11.11111111111111","2","0.5040322580645161","0","180","2022-05-13T00:54:00.000Z","1652403240",
"2551","22b77d7829c68dcd","E2:1F:7B:35:CC:08","12.222222222222221","1","0.5040322580645161","0","180","2022-05-13T00:55:00.000Z","1652403300",
"2551","22b77d7829c68dcd","E2:1F:7B:35:CC:08","11.11111111111111","0","0.5208333333333334","0","180","2022-05-13T00:56:00.000Z","1652403360",
"2551","22b77d7829c68dcd","E2:1F:7B:35:CC:08","22.22222222222222","3","0.5387931034482759","0","180","2022-05-13T00:57:00.000Z","1652403420",
"2551","22b77d7829c68dcd","E2:1F:7B:35:CC:08","22.22222222222222","0","0.5580357142857143","0","180","2022-05-13T00:58:00.000Z","1652403480",
"2551","22b77d7829c68dcd","E2:1F:7B:35:CC:08","23.333333333333332","5","0.5580357142857143","0","180","2022-05-13T00:59:00.000Z","1652403540",
"2551","22b77d7829c68dcd","E2:1F:7B:35:CC:08","24.444444444444443","3","0.5787037037037037","0","180","2022-05-13T01:00:00.000Z","1652403600",
"2551","22b77d7829c68dcd","E2:1F:7B:35:CC:08","33.333333333333336","4","0.625","0","180","2022-05-13T01:01:00.000Z","1652403660",
"2551","22b77d7829c68dcd","E2:1F:7B:35:CC:08","40","8","0.7102272727272727","0","180","2022-05-13T01:02:00.000Z","1652403720",
"2551","22b77d7829c68dcd","E2:1F:7B:35:CC:08","45.55555555555556","6","0.8223684210526315","0","180","2022-05-13T01:03:00.000Z","1652403780",
"2551","22b77d7829c68dcd","E2:1F:7B:35:CC:08","57.77777777777778","6","0.9191176470588235","0","180","2022-05-13T01:04:00.000Z","1652403840",
"2551","22b77d7829c68dcd","E2:1F:7B:35:CC:08","65.55555555555556","4","0.9191176470588235","0","180","2022-05-13T01:05:00.000Z","1652403900",
"2551","22b77d7829c68dcd","E2:1F:7B:35:CC:08","64.44444444444444","3","0.9765625","0","180","2022-05-13T01:06:00.000Z","1652403960",
"2551","22b77d7829c68dcd","E2:1F:7B:35:CC:08","57.77777777777778","8","1.0416666666666667","0","180","2022-05-13T01:07:00.000Z","1652404020",
"2551","22b77d7829c68dcd","E2:1F:7B:35:CC:08","64.44444444444444","6","1.1160714285714286","0","180","2022-05-13T01:08:00.000Z","1652404080",
"2551","22b77d7829c68dcd","E2:1F:7B:35:CC:08","71.11111111111111","6","1.2019230769230769","0","180","2022-05-13T01:09:00.000Z","1652404140",
"2551","22b77d7829c68dcd","E2:1F:7B:35:CC:08","68.88888888888889","3","1.2019230769230769","0","180","2022-05-13T01:10:00.000Z","1652404200",
"2551","22b77d7829c68dcd","E2:1F:7B:35:CC:08","64.44444444444444","8","1.3020833333333333","0","180","2022-05-13T01:11:00.000Z","1652404260",
"2551","22b77d7829c68dcd","E2:1F:7B:35:CC:08","63.333333333333336","6","0.78125","0","180","2022-05-13T01:12:00.000Z","1652404320",
"2551","22b77d7829c68dcd","E2:1F:7B:35:CC:08","100","11","1.5625","0","180","2022-05-13T01:13:00.000Z","1652404380",
"2551","22b77d7829c68dcd","E2:1F:7B:35:CC:08","100","10","1.953125","0","180","2022-05-13T01:14:00.000Z","1652404440",
"2551","22b77d7829c68dcd","E2:1F:7B:35:CC:08","96.66666666666667","9","1.953125","0","180","2022-05-13T01:15:00.000Z","1652404500",
"2551","22b77d7829c68dcd","E2:1F:7B:35:CC:08","74.44444444444444","7","2.232142857142857","0","180","2022-05-13T01:16:00.000Z","1652404560",
"2551","22b77d7829c68dcd","E2:1F:7B:35:CC:08","70","7","2.232142857142857","0","180","2022-05-13T01:17:00.000Z","1652404620",
"2551","22b77d7829c68dcd","E2:1F:7B:35:CC:08","76.66666666666667","3","2.232142857142857","0","180","2022-05-13T01:18:00.000Z","1652404680",
"2551","22b77d7829c68dcd","E2:1F:7B:35:CC:08","74.44444444444444","5","1.953125","0","180","2022-05-13T01:19:00.000Z","1652404740",
"2551","22b77d7829c68dcd","E2:1F:7B:35:CC:08","81.11111111111111","8","2.6041666666666665","0","180","2022-05-13T01:20:00.000Z","1652404800",
"2551","22b77d7829c68dcd","E2:1F:7B:35:CC:08","72.22222222222223","7","2.6041666666666665","0","180","2022-05-13T01:21:00.000Z","1652404860",
"2551","22b77d7829c68dcd","E2:1F:7B:35:CC:08","71.11111111111111","6","1.5625","0","180","2022-05-13T01:22:00.000Z","1652404920",
"2551","22b77d7829c68dcd","E2:1F:7B:35:CC:08","68.88888888888889","7","1.5625","0","180","2022-05-13T01:23:00.000Z","1652404980",
"2551","22b77d7829c68dcd","E2:1F:7B:35:CC:08","80","4","1.5625","0","180","2022-05-13T01:24:00.000Z","1652405040",
"2551","22b77d7829c68dcd","E2:1F:7B:35:CC:08","75.55555555555556","6","1.5625","0","180","2022-05-13T01:25:00.000Z","1652405100",
"2551","22b77d7829c68dcd","E2:1F:7B:35:CC:08","95.55555555555556","4","1.4204545454545454","0","180","2022-05-13T01:26:00.000Z","1652405160",
"2551","22b77d7829c68dcd","E2:1F:7B:35:CC:08","80","4","1.4204545454545454","0","180","2022-05-13T01:27:00.000Z","1652405220",
"2551","22b77d7829c68dcd","E2:1F:7B:35:CC:08","84.44444444444444","6","1.5625","0","180","2022-05-13T01:28:00.000Z","1652405280",
"2551","22b77d7829c68dcd","E2:1F:7B:35:CC:08","73.33333333333333","1","1.3020833333333333","0","180","2022-05-13T01:29:00.000Z","1652405340",
"2551","22b77d7829c68dcd","E2:1F:7B:35:CC:08","68.88888888888889","6","1.4204545454545454","0","180","2022-05-13T01:30:00.000Z","1652405400",
"2551","22b77d7829c68dcd","E2:1F:7B:35:CC:08","71.11111111111111","6","1.4204545454545454","0","180","2022-05-13T01:31:00.000Z","1652405460",
"2551","22b77d7829c68dcd","E2:1F:7B:35:CC:08","74.44444444444444","6","1.5625","0","180","2022-05-13T01:32:00.000Z","1652405520",
"2551","22b77d7829c68dcd","E2:1F:7B:35:CC:08","73.33333333333333","3","1.4204545454545454","0","180","2022-05-13T01:33:00.000Z","1652405580",
"2551","22b77d7829c68dcd","E2:1F:7B:35:CC:08","83.33333333333333","5","1.5625","0","180","2022-05-13T01:34:00.000Z","1652405640",
"2551","22b77d7829c68dcd","E2:1F:7B:35:CC:08","76.66666666666667","4","1.4204545454545454","0","180","2022-05-13T01:35:00.000Z","1652405700",
"2551","22b77d7829c68dcd","E2:1F:7B:35:CC:08","72.22222222222223","2","1.4204545454545454","0","180","2022-05-13T01:36:00.000Z","1652405760",
"2551","22b77d7829c68dcd","E2:1F:7B:35:CC:08","70","3","1.4204545454545454","0","180","2022-05-13T01:37:00.000Z","1652405820",
"2551","22b77d7829c68dcd","E2:1F:7B:35:CC:08","75.55555555555556","4","1.5625","0","180","2022-05-13T01:38:00.000Z","1652405880",
"2551","22b77d7829c68dcd","E2:1F:7B:35:CC:08","64.44444444444444","0","1.2019230769230769","0","180","2022-05-13T01:39:00.000Z","1652405940",
"2551","22b77d7829c68dcd","E2:1F:7B:35:CC:08","56.666666666666664","3","1.2019230769230769","0","180","2022-05-13T01:40:00.000Z","1652406000",
"2551","22b77d7829c68dcd","E2:1F:7B:35:CC:08","66.66666666666667","2","1.3020833333333333","2","180","2022-05-13T01:41:00.000Z","1652406060",
"2551","22b77d7829c68dcd","E2:1F:7B:35:CC:08","66.66666666666667","9","1.7361111111111112","0","180","2022-05-13T01:42:00.000Z","1652406120",
"2551","22b77d7829c68dcd","E2:1F:7B:35:CC:08","63.333333333333336","8","1.953125","0","180","2022-05-13T01:43:00.000Z","1652406180",
"2551","22b77d7829c68dcd","E2:1F:7B:35:CC:08","57.77777777777778","4","1.7361111111111112","0","180","2022-05-13T01:44:00.000Z","1652406240",
"2551","22b77d7829c68dcd","E2:1F:7B:35:CC:08","65.55555555555556","5","1.953125","0","180","2022-05-13T01:45:00.000Z","1652406300",
"2551","22b77d7829c68dcd","E2:1F:7B:35:CC:08","97.77777777777777","4","1.4204545454545454","0","180","2022-05-13T01:46:00.000Z","1652406360",
"2551","22b77d7829c68dcd","E2:1F:7B:35:CC:08","100","11","0.9765625","1","180","2022-05-13T01:47:00.000Z","1652406420",
"2551","22b77d7829c68dcd","E2:1F:7B:35:CC:08","92.22222222222223","7","1.3020833333333333","0","180","2022-05-13T01:48:00.000Z","1652406480",
"2551","22b77d7829c68dcd","E2:1F:7B:35:CC:08","82.22222222222223","6","1.4204545454545454","0","180","2022-05-13T01:49:00.000Z","1652406540",
"2551","22b77d7829c68dcd","E2:1F:7B:35:CC:08","77.77777777777777","6","0.8223684210526315","12","180","2022-05-13T01:50:00.000Z","1652406600",
"2551","22b77d7829c68dcd","E2:1F:7B:35:CC:08","92.22222222222223","6","0.6510416666666666","2","180","2022-05-13T01:51:00.000Z","1652406660",
"2551","22b77d7829c68dcd","E2:1F:7B:35:CC:08","100","9","0.9191176470588235","4","180","2022-05-13T01:52:00.000Z","1652406720",
"2551","22b77d7829c68dcd","E2:1F:7B:35:CC:08","100","7","0.8680555555555556","7","180","2022-05-13T01:53:00.000Z","1652406780",
"2551","22b77d7829c68dcd","E2:1F:7B:35:CC:08","84.44444444444444","4","0.5580357142857143","9","180","2022-05-13T01:54:00.000Z","1652406840",
"2551","22b77d7829c68dcd","E2:1F:7B:35:CC:08","88.88888888888889","10","0.8223684210526315","0","180","2022-05-13T01:55:00.000Z","1652406900",
"2551","22b77d7829c68dcd","E2:1F:7B:35:CC:08","51.111111111111114","0","0.7440476190476191","0","180","2022-05-13T01:56:00.000Z","1652406960",
"2551","22b77d7829c68dcd","E2:1F:7B:35:CC:08","26.666666666666668","0","0.7102272727272727","0","180","2022-05-13T01:57:00.000Z","1652407020",
"2551","22b77d7829c68dcd","E2:1F:7B:35:CC:08","16.666666666666668","0","0.5787037037037037","0","180","2022-05-13T01:58:00.000Z","1652407080",
"2551","22b77d7829c68dcd","E2:1F:7B:35:CC:08","11.11111111111111","0","0.5580357142857143","0","180","2022-05-13T01:59:00.000Z","1652407140",
"2551","22b77d7829c68dcd","E2:1F:7B:35:CC:08","8.88888888888889","0","0.5387931034482759","0","180","2022-05-13T02:00:00.000Z","1652407200",
"2551","22b77d7829c68dcd","E2:1F:7B:35:CC:08","8.88888888888889","0","0.5387931034482759","0","180","2022-05-13T02:01:00.000Z","1652407260",
"2551","22b77d7829c68dcd","E2:1F:7B:35:CC:08","7.777777777777778","0","0.5387931034482759","0","180","2022-05-13T02:02:00.000Z","1652407320",
"2551","22b77d7829c68dcd","E2:1F:7B:35:CC:08","10","0","0.5387931034482759","0","180","2022-05-13T02:03:00.000Z","1652407380",
"2551","22b77d7829c68dcd","E2:1F:7B:35:CC:08","8.88888888888889","0","0.5208333333333334","0","180","2022-05-13T02:04:00.000Z","1652407440",
"2551","22b77d7829c68dcd","E2:1F:7B:35:CC:08","8.88888888888889","0","0.5387931034482759","0","180","2022-05-13T02:05:00.000Z","1652407500",
"2551","22b77d7829c68dcd","E2:1F:7B:35:CC:08","7.777777777777778","0","0.5387931034482759","0","180","2022-05-13T02:06:00.000Z","1652407560",
"2551","22b77d7829c68dcd","E2:1F:7B:35:CC:08","13.333333333333334","0","0.5040322580645161","0","180","2022-05-13T02:07:00.000Z","1652407620",
"2551","22b77d7829c68dcd","E2:1F:7B:35:CC:08","23.333333333333332","5","0.44642857142857145","0","180","2022-05-13T02:08:00.000Z","1652407680",
"2551","22b77d7829c68dcd","E2:1F:7B:35:CC:08","37.77777777777778","1","0.5787037037037037","0","180","2022-05-13T02:09:00.000Z","1652407740",
"2551","22b77d7829c68dcd","E2:1F:7B:35:CC:08","18.88888888888889","0","0.625","0","180","2022-05-13T02:10:00.000Z","1652407800",
"2551","22b77d7829c68dcd","E2:1F:7B:35:CC:08","7.777777777777778","0","0.625","0","180","2022-05-13T02:11:00.000Z","1652407860",
"2551","22b77d7829c68dcd","E2:1F:7B:35:CC:08","8.88888888888889","0","0.6510416666666666","0","180","2022-05-13T02:12:00.000Z","1652407920",
"2551","22b77d7829c68dcd","E2:1F:7B:35:CC:08","21.11111111111111","3","0.48828125","0","180","2022-05-13T02:13:00.000Z","1652407980",
"2551","22b77d7829c68dcd","E2:1F:7B:35:CC:08","16.666666666666668","0","0.45955882352941174","0","180","2022-05-13T02:14:00.000Z","1652408040",
"2551","22b77d7829c68dcd","E2:1F:7B:35:CC:08","11.11111111111111","0","0.4734848484848485","0","180","2022-05-13T02:15:00.000Z","1652408100",
"2551","22b77d7829c68dcd","E2:1F:7B:35:CC:08","8.88888888888889","0","0.4734848484848485","0","180","2022-05-13T02:16:00.000Z","1652408160",
"2551","22b77d7829c68dcd","E2:1F:7B:35:CC:08","8.88888888888889","0","0.44642857142857145","0","180","2022-05-13T02:17:00.000Z","1652408220",
"2551","22b77d7829c68dcd","E2:1F:7B:35:CC:08","40","4","0.44642857142857145","5","180","2022-05-13T02:18:00.000Z","1652408280",
"2551","22b77d7829c68dcd","E2:1F:7B:35:CC:08","25.555555555555557","0","0.4734848484848485","0","180","2022-05-13T02:19:00.000Z","1652408340",
"2551","22b77d7829c68dcd","E2:1F:7B:35:CC:08","8.88888888888889","0","0.4734848484848485","0","180","2022-05-13T02:20:00.000Z","1652408400",
"2551","22b77d7829c68dcd","E2:1F:7B:35:CC:08","3.3333333333333335","0","0.48828125","0","180","2022-05-13T02:21:00.000Z","1652408460",
"2551","22b77d7829c68dcd","E2:1F:7B:35:CC:08","14.444444444444445","3","0.45955882352941174","0","180","2022-05-13T02:22:00.000Z","1652408520",
"2551","22b77d7829c68dcd","E2:1F:7B:35:CC:08","17.77777777777778","0","0.33967391304347827","0","180","2022-05-13T02:23:00.000Z","1652408580",
"2551","22b77d7829c68dcd","E2:1F:7B:35:CC:08","12.222222222222221","0","0.35511363636363635","0","180","2022-05-13T02:24:00.000Z","1652408640",
"2551","22b77d7829c68dcd","E2:1F:7B:35:CC:08","5.555555555555555","0","0.3633720930232558","0","180","2022-05-13T02:25:00.000Z","1652408700",
"2551","22b77d7829c68dcd","E2:1F:7B:35:CC:08","3.3333333333333335","0","0.37202380952380953","0","180","2022-05-13T02:26:00.000Z","1652408760",
"2551","22b77d7829c68dcd","E2:1F:7B:35:CC:08","3.3333333333333335","0","0.38109756097560976","0","180","2022-05-13T02:27:00.000Z","1652408820",
"2551","22b77d7829c68dcd","E2:1F:7B:35:CC:08","2.2222222222222223","0","0.390625","0","180","2022-05-13T02:28:00.000Z","1652408880",
"2551","22b77d7829c68dcd","E2:1F:7B:35:CC:08","2.2222222222222223","0","0.390625","0","180","2022-05-13T02:29:00.000Z","1652408940",
"2551","22b77d7829c68dcd","E2:1F:7B:35:CC:08","10","0","0.40064102564102566","0","180","2022-05-13T02:30:00.000Z","1652409000",
"2551","22b77d7829c68dcd","E2:1F:7B:35:CC:08","6.666666666666667","0","0.41118421052631576","0","180","2022-05-13T02:31:00.000Z","1652409060",
"2551","22b77d7829c68dcd","E2:1F:7B:35:CC:08","4.444444444444445","0","0.41118421052631576","0","180","2022-05-13T02:32:00.000Z","1652409120",
"2551","22b77d7829c68dcd","E2:1F:7B:35:CC:08","2.2222222222222223","0","0.41118421052631576","0","180","2022-05-13T02:33:00.000Z","1652409180",
"2551","22b77d7829c68dcd","E2:1F:7B:35:CC:08","2.2222222222222223","0","0.294811320754717","0","180","2022-05-13T02:34:00.000Z","1652409240",
"2551","22b77d7829c68dcd","E2:1F:7B:35:CC:08","7.777777777777778","0","0.3125","0","180","2022-05-13T02:35:00.000Z","1652409300",
"2551","22b77d7829c68dcd","E2:1F:7B:35:CC:08","5.555555555555555","0","0.3125","0","180","2022-05-13T02:36:00.000Z","1652409360",
"2551","22b77d7829c68dcd","E2:1F:7B:35:CC:08","5.555555555555555","0","0.30637254901960786","0","180","2022-05-13T02:37:00.000Z","1652409420",
"2551","22b77d7829c68dcd","E2:1F:7B:35:CC:08","4.444444444444445","0","0.30637254901960786","0","180","2022-05-13T02:38:00.000Z","1652409480",
"2551","22b77d7829c68dcd","E2:1F:7B:35:CC:08","6.666666666666667","0","0.30637254901960786","0","180","2022-05-13T02:39:00.000Z","1652409540",
"2551","22b77d7829c68dcd","E2:1F:7B:35:CC:08","7.777777777777778","0","0.30637254901960786","0","180","2022-05-13T02:40:00.000Z","1652409600",
"2551","22b77d7829c68dcd","E2:1F:7B:35:CC:08","4.444444444444445","0","0.30637254901960786","0","180","2022-05-13T02:41:00.000Z","1652409660",
"2551","22b77d7829c68dcd","E2:1F:7B:35:CC:08","16.666666666666668","1","0.31887755102040816","0","180","2022-05-13T02:42:00.000Z","1652409720",
"2551","22b77d7829c68dcd","E2:1F:7B:35:CC:08","42.22222222222222","7","0.28935185185185186","2","180","2022-05-13T02:43:00.000Z","1652409780",
"2551","22b77d7829c68dcd","E2:1F:7B:35:CC:08","50","3","0.33967391304347827","0","180","2022-05-13T02:44:00.000Z","1652409840",
"2551","22b77d7829c68dcd","E2:1F:7B:35:CC:08","47.77777777777778","3","0.35511363636363635","1","180","2022-05-13T02:45:00.000Z","1652409900",
"2551","22b77d7829c68dcd","E2:1F:7B:35:CC:08","38.888888888888886","7","0.44642857142857145","0","180","2022-05-13T02:46:00.000Z","1652409960",
"2551","22b77d7829c68dcd","E2:1F:7B:35:CC:08","42.22222222222222","3","0.4734848484848485","0","180","2022-05-13T02:47:00.000Z","1652410020",
"2551","22b77d7829c68dcd","E2:1F:7B:35:CC:08","21.11111111111111","0","0.4734848484848485","0","180","2022-05-13T02:48:00.000Z","1652410080",
"2551","22b77d7829c68dcd","E2:1F:7B:35:CC:08","10","0","0.3633720930232558","0","180","2022-05-13T02:49:00.000Z","1652410140",
"2551","22b77d7829c68dcd","E2:1F:7B:35:CC:08","20","7","0.44642857142857145","0","180","2022-05-13T02:50:00.000Z","1652410200",
"2551","22b77d7829c68dcd","E2:1F:7B:35:CC:08","15.555555555555555","0","0.45955882352941174","0","180","2022-05-13T02:51:00.000Z","1652410260",
"2551","22b77d7829c68dcd","E2:1F:7B:35:CC:08","14.444444444444445","0","0.4734848484848485","0","180","2022-05-13T02:52:00.000Z","1652410320",
"2551","22b77d7829c68dcd","E2:1F:7B:35:CC:08","15.555555555555555","2","0.5040322580645161","0","180","2022-05-13T02:53:00.000Z","1652410380",
"2551","22b77d7829c68dcd","E2:1F:7B:35:CC:08","28.88888888888889","6","0.5387931034482759","0","180","2022-05-13T02:54:00.000Z","1652410440",
"2551","22b77d7829c68dcd","E2:1F:7B:35:CC:08","55.55555555555556","8","0.6510416666666666","0","180","2022-05-13T02:55:00.000Z","1652410500",
"2551","22b77d7829c68dcd","E2:1F:7B:35:CC:08","58.888888888888886","6","0.6793478260869565","0","180","2022-05-13T02:56:00.000Z","1652410560",
"2551","22b77d7829c68dcd","E2:1F:7B:35:CC:08","63.333333333333336","4","0.7440476190476191","0","180","2022-05-13T02:57:00.000Z","1652410620",
"2551","22b77d7829c68dcd","E2:1F:7B:35:CC:08","63.333333333333336","5","0.7440476190476191","0","180","2022-05-13T02:58:00.000Z","1652410680",
"2551","22b77d7829c68dcd","E2:1F:7B:35:CC:08","64.44444444444444","3","0.7102272727272727","0","180","2022-05-13T02:59:00.000Z","1652410740",
"2551","22b77d7829c68dcd","E2:1F:7B:35:CC:08","51.111111111111114","2","0.7102272727272727","0","180","2022-05-13T03:00:00.000Z","1652410800",
"2551","22b77d7829c68dcd","E2:1F:7B:35:CC:08","52.22222222222222","6","0.8223684210526315","0","180","2022-05-13T03:01:00.000Z","1652410860",
"2551","22b77d7829c68dcd","E2:1F:7B:35:CC:08","70","5","0.8680555555555556","0","180","2022-05-13T03:02:00.000Z","1652410920",
"2551","22b77d7829c68dcd","E2:1F:7B:35:CC:08","78.88888888888889","5","0.8680555555555556","0","180","2022-05-13T03:03:00.000Z","1652410980",
"2551","22b77d7829c68dcd","E2:1F:7B:35:CC:08","88.88888888888889","6","1.0416666666666667","0","180","2022-05-13T03:04:00.000Z","1652411040",
"2551","22b77d7829c68dcd","E2:1F:7B:35:CC:08","92.22222222222223","6","1.1160714285714286","0","180","2022-05-13T03:05:00.000Z","1652411100",
"2551","22b77d7829c68dcd","E2:1F:7B:35:CC:08","85.55555555555556","6","1.2019230769230769","0","180","2022-05-13T03:06:00.000Z","1652411160",
"2551","22b77d7829c68dcd","E2:1F:7B:35:CC:08","93.33333333333333","6","1.3020833333333333","0","180","2022-05-13T03:07:00.000Z","1652411220",
"2551","22b77d7829c68dcd","E2:1F:7B:35:CC:08","100","5","1.4204545454545454","0","180","2022-05-13T03:08:00.000Z","1652411280",
"2551","22b77d7829c68dcd","E2:1F:7B:35:CC:08","82.22222222222223","7","1.4204545454545454","0","180","2022-05-13T03:09:00.000Z","1652411340",
"2551","22b77d7829c68dcd","E2:1F:7B:35:CC:08","86.66666666666667","6","1.4204545454545454","0","180","2022-05-13T03:10:00.000Z","1652411400",
"2551","22b77d7829c68dcd","E2:1F:7B:35:CC:08","94.44444444444444","6","1.5625","0","180","2022-05-13T03:11:00.000Z","1652411460",
"2551","22b77d7829c68dcd","E2:1F:7B:35:CC:08","78.88888888888889","6","1.7361111111111112","0","180","2022-05-13T03:12:00.000Z","1652411520",
"2551","22b77d7829c68dcd","E2:1F:7B:35:CC:08","70","6","1.5625","0","180","2022-05-13T03:13:00.000Z","1652411580",
"2551","22b77d7829c68dcd","E2:1F:7B:35:CC:08","77.77777777777777","7","1.7361111111111112","0","180","2022-05-13T03:14:00.000Z","1652411640",
"2551","22b77d7829c68dcd","E2:1F:7B:35:CC:08","72.22222222222223","5","1.7361111111111112","0","180","2022-05-13T03:15:00.000Z","1652411700",
"2551","22b77d7829c68dcd","E2:1F:7B:35:CC:08","74.44444444444444","7","1.953125","0","180","2022-05-13T03:16:00.000Z","1652411760",
"2551","22b77d7829c68dcd","E2:1F:7B:35:CC:08","68.88888888888889","8","1.953125","0","180","2022-05-13T03:17:00.000Z","1652411820",
"2551","22b77d7829c68dcd","E2:1F:7B:35:CC:08","72.22222222222223","8","1.953125","0","180","2022-05-13T03:18:00.000Z","1652411880",
"2551","22b77d7829c68dcd","E2:1F:7B:35:CC:08","72.22222222222223","8","1.953125","0","180","2022-05-13T03:19:00.000Z","1652411940",
"2551","22b77d7829c68dcd","E2:1F:7B:35:CC:08","71.11111111111111","7","2.232142857142857","0","180","2022-05-13T03:20:00.000Z","1652412000",
"2551","22b77d7829c68dcd","E2:1F:7B:35:CC:08","74.44444444444444","5","1.7361111111111112","0","180","2022-05-13T03:21:00.000Z","1652412060",
"2551","22b77d7829c68dcd","E2:1F:7B:35:CC:08","88.88888888888889","12","2.6041666666666665","0","180","2022-05-13T03:22:00.000Z","1652412120",
"2551","22b77d7829c68dcd","E2:1F:7B:35:CC:08","71.11111111111111","12","3.125","0","180","2022-05-13T03:23:00.000Z","1652412180",
"2551","22b77d7829c68dcd","E2:1F:7B:35:CC:08","67.77777777777777","7","3.125","1","180","2022-05-13T03:24:00.000Z","1652412240",
"2551","22b77d7829c68dcd","E2:1F:7B:35:CC:08","60","10","3.125","0","180","2022-05-13T03:25:00.000Z","1652412300",
"2551","22b77d7829c68dcd","E2:1F:7B:35:CC:08","45.55555555555556","4","3.125","0","180","2022-05-13T03:26:00.000Z","1652412360",
"2551","22b77d7829c68dcd","E2:1F:7B:35:CC:08","52.22222222222222","4","1.953125","0","180","2022-05-13T03:27:00.000Z","1652412420",
"2551","22b77d7829c68dcd","E2:1F:7B:35:CC:08","83.33333333333333","10","2.6041666666666665","4","180","2022-05-13T03:28:00.000Z","1652412480",
"2551","22b77d7829c68dcd","E2:1F:7B:35:CC:08","70","4","2.6041666666666665","0","180","2022-05-13T03:29:00.000Z","1652412540",
"2551","22b77d7829c68dcd","E2:1F:7B:35:CC:08","64.44444444444444","1","2.232142857142857","0","180","2022-05-13T03:30:00.000Z","1652412600",
"2551","22b77d7829c68dcd","E2:1F:7B:35:CC:08","57.77777777777778","1","1.953125","0","180","2022-05-13T03:31:00.000Z","1652412660",
"2551","22b77d7829c68dcd","E2:1F:7B:35:CC:08","46.666666666666664","0","1.7361111111111112","0","180","2022-05-13T03:32:00.000Z","1652412720",
"2551","22b77d7829c68dcd","E2:1F:7B:35:CC:08","37.77777777777778","0","1.5625","0","180","2022-05-13T03:33:00.000Z","1652412780",
"2551","22b77d7829c68dcd","E2:1F:7B:35:CC:08","35.55555555555556","0","1.5625","0","180","2022-05-13T03:34:00.000Z","1652412840",
"2551","22b77d7829c68dcd","E2:1F:7B:35:CC:08","32.22222222222222","3","1.5625","0","180","2022-05-13T03:35:00.000Z","1652412900",
"2551","22b77d7829c68dcd","E2:1F:7B:35:CC:08","31.11111111111111","1","1.5625","0","180","2022-05-13T03:36:00.000Z","1652412960",
"2551","22b77d7829c68dcd","E2:1F:7B:35:CC:08","37.77777777777778","2","1.5625","0","180","2022-05-13T03:37:00.000Z","1652413020",
"2551","22b77d7829c68dcd","E2:1F:7B:35:CC:08","46.666666666666664","0","1.7361111111111112","0","180","2022-05-13T03:38:00.000Z","1652413080",
"2551","22b77d7829c68dcd","E2:1F:7B:35:CC:08","62.22222222222222","1","1.4204545454545454","0","180","2022-05-13T03:39:00.000Z","1652413140",
"2551","22b77d7829c68dcd","E2:1F:7B:35:CC:08","48.888888888888886","0","1.4204545454545454","0","180","2022-05-13T03:40:00.000Z","1652413200",
"2551","22b77d7829c68dcd","E2:1F:7B:35:CC:08","34.44444444444444","0","1.3020833333333333","0","180","2022-05-13T03:41:00.000Z","1652413260",
"2551","22b77d7829c68dcd","E2:1F:7B:35:CC:08","23.333333333333332","0","1.3020833333333333","0","180","2022-05-13T03:42:00.000Z","1652413320",
"2551","22b77d7829c68dcd","E2:1F:7B:35:CC:08","27.77777777777778","3","1.4204545454545454","0","180","2022-05-13T03:43:00.000Z","1652413380",
"2551","22b77d7829c68dcd","E2:1F:7B:35:CC:08","41.111111111111114","1","1.3020833333333333","0","180","2022-05-13T03:44:00.000Z","1652413440",
"2551","22b77d7829c68dcd","E2:1F:7B:35:CC:08","27.77777777777778","0","1.3020833333333333","0","180","2022-05-13T03:45:00.000Z","1652413500",
"2551","22b77d7829c68dcd","E2:1F:7B:35:CC:08","17.77777777777778","0","1.2019230769230769","0","180","2022-05-13T03:46:00.000Z","1652413560",
"2551","22b77d7829c68dcd","E2:1F:7B:35:CC:08","17.77777777777778","1","1.2019230769230769","0","180","2022-05-13T03:47:00.000Z","1652413620",
"2551","22b77d7829c68dcd","E2:1F:7B:35:CC:08","18.88888888888889","2","1.2019230769230769","0","180","2022-05-13T03:48:00.000Z","1652413680",
"2551","22b77d7829c68dcd","E2:1F:7B:35:CC:08","32.22222222222222","3","1.4204545454545454","0","180","2022-05-13T03:49:00.000Z","1652413740",
"2551","22b77d7829c68dcd","E2:1F:7B:35:CC:08","71.11111111111111","4","1.5625","0","180","2022-05-13T03:50:00.000Z","1652413800",
"2551","22b77d7829c68dcd","E2:1F:7B:35:CC:08","65.55555555555556","0","1.4204545454545454","0","180","2022-05-13T03:51:00.000Z","1652413860",
"2551","22b77d7829c68dcd","E2:1F:7B:35:CC:08","38.888888888888886","1","1.4204545454545454","0","180","2022-05-13T03:52:00.000Z","1652413920",
"2551","22b77d7829c68dcd","E2:1F:7B:35:CC:08","43.333333333333336","6","1.5625","0","180","2022-05-13T03:53:00.000Z","1652413980",
"2551","22b77d7829c68dcd","E2:1F:7B:35:CC:08","65.55555555555556","6","1.7361111111111112","0","180","2022-05-13T03:54:00.000Z","1652414040",
"2551","22b77d7829c68dcd","E2:1F:7B:35:CC:08","86.66666666666667","4","1.953125","0","180","2022-05-13T03:55:00.000Z","1652414100",
"2551","22b77d7829c68dcd","E2:1F:7B:35:CC:08","92.22222222222223","6","1.953125","0","180","2022-05-13T03:56:00.000Z","1652414160",
"2551","22b77d7829c68dcd","E2:1F:7B:35:CC:08","86.66666666666667","8","2.232142857142857","0","180","2022-05-13T03:57:00.000Z","1652414220",
"2551","22b77d7829c68dcd","E2:1F:7B:35:CC:08","83.33333333333333","4","2.232142857142857","0","180","2022-05-13T03:58:00.000Z","1652414280",
"2551","22b77d7829c68dcd","E2:1F:7B:35:CC:08","88.88888888888889","6","2.232142857142857","0","180","2022-05-13T03:59:00.000Z","1652414340",
"2551","22b77d7829c68dcd","E2:1F:7B:35:CC:08","80","4","2.232142857142857","0","180","2022-05-13T04:00:00.000Z","1652414400",
"2551","22b77d7829c68dcd","E2:1F:7B:35:CC:08","82.22222222222223","7","2.232142857142857","0","180","2022-05-13T04:01:00.000Z","1652414460",
"2551","22b77d7829c68dcd","E2:1F:7B:35:CC:08","81.11111111111111","4","2.6041666666666665","0","180","2022-05-13T04:02:00.000Z","1652414520",
"2551","22b77d7829c68dcd","E2:1F:7B:35:CC:08","92.22222222222223","7","2.6041666666666665","0","180","2022-05-13T04:03:00.000Z","1652414580",
"2551","22b77d7829c68dcd","E2:1F:7B:35:CC:08","91.11111111111111","6","2.6041666666666665","0","180","2022-05-13T04:04:00.000Z","1652414640",
"2551","22b77d7829c68dcd","E2:1F:7B:35:CC:08","84.44444444444444","5","2.6041666666666665","0","180","2022-05-13T04:05:00.000Z","1652414700",
"2551","22b77d7829c68dcd","E2:1F:7B:35:CC:08","84.44444444444444","3","2.232142857142857","0","180","2022-05-13T04:06:00.000Z","1652414760",
"2551","22b77d7829c68dcd","E2:1F:7B:35:CC:08","100","6","2.232142857142857","0","180","2022-05-13T04:07:00.000Z","1652414820",
"2551","22b77d7829c68dcd","E2:1F:7B:35:CC:08","97.77777777777777","5","1.953125","0","180","2022-05-13T04:08:00.000Z","1652414880",
"2551","22b77d7829c68dcd","E2:1F:7B:35:CC:08","100","6","2.232142857142857","0","180","2022-05-13T04:09:00.000Z","1652414940",
"2551","22b77d7829c68dcd","E2:1F:7B:35:CC:08","100","7","1.5625","0","180","2022-05-13T04:10:00.000Z","1652415000",
"2551","22b77d7829c68dcd","E2:1F:7B:35:CC:08","100","10","2.232142857142857","0","180","2022-05-13T04:11:00.000Z","1652415060",
"2551","22b77d7829c68dcd","E2:1F:7B:35:CC:08","88.88888888888889","9","2.232142857142857","0","180","2022-05-13T04:12:00.000Z","1652415120",
"2551","22b77d7829c68dcd","E2:1F:7B:35:CC:08","83.33333333333333","4","1.953125","0","180","2022-05-13T04:13:00.000Z","1652415180",
"2551","22b77d7829c68dcd","E2:1F:7B:35:CC:08","76.66666666666667","4","1.7361111111111112","0","180","2022-05-13T04:14:00.000Z","1652415240",
"2551","22b77d7829c68dcd","E2:1F:7B:35:CC:08","71.11111111111111","5","1.953125","0","180","2022-05-13T04:15:00.000Z","1652415300",
"2551","22b77d7829c68dcd","E2:1F:7B:35:CC:08","85.55555555555556","1","1.7361111111111112","0","180","2022-05-13T04:16:00.000Z","1652415360",
"2551","22b77d7829c68dcd","E2:1F:7B:35:CC:08","73.33333333333333","4","1.5625","0","180","2022-05-13T04:17:00.000Z","1652415420",
"2551","22b77d7829c68dcd","E2:1F:7B:35:CC:08","81.11111111111111","6","1.5625","0","180","2022-05-13T04:18:00.000Z","1652415480",
"2551","22b77d7829c68dcd","E2:1F:7B:35:CC:08","95.55555555555556","4","1.5625","1","180","2022-05-13T04:19:00.000Z","1652415540",
"2551","22b77d7829c68dcd","E2:1F:7B:35:CC:08","100","8","1.5625","0","180","2022-05-13T04:20:00.000Z","1652415600",
"2551","22b77d7829c68dcd","E2:1F:7B:35:CC:08","91.11111111111111","3","1.4204545454545454","0","180","2022-05-13T04:21:00.000Z","1652415660",
"2551","22b77d7829c68dcd","E2:1F:7B:35:CC:08","76.66666666666667","2","1.4204545454545454","0","180","2022-05-13T04:22:00.000Z","1652415720",
"2551","22b77d7829c68dcd","E2:1F:7B:35:CC:08","68.88888888888889","2","1.3020833333333333","0","180","2022-05-13T04:23:00.000Z","1652415780",
"2551","22b77d7829c68dcd","E2:1F:7B:35:CC:08","45.55555555555556","0","1.1160714285714286","0","180","2022-05-13T04:24:00.000Z","1652415840",
"2551","22b77d7829c68dcd","E2:1F:7B:35:CC:08","42.22222222222222","2","1.2019230769230769","0","180","2022-05-13T04:25:00.000Z","1652415900",
"2551","22b77d7829c68dcd","E2:1F:7B:35:CC:08","53.333333333333336","5","0.9765625","1","180","2022-05-13T04:26:00.000Z","1652415960",
"2551","22b77d7829c68dcd","E2:1F:7B:35:CC:08","36.666666666666664","2","1.0416666666666667","0","180","2022-05-13T04:27:00.000Z","1652416020",
"2551","22b77d7829c68dcd","E2:1F:7B:35:CC:08","40","4","1.1160714285714286","0","180","2022-05-13T04:28:00.000Z","1652416080",
"2551","22b77d7829c68dcd","E2:1F:7B:35:CC:08","44.44444444444444","6","1.0416666666666667","1","180","2022-05-13T04:29:00.000Z","1652416140",
"2551","22b77d7829c68dcd","E2:1F:7B:35:CC:08","100","8","1.7361111111111112","0","180","2022-05-13T04:30:00.000Z","1652416200",
"2551","22b77d7829c68dcd","E2:1F:7B:35:CC:08","100","5","1.4204545454545454","0","180","2022-05-13T04:31:00.000Z","1652416260",
"2551","22b77d7829c68dcd","E2:1F:7B:35:CC:08","86.66666666666667","3","1.4204545454545454","0","180","2022-05-13T04:32:00.000Z","1652416320",
"2551","22b77d7829c68dcd","E2:1F:7B:35:CC:08","81.11111111111111","3","1.2019230769230769","0","180","2022-05-13T04:33:00.000Z","1652416380",
"2551","22b77d7829c68dcd","E2:1F:7B:35:CC:08","46.666666666666664","1","1.2019230769230769","0","180","2022-05-13T04:34:00.000Z","1652416440",
"2551","22b77d7829c68dcd","E2:1F:7B:35:CC:08","34.44444444444444","0","1.0416666666666667","0","180","2022-05-13T04:35:00.000Z","1652416500",
"2551","22b77d7829c68dcd","E2:1F:7B:35:CC:08","26.666666666666668","0","0.9765625","0","180","2022-05-13T04:36:00.000Z","1652416560",
"2551","22b77d7829c68dcd","E2:1F:7B:35:CC:08","23.333333333333332","0","0.8680555555555556","0","180","2022-05-13T04:37:00.000Z","1652416620",
"2551","22b77d7829c68dcd","E2:1F:7B:35:CC:08","17.77777777777778","0","0.8223684210526315","0","180","2022-05-13T04:38:00.000Z","1652416680",
"2551","22b77d7829c68dcd","E2:1F:7B:35:CC:08","16.666666666666668","1","0.6510416666666666","0","180","2022-05-13T04:39:00.000Z","1652416740",
"2551","22b77d7829c68dcd","E2:1F:7B:35:CC:08","41.111111111111114","4","0.78125","0","180","2022-05-13T04:40:00.000Z","1652416800",
"2551","22b77d7829c68dcd","E2:1F:7B:35:CC:08","30","0","0.7102272727272727","0","180","2022-05-13T04:41:00.000Z","1652416860",
"2551","22b77d7829c68dcd","E2:1F:7B:35:CC:08","26.666666666666668","0","0.6793478260869565","0","180","2022-05-13T04:42:00.000Z","1652416920",
"2551","22b77d7829c68dcd","E2:1F:7B:35:CC:08","33.333333333333336","3","0.5787037037037037","0","180","2022-05-13T04:43:00.000Z","1652416980",
"2551","22b77d7829c68dcd","E2:1F:7B:35:CC:08","47.77777777777778","3","0.7102272727272727","0","180","2022-05-13T04:44:00.000Z","1652417040",
"2551","22b77d7829c68dcd","E2:1F:7B:35:CC:08","21.11111111111111","0","0.7102272727272727","0","180","2022-05-13T04:45:00.000Z","1652417100",
"2551","22b77d7829c68dcd","E2:1F:7B:35:CC:08","37.77777777777778","2","0.625","0","180","2022-05-13T04:46:00.000Z","1652417160",
"2551","22b77d7829c68dcd","E2:1F:7B:35:CC:08","20","0","0.625","0","180","2022-05-13T04:47:00.000Z","1652417220",
"2551","22b77d7829c68dcd","E2:1F:7B:35:CC:08","11.11111111111111","0","0.6009615384615384","0","180","2022-05-13T04:48:00.000Z","1652417280",
"2551","22b77d7829c68dcd","E2:1F:7B:35:CC:08","10","0","0.3633720930232558","1","180","2022-05-13T04:49:00.000Z","1652417340",
"2551","22b77d7829c68dcd","E2:1F:7B:35:CC:08","36.666666666666664","3","0.20559210526315788","0","180","2022-05-13T04:50:00.000Z","1652417400",
"2551","22b77d7829c68dcd","E2:1F:7B:35:CC:08","77.77777777777777","10","0.18825301204819278","7","180","2022-05-13T04:54:00.000Z","1652417640",
"2551","22b77d7829c68dcd","E2:1F:7B:35:CC:08","65.55555555555556","8","0.22644927536231885","2","180","2022-05-13T04:55:00.000Z","1652417700",
"2551","22b77d7829c68dcd","E2:1F:7B:35:CC:08","42.22222222222222","5","0.25201612903225806","5","180","2022-05-13T04:56:00.000Z","1652417760",
"2551","22b77d7829c68dcd","E2:1F:7B:35:CC:08","40","12","0.062250996015936255","21","180","2022-05-13T05:00:00.000Z","1652418000",
"2551","22b77d7829c68dcd","E2:1F:7B:35:CC:08","40","0","0.12112403100775193","12","180","2022-05-13T05:01:00.000Z","1652418060",
"2551","22b77d7829c68dcd","E2:1F:7B:35:CC:08","60","7","0.13827433628318583","16","180","2022-05-13T05:02:00.000Z","1652418120",
"2551","22b77d7829c68dcd","E2:1F:7B:35:CC:08","76.66666666666667","11","0.10416666666666667","1","180","2022-05-13T05:09:00.000Z","1652418540",
"2551","22b77d7829c68dcd","E2:1F:7B:35:CC:08","91.11111111111111","6","0.09300595238095238","0","180","2022-05-13T05:10:00.000Z","1652418600",
"2551","22b77d7829c68dcd","E2:1F:7B:35:CC:08","100","6","0.11322463768115942","0","180","2022-05-13T05:11:00.000Z","1652418660",
"2551","22b77d7829c68dcd","E2:1F:7B:35:CC:08","81.11111111111111","4","0.10212418300653595","1","180","2022-05-13T05:12:00.000Z","1652418720",
"2551","22b77d7829c68dcd","E2:1F:7B:35:CC:08","100","3","0.11322463768115942","0","180","2022-05-13T05:13:00.000Z","1652418780",
"2551","22b77d7829c68dcd","E2:1F:7B:35:CC:08","61.111111111111114","1","0.13020833333333334","0","180","2022-05-13T05:14:00.000Z","1652418840",
"2551","22b77d7829c68dcd","E2:1F:7B:35:CC:08","31.11111111111111","0","0.13706140350877194","0","180","2022-05-13T05:15:00.000Z","1652418900",
"2551","22b77d7829c68dcd","E2:1F:7B:35:CC:08","20","0","0.13241525423728814","0","180","2022-05-13T05:16:00.000Z","1652418960",
"2551","22b77d7829c68dcd","E2:1F:7B:35:CC:08","17.77777777777778","0","0.14204545454545456","0","180","2022-05-13T05:17:00.000Z","1652419020",
"2551","22b77d7829c68dcd","E2:1F:7B:35:CC:08","31.11111111111111","6","0.10146103896103896","0","180","2022-05-13T05:20:00.000Z","1652419200",
"2551","22b77d7829c68dcd","E2:1F:7B:35:CC:08","24.444444444444443","0","0.11003521126760564","0","180","2022-05-13T05:21:00.000Z","1652419260",
"2551","22b77d7829c68dcd","E2:1F:7B:35:CC:08","17.77777777777778","0","0.11837121212121213","0","180","2022-05-13T05:22:00.000Z","1652419320",
"2551","22b77d7829c68dcd","E2:1F:7B:35:CC:08","12.222222222222221","0","0.10629251700680271","0","180","2022-05-13T05:23:00.000Z","1652419380",
"2551","22b77d7829c68dcd","E2:1F:7B:35:CC:08","20","2","0.11405109489051095","0","180","2022-05-13T05:24:00.000Z","1652419440",
"2551","22b77d7829c68dcd","E2:1F:7B:35:CC:08","27.77777777777778","2","0.11160714285714286","0","180","2022-05-13T05:25:00.000Z","1652419500",
"2551","22b77d7829c68dcd","E2:1F:7B:35:CC:08","36.666666666666664","6","0.0733568075117371","1","180","2022-05-13T05:29:00.000Z","1652419740",
"2551","22b77d7829c68dcd","E2:1F:7B:35:CC:08","65.55555555555556","9","0.09137426900584796","21","180","2022-05-13T05:34:00.000Z","1652420040",
"2551","22b77d7829c68dcd","E2:1F:7B:35:CC:08","56.666666666666664","9","0.10629251700680271","0","180","2022-05-13T05:44:00.000Z","1652420640",
"2551","22b77d7829c68dcd","E2:1F:7B:35:CC:08","67.41573033707866","10","0.11160714285714286","0","178","2022-05-13T05:48:00.000Z","1652420880",
"2551","22b77d7829c68dcd","E2:1F:7B:35:CC:08","67.41573033707866","10","0.1474056603773585","0","178","2022-05-13T05:49:00.000Z","1652420940",
"2551","22b77d7829c68dcd","E2:1F:7B:35:CC:08","55.056179775280896","5","0.1736111111111111","0","178","2022-05-13T05:50:00.000Z","1652421000",
"2551","22b77d7829c68dcd","E2:1F:7B:35:CC:08","31.46067415730337","0","0.18825301204819278","0","178","2022-05-13T05:51:00.000Z","1652421060",
"2551","22b77d7829c68dcd","E2:1F:7B:35:CC:08","28.089887640449437","1","0.20292207792207792","4","178","2022-05-13T05:52:00.000Z","1652421120",
"2551","22b77d7829c68dcd","E2:1F:7B:35:CC:08","30.337078651685392","3","0.16622340425531915","32","178","2022-05-13T05:53:00.000Z","1652421180",
"2551","22b77d7829c68dcd","E2:1F:7B:35:CC:08","33.70786516853933","2","0.16108247422680413","77","178","2022-05-13T05:54:00.000Z","1652421240",
"2551","22b77d7829c68dcd","E2:1F:7B:35:CC:08","20.224719101123597","0","0.1547029702970297","84","178","2022-05-13T05:55:00.000Z","1652421300",
"2551","22b77d7829c68dcd","E2:1F:7B:35:CC:08","44.943820224719104","14","0.1220703125","0","178","2022-05-13T05:58:00.000Z","1652421480",
"2551","22b77d7829c68dcd","E2:1F:7B:35:CC:08","57.30337078651685","16","0.16108247422680413","0","178","2022-05-13T05:59:00.000Z","1652421540",
"2551","22b77d7829c68dcd","E2:1F:7B:35:CC:08","53.93258426966292","9","0.18382352941176472","0","178","2022-05-13T06:00:00.000Z","1652421600",
"2551","22b77d7829c68dcd","E2:1F:7B:35:CC:08","38.20224719101124","1","0.20833333333333334","0","178","2022-05-13T06:01:00.000Z","1652421660",
"2551","22b77d7829c68dcd","E2:1F:7B:35:CC:08","25.84269662921348","0","0.22977941176470587","0","178","2022-05-13T06:02:00.000Z","1652421720",
"2551","22b77d7829c68dcd","E2:1F:7B:35:CC:08","17.97752808988764","0","0.23674242424242425","0","178","2022-05-13T06:03:00.000Z","1652421780",
"2551","22b77d7829c68dcd","E2:1F:7B:35:CC:08","14.606741573033707","0","0.25201612903225806","0","178","2022-05-13T06:04:00.000Z","1652421840",
"2551","22b77d7829c68dcd","E2:1F:7B:35:CC:08","16.853932584269664","0","0.27901785714285715","0","178","2022-05-13T06:05:00.000Z","1652421900",
"2551","22b77d7829c68dcd","E2:1F:7B:35:CC:08","23.59550561797753","0","0.3255208333333333","2","178","2022-05-13T06:06:00.000Z","1652421960",
"2551","22b77d7829c68dcd","E2:1F:7B:35:CC:08","26.96629213483146","0","0.3255208333333333","1","178","2022-05-13T06:07:00.000Z","1652422020",
"2551","22b77d7829c68dcd","E2:1F:7B:35:CC:08","28.089887640449437","0","0.3125","0","178","2022-05-13T06:08:00.000Z","1652422080",
"2551","22b77d7829c68dcd","E2:1F:7B:35:CC:08","17.97752808988764","0","0.3324468085106383","0","178","2022-05-13T06:09:00.000Z","1652422140",
"2551","22b77d7829c68dcd","E2:1F:7B:35:CC:08","16.853932584269664","2","0.35511363636363635","0","178","2022-05-13T06:10:00.000Z","1652422200",
"2551","22b77d7829c68dcd","E2:1F:7B:35:CC:08","21.348314606741575","0","0.35511363636363635","0","178","2022-05-13T06:11:00.000Z","1652422260",
"2551","22b77d7829c68dcd","E2:1F:7B:35:CC:08","12.359550561797754","0","0.3633720930232558","0","178","2022-05-13T06:12:00.000Z","1652422320",
"2551","22b77d7829c68dcd","E2:1F:7B:35:CC:08","8.98876404494382","0","0.38109756097560976","0","178","2022-05-13T06:13:00.000Z","1652422380",
"2551","22b77d7829c68dcd","E2:1F:7B:35:CC:08","22.471910112359552","0","0.38109756097560976","0","178","2022-05-13T06:14:00.000Z","1652422440",
"2551","22b77d7829c68dcd","E2:1F:7B:35:CC:08","25.84269662921348","1","0.390625","4","178","2022-05-13T06:15:00.000Z","1652422500",
"2551","22b77d7829c68dcd","E2:1F:7B:35:CC:08","15.730337078651685","0","0.40064102564102566","0","178","2022-05-13T06:16:00.000Z","1652422560",
"2551","22b77d7829c68dcd","E2:1F:7B:35:CC:08","23.59550561797753","1","0.41118421052631576","2","178","2022-05-13T06:17:00.000Z","1652422620",
"2551","22b77d7829c68dcd","E2:1F:7B:35:CC:08","22.471910112359552","0","0.4340277777777778","0","178","2022-05-13T06:18:00.000Z","1652422680",
"2551","22b77d7829c68dcd","E2:1F:7B:35:CC:08","43.82022471910113","3","0.5580357142857143","4","178","2022-05-13T06:19:00.000Z","1652422740",
"2551","22b77d7829c68dcd","E2:1F:7B:35:CC:08","33.70786516853933","2","0.625","0","178","2022-05-13T06:20:00.000Z","1652422800",
"2551","22b77d7829c68dcd","E2:1F:7B:35:CC:08","19.10112359550562","0","0.5787037037037037","0","178","2022-05-13T06:21:00.000Z","1652422860",
"2551","22b77d7829c68dcd","E2:1F:7B:35:CC:08","10.112359550561798","0","0.6009615384615384","0","178","2022-05-13T06:22:00.000Z","1652422920",
"2551","22b77d7829c68dcd","E2:1F:7B:35:CC:08","17.97752808988764","1","0.5580357142857143","0","178","2022-05-13T06:23:00.000Z","1652422980",
"2551","22b77d7829c68dcd","E2:1F:7B:35:CC:08","13.48314606741573","0","0.6009615384615384","0","178","2022-05-13T06:24:00.000Z","1652423040",
"2551","22b77d7829c68dcd","E2:1F:7B:35:CC:08","10.112359550561798","0","0.6009615384615384","0","178","2022-05-13T06:25:00.000Z","1652423100",
"2551","22b77d7829c68dcd","E2:1F:7B:35:CC:08","5.617977528089888","0","0.6009615384615384","0","178","2022-05-13T06:26:00.000Z","1652423160",
"2551","22b77d7829c68dcd","E2:1F:7B:35:CC:08","3.3707865168539324","0","0.6009615384615384","0","178","2022-05-13T06:27:00.000Z","1652423220",
"2551","22b77d7829c68dcd","E2:1F:7B:35:CC:08","2.247191011235955","0","0.6009615384615384","0","178","2022-05-13T06:28:00.000Z","1652423280",
"2551","22b77d7829c68dcd","E2:1F:7B:35:CC:08","17.97752808988764","2","0.6009615384615384","4","178","2022-05-13T06:29:00.000Z","1652423340",
"2551","22b77d7829c68dcd","E2:1F:7B:35:CC:08","20.224719101123597","1","0.6510416666666666","1","178","2022-05-13T06:30:00.000Z","1652423400",
"2551","22b77d7829c68dcd","E2:1F:7B:35:CC:08","12.359550561797754","0","0.6793478260869565","7","178","2022-05-13T06:31:00.000Z","1652423460",
"2551","22b77d7829c68dcd","E2:1F:7B:35:CC:08","17.97752808988764","0","0.6510416666666666","1","178","2022-05-13T06:32:00.000Z","1652423520",
"2551","22b77d7829c68dcd","E2:1F:7B:35:CC:08","8.98876404494382","0","0.6793478260869565","0","178","2022-05-13T06:33:00.000Z","1652423580",
"2551","22b77d7829c68dcd","E2:1F:7B:35:CC:08","7.865168539325842","0","0.6793478260869565","0","178","2022-05-13T06:34:00.000Z","1652423640",
"2551","22b77d7829c68dcd","E2:1F:7B:35:CC:08","5.617977528089888","0","0.6793478260869565","0","178","2022-05-13T06:35:00.000Z","1652423700",
"2551","22b77d7829c68dcd","E2:1F:7B:35:CC:08","3.3707865168539324","0","0.6793478260869565","0","178","2022-05-13T06:36:00.000Z","1652423760",
"2551","22b77d7829c68dcd","E2:1F:7B:35:CC:08","2.247191011235955","0","0.7102272727272727","0","178","2022-05-13T06:37:00.000Z","1652423820",
"2551","22b77d7829c68dcd","E2:1F:7B:35:CC:08","12.359550561797754","2","0.390625","0","178","2022-05-13T06:38:00.000Z","1652423880",
"2551","22b77d7829c68dcd","E2:1F:7B:35:CC:08","22.471910112359552","2","0.7440476190476191","1","178","2022-05-13T06:39:00.000Z","1652423940",
"2551","22b77d7829c68dcd","E2:1F:7B:35:CC:08","20.224719101123597","0","0.78125","1","178","2022-05-13T06:40:00.000Z","1652424000",
"2551","22b77d7829c68dcd","E2:1F:7B:35:CC:08","14.606741573033707","0","0.8680555555555556","0","178","2022-05-13T06:41:00.000Z","1652424060",
"2551","22b77d7829c68dcd","E2:1F:7B:35:CC:08","13.48314606741573","0","0.8223684210526315","5","178","2022-05-13T06:42:00.000Z","1652424120",
"2551","22b77d7829c68dcd","E2:1F:7B:35:CC:08","21.348314606741575","2","0.8223684210526315","7","178","2022-05-13T06:43:00.000Z","1652424180",
"2551","22b77d7829c68dcd","E2:1F:7B:35:CC:08","15.730337078651685","0","0.8223684210526315","2","178","2022-05-13T06:44:00.000Z","1652424240",
"2551","22b77d7829c68dcd","E2:1F:7B:35:CC:08","17.97752808988764","1","0.7102272727272727","5","178","2022-05-13T06:45:00.000Z","1652424300",
"2551","22b77d7829c68dcd","E2:1F:7B:35:CC:08","38.20224719101124","1","0.7102272727272727","4","178","2022-05-13T06:46:00.000Z","1652424360",
"2551","22b77d7829c68dcd","E2:1F:7B:35:CC:08","21.348314606741575","0","0.7440476190476191","2","178","2022-05-13T06:47:00.000Z","1652424420",
"2551","22b77d7829c68dcd","E2:1F:7B:35:CC:08","20.224719101123597","0","0.7440476190476191","0","178","2022-05-13T06:48:00.000Z","1652424480",
"2551","22b77d7829c68dcd","E2:1F:7B:35:CC:08","16.853932584269664","0","0.7440476190476191","0","178","2022-05-13T06:49:00.000Z","1652424540",
"2551","22b77d7829c68dcd","E2:1F:7B:35:CC:08","10.112359550561798","0","0.78125","0","178","2022-05-13T06:50:00.000Z","1652424600",
"2551","22b77d7829c68dcd","E2:1F:7B:35:CC:08","7.865168539325842","0","0.78125","0","178","2022-05-13T06:51:00.000Z","1652424660",
"2551","22b77d7829c68dcd","E2:1F:7B:35:CC:08","7.865168539325842","0","0.8223684210526315","0","178","2022-05-13T06:52:00.000Z","1652424720",
"2551","22b77d7829c68dcd","E2:1F:7B:35:CC:08","12.359550561797754","0","0.8680555555555556","1","178","2022-05-13T06:53:00.000Z","1652424780",
"2551","22b77d7829c68dcd","E2:1F:7B:35:CC:08","16.853932584269664","0","0.8223684210526315","4","178","2022-05-13T06:54:00.000Z","1652424840",
"2551","22b77d7829c68dcd","E2:1F:7B:35:CC:08","7.865168539325842","0","0.8680555555555556","0","178","2022-05-13T06:55:00.000Z","1652424900",
"2551","22b77d7829c68dcd","E2:1F:7B:35:CC:08","5.617977528089888","0","0.8680555555555556","1","178","2022-05-13T06:56:00.000Z","1652424960",
"2551","22b77d7829c68dcd","E2:1F:7B:35:CC:08","14.606741573033707","0","0.8680555555555556","7","178","2022-05-13T06:57:00.000Z","1652425020",
"2551","22b77d7829c68dcd","E2:1F:7B:35:CC:08","23.59550561797753","0","0.8680555555555556","4","178","2022-05-13T06:58:00.000Z","1652425080",
"2551","22b77d7829c68dcd","E2:1F:7B:35:CC:08","14.606741573033707","0","0.9191176470588235","2","178","2022-05-13T06:59:00.000Z","1652425140",
"2551","22b77d7829c68dcd","E2:1F:7B:35:CC:08","10.112359550561798","0","0.9191176470588235","5","178","2022-05-13T07:00:00.000Z","1652425200",
"2551","22b77d7829c68dcd","E2:1F:7B:35:CC:08","8.98876404494382","0","0.9191176470588235","0","178","2022-05-13T07:01:00.000Z","1652425260",
"2551","22b77d7829c68dcd","E2:1F:7B:35:CC:08","19.10112359550562","2","0.9191176470588235","2","178","2022-05-13T07:02:00.000Z","1652425320",
"2551","22b77d7829c68dcd","E2:1F:7B:35:CC:08","29.213483146067414","1","0.41118421052631576","8","178","2022-05-13T07:03:00.000Z","1652425380",
"2551","22b77d7829c68dcd","E2:1F:7B:35:CC:08","41.57303370786517","6","0.5040322580645161","0","178","2022-05-13T07:04:00.000Z","1652425440",
"2551","22b77d7829c68dcd","E2:1F:7B:35:CC:08","28.089887640449437","1","0.5580357142857143","0","178","2022-05-13T07:05:00.000Z","1652425500",
"2551","22b77d7829c68dcd","E2:1F:7B:35:CC:08","24.719101123595507","1","0.6510416666666666","0","178","2022-05-13T07:06:00.000Z","1652425560",
"2551","22b77d7829c68dcd","E2:1F:7B:35:CC:08","42.69662921348315","0","0.7440476190476191","0","178","2022-05-13T07:07:00.000Z","1652425620",
"2551","22b77d7829c68dcd","E2:1F:7B:35:CC:08","57.30337078651685","4","0.16622340425531915","0","178","2022-05-13T07:08:00.000Z","1652425680",
"2551","22b77d7829c68dcd","E2:1F:7B:35:CC:08","39.325842696629216","0","0.17755681818181818","0","178","2022-05-13T07:09:00.000Z","1652425740",
"2551","22b77d7829c68dcd","E2:1F:7B:35:CC:08","24.719101123595507","1","0.17755681818181818","0","178","2022-05-13T07:10:00.000Z","1652425800",
"2551","22b77d7829c68dcd","E2:1F:7B:35:CC:08","28.089887640449437","2","0.1736111111111111","1","178","2022-05-13T07:11:00.000Z","1652425860",
"2551","22b77d7829c68dcd","E2:1F:7B:35:CC:08","28.089887640449437","1","0.16801075268817203","0","178","2022-05-13T07:12:00.000Z","1652425920",
"2551","22b77d7829c68dcd","E2:1F:7B:35:CC:08","22.471910112359552","1","0.16276041666666666","0","178","2022-05-13T07:13:00.000Z","1652425980",
"2551","22b77d7829c68dcd","E2:1F:7B:35:CC:08","16.853932584269664","0","0.16447368421052633","0","178","2022-05-13T07:14:00.000Z","1652426040",
"2551","22b77d7829c68dcd","E2:1F:7B:35:CC:08","13.48314606741573","0","0.17755681818181818","8","178","2022-05-13T07:15:00.000Z","1652426100",
"2551","22b77d7829c68dcd","E2:1F:7B:35:CC:08","40.449438202247194","8","0.5208333333333334","63","178","2022-05-13T07:16:00.000Z","1652426160",
"2551","22b77d7829c68dcd","E2:1F:7B:35:CC:08","51.68539325842696","3","0.23674242424242425","15","178","2022-05-13T07:17:00.000Z","1652426220",
"2551","22b77d7829c68dcd","E2:1F:7B:35:CC:08","79.7752808988764","8","0.38109756097560976","4","178","2022-05-13T07:18:00.000Z","1652426280",
"2551","22b77d7829c68dcd","E2:1F:7B:35:CC:08","68.53932584269663","7","0.6009615384615384","4","178","2022-05-13T07:19:00.000Z","1652426340",
"2551","22b77d7829c68dcd","E2:1F:7B:35:CC:08","74.15730337078652","7","0.6793478260869565","7","178","2022-05-13T07:20:00.000Z","1652426400",
"2551","22b77d7829c68dcd","E2:1F:7B:35:CC:08","74.15730337078652","2","0.78125","7","178","2022-05-13T07:21:00.000Z","1652426460",
"2551","22b77d7829c68dcd","E2:1F:7B:35:CC:08","60.674157303370784","2","0.8223684210526315","1","178","2022-05-13T07:22:00.000Z","1652426520",
"2551","22b77d7829c68dcd","E2:1F:7B:35:CC:08","59.550561797752806","3","0.7102272727272727","7","178","2022-05-13T07:23:00.000Z","1652426580",
"2551","22b77d7829c68dcd","E2:1F:7B:35:CC:08","40.449438202247194","0","0.6793478260869565","0","178","2022-05-13T07:24:00.000Z","1652426640",
"2551","22b77d7829c68dcd","E2:1F:7B:35:CC:08","39.325842696629216","3","0.7102272727272727","0","178","2022-05-13T07:25:00.000Z","1652426700",
"2551","22b77d7829c68dcd","E2:1F:7B:35:CC:08","38.20224719101124","2","0.78125","2","178","2022-05-13T07:26:00.000Z","1652426760",
"2551","22b77d7829c68dcd","E2:1F:7B:35:CC:08","61.79775280898876","6","0.9191176470588235","5","178","2022-05-13T07:27:00.000Z","1652426820",
"2551","22b77d7829c68dcd","E2:1F:7B:35:CC:08","59.550561797752806","2","0.20032051282051283","7","178","2022-05-13T07:28:00.000Z","1652426880",
"2551","22b77d7829c68dcd","E2:1F:7B:35:CC:08","64.04494382022472","10","0.25201612903225806","0","178","2022-05-13T07:29:00.000Z","1652426940",
"2551","22b77d7829c68dcd","E2:1F:7B:35:CC:08","68.53932584269663","3","0.44642857142857145","4","178","2022-05-13T07:30:00.000Z","1652427000",
"2551","22b77d7829c68dcd","E2:1F:7B:35:CC:08","70.78651685393258","8","0.5040322580645161","0","178","2022-05-13T07:31:00.000Z","1652427060",
"2551","22b77d7829c68dcd","E2:1F:7B:35:CC:08","83.14606741573034","7","0.9765625","7","178","2022-05-13T07:32:00.000Z","1652427120",
"2551","22b77d7829c68dcd","E2:1F:7B:35:CC:08","92.13483146067416","3","0.9765625","5","178","2022-05-13T07:33:00.000Z","1652427180",
"2551","22b77d7829c68dcd","E2:1F:7B:35:CC:08","100","6","1.1160714285714286","7","178","2022-05-13T07:34:00.000Z","1652427240",
"2551","22b77d7829c68dcd","E2:1F:7B:35:CC:08","100","4","1.2019230769230769","11","178","2022-05-13T07:35:00.000Z","1652427300",
"2551","22b77d7829c68dcd","E2:1F:7B:35:CC:08","76.40449438202248","1","1.2019230769230769","4","178","2022-05-13T07:36:00.000Z","1652427360",
"2551","22b77d7829c68dcd","E2:1F:7B:35:CC:08","73.03370786516854","3","1.4204545454545454","2","178","2022-05-13T07:37:00.000Z","1652427420",
"2551","22b77d7829c68dcd","E2:1F:7B:35:CC:08","52.80898876404494","3","1.3020833333333333","5","178","2022-05-13T07:38:00.000Z","1652427480",
"2551","22b77d7829c68dcd","E2:1F:7B:35:CC:08","40.449438202247194","4","1.3020833333333333","8","178","2022-05-13T07:39:00.000Z","1652427540",
"2551","22b77d7829c68dcd","E2:1F:7B:35:CC:08","35.95505617977528","2","1.3020833333333333","5","178","2022-05-13T07:40:00.000Z","1652427600",
"2551","22b77d7829c68dcd","E2:1F:7B:35:CC:08","46.06741573033708","8","1.3020833333333333","0","178","2022-05-13T07:41:00.000Z","1652427660",
"2551","22b77d7829c68dcd","E2:1F:7B:35:CC:08","39.325842696629216","6","1.3020833333333333","0","178","2022-05-13T07:42:00.000Z","1652427720",
"2551","22b77d7829c68dcd","E2:1F:7B:35:CC:08","62.92134831460674","7","1.7361111111111112","4","178","2022-05-13T07:43:00.000Z","1652427780",
"2551","22b77d7829c68dcd","E2:1F:7B:35:CC:08","61.79775280898876","5","1.7361111111111112","0","178","2022-05-13T07:44:00.000Z","1652427840",
"2551","22b77d7829c68dcd","E2:1F:7B:35:CC:08","60.674157303370784","4","1.7361111111111112","4","178","2022-05-13T07:45:00.000Z","1652427900",
"2551","22b77d7829c68dcd","E2:1F:7B:35:CC:08","60.674157303370784","1","1.5625","7","178","2022-05-13T07:46:00.000Z","1652427960",
"2551","22b77d7829c68dcd","E2:1F:7B:35:CC:08","42.69662921348315","2","1.5625","4","178","2022-05-13T07:47:00.000Z","1652428020",
"2551","22b77d7829c68dcd","E2:1F:7B:35:CC:08","33.70786516853933","1","1.5625","4","178","2022-05-13T07:48:00.000Z","1652428080",
"2551","22b77d7829c68dcd","E2:1F:7B:35:CC:08","29.213483146067414","0","1.4204545454545454","0","178","2022-05-13T07:49:00.000Z","1652428140",
"2551","22b77d7829c68dcd","E2:1F:7B:35:CC:08","30.337078651685392","3","1.4204545454545454","5","178","2022-05-13T07:50:00.000Z","1652428200",
"2551","22b77d7829c68dcd","E2:1F:7B:35:CC:08","35.95505617977528","5","1.7361111111111112","4","178","2022-05-13T07:51:00.000Z","1652428260",
"2551","22b77d7829c68dcd","E2:1F:7B:35:CC:08","62.92134831460674","5","1.7361111111111112","5","178","2022-05-13T07:52:00.000Z","1652428320",
"2551","22b77d7829c68dcd","E2:1F:7B:35:CC:08","64.04494382022472","1","1.7361111111111112","7","178","2022-05-13T07:53:00.000Z","1652428380",
"2551","22b77d7829c68dcd","E2:1F:7B:35:CC:08","89.88764044943821","3","1.7361111111111112","5","178","2022-05-13T07:54:00.000Z","1652428440",
"2551","22b77d7829c68dcd","E2:1F:7B:35:CC:08","53.93258426966292","0","1.7361111111111112","0","178","2022-05-13T07:55:00.000Z","1652428500",
"2551","22b77d7829c68dcd","E2:1F:7B:35:CC:08","42.69662921348315","0","1.5625","0","178","2022-05-13T07:56:00.000Z","1652428560",
"2551","22b77d7829c68dcd","E2:1F:7B:35:CC:08","40.449438202247194","4","1.953125","5","178","2022-05-13T07:57:00.000Z","1652428620",
"2551","22b77d7829c68dcd","E2:1F:7B:35:CC:08","55.056179775280896","7","1.953125","5","178","2022-05-13T07:58:00.000Z","1652428680",
"2551","22b77d7829c68dcd","E2:1F:7B:35:CC:08","62.92134831460674","6","2.232142857142857","4","178","2022-05-13T07:59:00.000Z","1652428740",
"2551","22b77d7829c68dcd","E2:1F:7B:35:CC:08","52.80898876404494","2","1.953125","5","178","2022-05-13T08:00:00.000Z","1652428800",
"2551","22b77d7829c68dcd","E2:1F:7B:35:CC:08","42.69662921348315","2","1.7361111111111112","1","178","2022-05-13T08:01:00.000Z","1652428860",
"2551","22b77d7829c68dcd","E2:1F:7B:35:CC:08","42.69662921348315","2","1.7361111111111112","4","178","2022-05-13T08:02:00.000Z","1652428920",
"2551","22b77d7829c68dcd","E2:1F:7B:35:CC:08","49.438202247191015","6","1.953125","2","178","2022-05-13T08:03:00.000Z","1652428980",
"2551","22b77d7829c68dcd","E2:1F:7B:35:CC:08","48.31460674157304","3","1.7361111111111112","11","178","2022-05-13T08:04:00.000Z","1652429040",
"2551","22b77d7829c68dcd","E2:1F:7B:35:CC:08","43.82022471910113","1","1.7361111111111112","8","178","2022-05-13T08:05:00.000Z","1652429100",
"2551","22b77d7829c68dcd","E2:1F:7B:35:CC:08","53.93258426966292","8","1.3020833333333333","7","178","2022-05-13T08:06:00.000Z","1652429160",
"2551","22b77d7829c68dcd","E2:1F:7B:35:CC:08","75.28089887640449","4","1.5625","7","178","2022-05-13T08:07:00.000Z","1652429220",
"2551","22b77d7829c68dcd","E2:1F:7B:35:CC:08","52.80898876404494","0","1.4204545454545454","2","178","2022-05-13T08:08:00.000Z","1652429280",
"2551","22b77d7829c68dcd","E2:1F:7B:35:CC:08","25.84269662921348","0","1.3020833333333333","0","178","2022-05-13T08:10:00.000Z","1652429400",
"2551","22b77d7829c68dcd","E2:1F:7B:35:CC:08","23.59550561797753","0","1.3020833333333333","1","178","2022-05-13T08:11:00.000Z","1652429460",
"2551","22b77d7829c68dcd","E2:1F:7B:35:CC:08","19.10112359550562","0","1.3020833333333333","0","178","2022-05-13T08:12:00.000Z","1652429520",
"2551","22b77d7829c68dcd","E2:1F:7B:35:CC:08","19.10112359550562","0","1.3020833333333333","2","178","2022-05-13T08:13:00.000Z","1652429580",
"2551","22b77d7829c68dcd","E2:1F:7B:35:CC:08","14.606741573033707","0","1.3020833333333333","0","178","2022-05-13T08:14:00.000Z","1652429640",
"2551","22b77d7829c68dcd","E2:1F:7B:35:CC:08","20.224719101123597","0","1.2019230769230769","1","178","2022-05-13T08:15:00.000Z","1652429700",
"2551","22b77d7829c68dcd","E2:1F:7B:35:CC:08","32.76836158192091","6","1.4204545454545454","4","177","2022-05-13T08:17:00.000Z","1652429820",
"2551","22b77d7829c68dcd","E2:1F:7B:35:CC:08","53.10734463276836","3","1.5625","7","177","2022-05-13T08:18:00.000Z","1652429880",
"2551","22b77d7829c68dcd","E2:1F:7B:35:CC:08","37.07865168539326","1","1.4204545454545454","2","178","2022-05-13T08:19:00.000Z","1652429940",
"2551","22b77d7829c68dcd","E2:1F:7B:35:CC:08","25.84269662921348","1","1.4204545454545454","1","178","2022-05-13T08:20:00.000Z","1652430000",
"2551","22b77d7829c68dcd","E2:1F:7B:35:CC:08","39.325842696629216","3","1.5625","8","178","2022-05-13T08:21:00.000Z","1652430060",
"2551","22b77d7829c68dcd","E2:1F:7B:35:CC:08","49.438202247191015","5","1.7361111111111112","26","178","2022-05-13T08:22:00.000Z","1652430120",
"2551","22b77d7829c68dcd","E2:1F:7B:35:CC:08","71.91011235955057","3","1.953125","5","178","2022-05-13T08:23:00.000Z","1652430180",
"2551","22b77d7829c68dcd","E2:1F:7B:35:CC:08","94.38202247191012","3","1.953125","12","178","2022-05-13T08:24:00.000Z","1652430240",
"2551","22b77d7829c68dcd","E2:1F:7B:35:CC:08","56.81818181818182","1","1.7361111111111112","1","176","2022-05-13T08:25:00.000Z","1652430300",
"2551","22b77d7829c68dcd","E2:1F:7B:35:CC:08","51.13636363636363","2","1.7361111111111112","4","176","2022-05-13T08:26:00.000Z","1652430360",
"2551","22b77d7829c68dcd","E2:1F:7B:35:CC:08","30.681818181818183","0","1.7361111111111112","0","176","2022-05-13T08:27:00.000Z","1652430420",
"2551","22b77d7829c68dcd","E2:1F:7B:35:CC:08","15.909090909090908","0","1.7361111111111112","0","176","2022-05-13T08:28:00.000Z","1652430480",
"2551","22b77d7829c68dcd","E2:1F:7B:35:CC:08","27.272727272727273","2","1.7361111111111112","7","176","2022-05-13T08:29:00.000Z","1652430540",
"2551","22b77d7829c68dcd","E2:1F:7B:35:CC:08","37.5","2","1.7361111111111112","1","176","2022-05-13T08:30:00.000Z","1652430600",
"2551","22b77d7829c68dcd","E2:1F:7B:35:CC:08","35.22727272727273","2","1.7361111111111112","2","176","2022-05-13T08:31:00.000Z","1652430660",
"2551","22b77d7829c68dcd","E2:1F:7B:35:CC:08","45.45454545454545","4","1.7361111111111112","2","176","2022-05-13T08:32:00.000Z","1652430720",
"2551","22b77d7829c68dcd","E2:1F:7B:35:CC:08","48.86363636363637","5","1.7361111111111112","8","176","2022-05-13T08:33:00.000Z","1652430780",
"2551","22b77d7829c68dcd","E2:1F:7B:35:CC:08","53.40909090909091","6","1.953125","12","176","2022-05-13T08:34:00.000Z","1652430840",
"2551","22b77d7829c68dcd","E2:1F:7B:35:CC:08","60.22727272727273","2","1.7361111111111112","5","176","2022-05-13T08:35:00.000Z","1652430900",
"2551","22b77d7829c68dcd","E2:1F:7B:35:CC:08","48.86363636363637","2","1.7361111111111112","4","176","2022-05-13T08:36:00.000Z","1652430960",
"2551","22b77d7829c68dcd","E2:1F:7B:35:CC:08","61.36363636363637","5","0.9191176470588235","8","176","2022-05-13T08:37:00.000Z","1652431020",
"2551","22b77d7829c68dcd","E2:1F:7B:35:CC:08","54.54545454545455","5","0.9765625","7","176","2022-05-13T08:38:00.000Z","1652431080",
"2551","22b77d7829c68dcd","E2:1F:7B:35:CC:08","29.545454545454547","2","0.9765625","2","176","2022-05-13T08:39:00.000Z","1652431140",
"2551","22b77d7829c68dcd","E2:1F:7B:35:CC:08","28.40909090909091","3","1.0416666666666667","0","176","2022-05-13T08:40:00.000Z","1652431200",
"2551","22b77d7829c68dcd","E2:1F:7B:35:CC:08","35.22727272727273","4","1.0416666666666667","2","176","2022-05-13T08:41:00.000Z","1652431260",
"2551","22b77d7829c68dcd","E2:1F:7B:35:CC:08","31.818181818181817","1","0.9191176470588235","2","176","2022-05-13T08:42:00.000Z","1652431320",
"2551","22b77d7829c68dcd","E2:1F:7B:35:CC:08","36.36363636363637","5","0.3472222222222222","9","176","2022-05-13T08:43:00.000Z","1652431380",
"2551","22b77d7829c68dcd","E2:1F:7B:35:CC:08","40.90909090909091","2","1.4204545454545454","0","176","2022-05-13T08:44:00.000Z","1652431440",
"2551","22b77d7829c68dcd","E2:1F:7B:35:CC:08","38.63636363636363","2","1.3020833333333333","5","176","2022-05-13T08:45:00.000Z","1652431500",
"2551","22b77d7829c68dcd","E2:1F:7B:35:CC:08","29.545454545454547","0","1.4204545454545454","0","176","2022-05-13T08:46:00.000Z","1652431560",
"2551","22b77d7829c68dcd","E2:1F:7B:35:CC:08","20.454545454545453","0","1.3020833333333333","2","176","2022-05-13T08:47:00.000Z","1652431620",
"2551","22b77d7829c68dcd","E2:1F:7B:35:CC:08","23.863636363636363","1","1.4204545454545454","0","176","2022-05-13T08:48:00.000Z","1652431680",
"2551","22b77d7829c68dcd","E2:1F:7B:35:CC:08","15.909090909090908","0","1.4204545454545454","0","176","2022-05-13T08:49:00.000Z","1652431740",
"2551","22b77d7829c68dcd","E2:1F:7B:35:CC:08","15.909090909090908","0","1.4204545454545454","1","176","2022-05-13T08:50:00.000Z","1652431800",
"2551","22b77d7829c68dcd","E2:1F:7B:35:CC:08","23.863636363636363","0","1.4204545454545454","0","176","2022-05-13T08:51:00.000Z","1652431860",
"2551","22b77d7829c68dcd","E2:1F:7B:35:CC:08","27.272727272727273","1","1.4204545454545454","2","176","2022-05-13T08:52:00.000Z","1652431920",
"2551","22b77d7829c68dcd","E2:1F:7B:35:CC:08","21.59090909090909","0","1.4204545454545454","0","176","2022-05-13T08:53:00.000Z","1652431980",
"2551","22b77d7829c68dcd","E2:1F:7B:35:CC:08","14.772727272727273","0","1.4204545454545454","0","176","2022-05-13T08:54:00.000Z","1652432040",
"2551","22b77d7829c68dcd","E2:1F:7B:35:CC:08","12.5","0","1.4204545454545454","0","176","2022-05-13T08:55:00.000Z","1652432100",
"2551","22b77d7829c68dcd","E2:1F:7B:35:CC:08","12.5","0","1.4204545454545454","0","176","2022-05-13T08:56:00.000Z","1652432160",
"2551","22b77d7829c68dcd","E2:1F:7B:35:CC:08","11.363636363636363","0","1.4204545454545454","1","176","2022-05-13T08:57:00.000Z","1652432220",
"2551","22b77d7829c68dcd","E2:1F:7B:35:CC:08","17.045454545454547","0","1.4204545454545454","1","176","2022-05-13T08:58:00.000Z","1652432280",
"2551","22b77d7829c68dcd","E2:1F:7B:35:CC:08","13.636363636363637","0","1.4204545454545454","0","176","2022-05-13T08:59:00.000Z","1652432340",
"2551","22b77d7829c68dcd","E2:1F:7B:35:CC:08","7.954545454545454","0","1.4204545454545454","0","176","2022-05-13T09:00:00.000Z","1652432400",
"2551","22b77d7829c68dcd","E2:1F:7B:35:CC:08","10.227272727272727","0","1.4204545454545454","1","176","2022-05-13T09:01:00.000Z","1652432460",
"2551","22b77d7829c68dcd","E2:1F:7B:35:CC:08","25","0","1.3020833333333333","1","176","2022-05-13T09:02:00.000Z","1652432520",
"2551","22b77d7829c68dcd","E2:1F:7B:35:CC:08","23.863636363636363","0","1.3020833333333333","1","176","2022-05-13T09:03:00.000Z","1652432580",
"2551","22b77d7829c68dcd","E2:1F:7B:35:CC:08","19.318181818181817","0","1.4204545454545454","0","176","2022-05-13T09:04:00.000Z","1652432640",
"2551","22b77d7829c68dcd","E2:1F:7B:35:CC:08","47.72727272727273","0","1.1160714285714286","5","176","2022-05-13T09:05:00.000Z","1652432700",
"2551","22b77d7829c68dcd","E2:1F:7B:35:CC:08","36.36363636363637","1","1.2019230769230769","1","176","2022-05-13T09:06:00.000Z","1652432760",
"2551","22b77d7829c68dcd","E2:1F:7B:35:CC:08","34.09090909090909","1","1.2019230769230769","0","176","2022-05-13T09:07:00.000Z","1652432820",
"2551","22b77d7829c68dcd","E2:1F:7B:35:CC:08","23.863636363636363","0","1.2019230769230769","0","176","2022-05-13T09:08:00.000Z","1652432880",
"2551","22b77d7829c68dcd","E2:1F:7B:35:CC:08","19.318181818181817","0","1.1160714285714286","1","176","2022-05-13T09:09:00.000Z","1652432940",
"2551","22b77d7829c68dcd","E2:1F:7B:35:CC:08","14.772727272727273","0","1.1160714285714286","1","176","2022-05-13T09:10:00.000Z","1652433000",
"2551","22b77d7829c68dcd","E2:1F:7B:35:CC:08","13.636363636363637","0","1.1160714285714286","0","176","2022-05-13T09:11:00.000Z","1652433060",
"2551","22b77d7829c68dcd","E2:1F:7B:35:CC:08","14.772727272727273","0","1.1160714285714286","1","176","2022-05-13T09:12:00.000Z","1652433120",
"2551","22b77d7829c68dcd","E2:1F:7B:35:CC:08","19.318181818181817","0","1.0416666666666667","0","176","2022-05-13T09:13:00.000Z","1652433180",
"2551","22b77d7829c68dcd","E2:1F:7B:35:CC:08","21.59090909090909","1","1.0416666666666667","0","176","2022-05-13T09:14:00.000Z","1652433240",
"2551","22b77d7829c68dcd","E2:1F:7B:35:CC:08","26.136363636363637","0","1.0416666666666667","4","176","2022-05-13T09:15:00.000Z","1652433300",
"2551","22b77d7829c68dcd","E2:1F:7B:35:CC:08","42.04545454545455","2","1.0416666666666667","7","176","2022-05-13T09:16:00.000Z","1652433360",
"2551","22b77d7829c68dcd","E2:1F:7B:35:CC:08","50","4","0.9765625","2","176","2022-05-13T09:17:00.000Z","1652433420",
"2551","22b77d7829c68dcd","E2:1F:7B:35:CC:08","44.31818181818182","2","1.0416666666666667","2","176","2022-05-13T09:18:00.000Z","1652433480",
"2551","22b77d7829c68dcd","E2:1F:7B:35:CC:08","21.59090909090909","1","1.0416666666666667","0","176","2022-05-13T09:19:00.000Z","1652433540",
"2551","22b77d7829c68dcd","E2:1F:7B:35:CC:08","19.318181818181817","0","1.0416666666666667","1","176","2022-05-13T09:20:00.000Z","1652433600",
"2551","22b77d7829c68dcd","E2:1F:7B:35:CC:08","15.909090909090908","0","0.9765625","1","176","2022-05-13T09:21:00.000Z","1652433660",
"2551","22b77d7829c68dcd","E2:1F:7B:35:CC:08","35.22727272727273","2","0.9765625","0","176","2022-05-13T09:22:00.000Z","1652433720",
"2551","22b77d7829c68dcd","E2:1F:7B:35:CC:08","28.40909090909091","0","1.0416666666666667","0","176","2022-05-13T09:23:00.000Z","1652433780",
"2551","22b77d7829c68dcd","E2:1F:7B:35:CC:08","21.59090909090909","0","0.9765625","1","176","2022-05-13T09:24:00.000Z","1652433840",
"2551","22b77d7829c68dcd","E2:1F:7B:35:CC:08","15.909090909090908","0","0.9765625","0","176","2022-05-13T09:25:00.000Z","1652433900",
"2551","22b77d7829c68dcd","E2:1F:7B:35:CC:08","10.227272727272727","0","1.0416666666666667","0","176","2022-05-13T09:26:00.000Z","1652433960",
"2551","22b77d7829c68dcd","E2:1F:7B:35:CC:08","28.40909090909091","3","1.3020833333333333","5","176","2022-05-13T09:27:00.000Z","1652434020",
"2551","22b77d7829c68dcd","E2:1F:7B:35:CC:08","32.95454545454545","2","1.1160714285714286","4","176","2022-05-13T09:28:00.000Z","1652434080",
"2551","22b77d7829c68dcd","E2:1F:7B:35:CC:08","40.90909090909091","4","1.4204545454545454","7","176","2022-05-13T09:29:00.000Z","1652434140",
"2551","22b77d7829c68dcd","E2:1F:7B:35:CC:08","45.45454545454545","3","1.2019230769230769","2","176","2022-05-13T09:31:00.000Z","1652434260",
"2551","22b77d7829c68dcd","E2:1F:7B:35:CC:08","32.95454545454545","1","1.2019230769230769","0","176","2022-05-13T09:32:00.000Z","1652434320",
"2551","22b77d7829c68dcd","E2:1F:7B:35:CC:08","35.22727272727273","0","1.2019230769230769","0","176","2022-05-13T09:33:00.000Z","1652434380",
"2551","22b77d7829c68dcd","E2:1F:7B:35:CC:08","39.77272727272727","3","1.2019230769230769","1","176","2022-05-13T09:34:00.000Z","1652434440",
"2551","22b77d7829c68dcd","E2:1F:7B:35:CC:08","36.36363636363637","4","1.2019230769230769","0","176","2022-05-13T09:35:00.000Z","1652434500",
"2551","22b77d7829c68dcd","E2:1F:7B:35:CC:08","31.818181818181817","3","1.2019230769230769","0","176","2022-05-13T09:36:00.000Z","1652434560",
"2551","22b77d7829c68dcd","E2:1F:7B:35:CC:08","37.5","3","1.2019230769230769","0","176","2022-05-13T09:37:00.000Z","1652434620",
"2551","22b77d7829c68dcd","E2:1F:7B:35:CC:08","24","0","1.2019230769230769","0","175","2022-05-13T09:39:00.000Z","1652434740",
"2551","22b77d7829c68dcd","E2:1F:7B:35:CC:08","17.142857142857142","0","1.1160714285714286","0","175","2022-05-13T09:40:00.000Z","1652434800",
"2551","22b77d7829c68dcd","E2:1F:7B:35:CC:08","13.714285714285714","0","1.1160714285714286","0","175","2022-05-13T09:41:00.000Z","1652434860",
"2551","22b77d7829c68dcd","E2:1F:7B:35:CC:08","8","0","1.1160714285714286","0","175","2022-05-13T09:42:00.000Z","1652434920",
"2551","22b77d7829c68dcd","E2:1F:7B:35:CC:08","10.285714285714286","0","1.1160714285714286","0","175","2022-05-13T09:43:00.000Z","1652434980",
"2551","22b77d7829c68dcd","E2:1F:7B:35:CC:08","16","0","1.1160714285714286","1","175","2022-05-13T09:44:00.000Z","1652435040",
"2551","22b77d7829c68dcd","E2:1F:7B:35:CC:08","32","2","1.1160714285714286","8","175","2022-05-13T09:45:00.000Z","1652435100",
"2551","22b77d7829c68dcd","E2:1F:7B:35:CC:08","29.714285714285715","1","1.1160714285714286","2","175","2022-05-13T09:46:00.000Z","1652435160",
"2551","22b77d7829c68dcd","E2:1F:7B:35:CC:08","30.857142857142858","0","1.1160714285714286","0","175","2022-05-13T09:47:00.000Z","1652435220",
"2551","22b77d7829c68dcd","E2:1F:7B:35:CC:08","30.857142857142858","1","1.0416666666666667","4","175","2022-05-13T09:48:00.000Z","1652435280",
"2551","22b77d7829c68dcd","E2:1F:7B:35:CC:08","24","0","1.1160714285714286","1","175","2022-05-13T09:49:00.000Z","1652435340",
"2551","22b77d7829c68dcd","E2:1F:7B:35:CC:08","26.285714285714285","1","1.0416666666666667","0","175","2022-05-13T09:50:00.000Z","1652435400",
"2551","22b77d7829c68dcd","E2:1F:7B:35:CC:08","26.285714285714285","1","1.1160714285714286","0","175","2022-05-13T09:51:00.000Z","1652435460",
"2551","22b77d7829c68dcd","E2:1F:7B:35:CC:08","19.428571428571427","0","1.1160714285714286","0","175","2022-05-13T09:52:00.000Z","1652435520",
"2551","22b77d7829c68dcd","E2:1F:7B:35:CC:08","28.571428571428573","0","1.2019230769230769","0","175","2022-05-13T09:53:00.000Z","1652435580",
"2551","22b77d7829c68dcd","E2:1F:7B:35:CC:08","44.57142857142857","4","1.0416666666666667","7","175","2022-05-13T09:54:00.000Z","1652435640",
"2551","22b77d7829c68dcd","E2:1F:7B:35:CC:08","41.142857142857146","4","1.2019230769230769","1","175","2022-05-13T09:55:00.000Z","1652435700",
"2551","22b77d7829c68dcd","E2:1F:7B:35:CC:08","36.57142857142857","5","1.2019230769230769","0","175","2022-05-13T09:56:00.000Z","1652435760",
"2551","22b77d7829c68dcd","E2:1F:7B:35:CC:08","38.857142857142854","1","1.2019230769230769","0","175","2022-05-13T09:57:00.000Z","1652435820",
"2551","22b77d7829c68dcd","E2:1F:7B:35:CC:08","28.571428571428573","1","1.1160714285714286","1","175","2022-05-13T09:58:00.000Z","1652435880",
"2551","22b77d7829c68dcd","E2:1F:7B:35:CC:08","19.428571428571427","0","1.2019230769230769","0","175","2022-05-13T09:59:00.000Z","1652435940",
"2551","22b77d7829c68dcd","E2:1F:7B:35:CC:08","17.142857142857142","0","1.1160714285714286","0","175","2022-05-13T10:00:00.000Z","1652436000",
"2551","22b77d7829c68dcd","E2:1F:7B:35:CC:08","16","0","1.1160714285714286","1","175","2022-05-13T10:01:00.000Z","1652436060",
"2551","22b77d7829c68dcd","E2:1F:7B:35:CC:08","16","0","1.1160714285714286","0","175","2022-05-13T10:02:00.000Z","1652436120",
"2551","22b77d7829c68dcd","E2:1F:7B:35:CC:08","9.142857142857142","0","1.1160714285714286","0","175","2022-05-13T10:03:00.000Z","1652436180",
"2551","22b77d7829c68dcd","E2:1F:7B:35:CC:08","8","0","1.1160714285714286","0","175","2022-05-13T10:04:00.000Z","1652436240",
"2551","22b77d7829c68dcd","E2:1F:7B:35:CC:08","12.571428571428571","0","1.1160714285714286","1","175","2022-05-13T10:05:00.000Z","1652436300",
"2551","22b77d7829c68dcd","E2:1F:7B:35:CC:08","12.571428571428571","0","1.1160714285714286","1","175","2022-05-13T10:06:00.000Z","1652436360",
"2551","22b77d7829c68dcd","E2:1F:7B:35:CC:08","27.428571428571427","3","1.1160714285714286","0","175","2022-05-13T10:07:00.000Z","1652436420",
"2551","22b77d7829c68dcd","E2:1F:7B:35:CC:08","25.142857142857142","0","1.1160714285714286","1","175","2022-05-13T10:08:00.000Z","1652436480",
"2551","22b77d7829c68dcd","E2:1F:7B:35:CC:08","22.857142857142858","1","1.0416666666666667","1","175","2022-05-13T10:09:00.000Z","1652436540",
"2551","22b77d7829c68dcd","E2:1F:7B:35:CC:08","25.142857142857142","1","0.9765625","9","175","2022-05-13T10:10:00.000Z","1652436600",
"2551","22b77d7829c68dcd","E2:1F:7B:35:CC:08","30.857142857142858","1","0.9765625","0","175","2022-05-13T10:11:00.000Z","1652436660",
"2551","22b77d7829c68dcd","E2:1F:7B:35:CC:08","26.285714285714285","1","0.9765625","0","175","2022-05-13T10:12:00.000Z","1652436720",
"2551","22b77d7829c68dcd","E2:1F:7B:35:CC:08","30.857142857142858","3","0.9191176470588235","5","175","2022-05-13T10:13:00.000Z","1652436780",
"2551","22b77d7829c68dcd","E2:1F:7B:35:CC:08","35.42857142857143","0","0.390625","4","175","2022-05-13T10:14:00.000Z","1652436840",
"2551","22b77d7829c68dcd","E2:1F:7B:35:CC:08","49.142857142857146","0","0.6510416666666666","5","175","2022-05-13T10:15:00.000Z","1652436900",
"2551","22b77d7829c68dcd","E2:1F:7B:35:CC:08","51.42857142857143","6","0.5208333333333334","14","175","2022-05-13T10:16:00.000Z","1652436960",
"2551","22b77d7829c68dcd","E2:1F:7B:35:CC:08","60.57142857142857","3","0.8223684210526315","0","175","2022-05-13T10:17:00.000Z","1652437020",
"2551","22b77d7829c68dcd","E2:1F:7B:35:CC:08","60.57142857142857","2","0.7102272727272727","16","175","2022-05-13T10:18:00.000Z","1652437080",
"2551","22b77d7829c68dcd","E2:1F:7B:35:CC:08","45.714285714285715","0","0.6510416666666666","0","175","2022-05-13T10:19:00.000Z","1652437140",
"2551","22b77d7829c68dcd","E2:1F:7B:35:CC:08","42.285714285714285","1","0.6793478260869565","1","175","2022-05-13T10:20:00.000Z","1652437200",
"2551","22b77d7829c68dcd","E2:1F:7B:35:CC:08","32","2","0.625","2","175","2022-05-13T10:21:00.000Z","1652437260",
"2551","22b77d7829c68dcd","E2:1F:7B:35:CC:08","25.142857142857142","0","0.5787037037037037","2","175","2022-05-13T10:22:00.000Z","1652437320",
"2551","22b77d7829c68dcd","E2:1F:7B:35:CC:08","30.857142857142858","2","0.6793478260869565","15","175","2022-05-13T10:23:00.000Z","1652437380",
"2551","22b77d7829c68dcd","E2:1F:7B:35:CC:08","41.142857142857146","13","0.2648305084745763","0","175","2022-05-13T10:24:00.000Z","1652437440",
"2551","22b77d7829c68dcd","E2:1F:7B:35:CC:08","61.714285714285715","6","0.26939655172413796","1","175","2022-05-13T10:25:00.000Z","1652437500",
"2551","22b77d7829c68dcd","E2:1F:7B:35:CC:08","67.42857142857143","5","0.3125","0","175","2022-05-13T10:26:00.000Z","1652437560",
"2551","22b77d7829c68dcd","E2:1F:7B:35:CC:08","51.42857142857143","4","0.33967391304347827","1","175","2022-05-13T10:27:00.000Z","1652437620",
"2551","22b77d7829c68dcd","E2:1F:7B:35:CC:08","70.85714285714286","2","0.294811320754717","2","175","2022-05-13T10:30:00.000Z","1652437800",
"2551","22b77d7829c68dcd","E2:1F:7B:35:CC:08","80","6","0.41118421052631576","0","175","2022-05-13T10:31:00.000Z","1652437860",
"2551","22b77d7829c68dcd","E2:1F:7B:35:CC:08","74.28571428571429","3","0.40064102564102566","1","175","2022-05-13T10:32:00.000Z","1652437920",
"2551","22b77d7829c68dcd","E2:1F:7B:35:CC:08","54.857142857142854","4","0.4222972972972973","0","175","2022-05-13T10:33:00.000Z","1652437980",
"2551","22b77d7829c68dcd","E2:1F:7B:35:CC:08","37.714285714285715","4","0.4734848484848485","0","175","2022-05-13T10:34:00.000Z","1652438040",
"2551","22b77d7829c68dcd","E2:1F:7B:35:CC:08","40","3","0.4734848484848485","1","175","2022-05-13T10:35:00.000Z","1652438100",
"2551","22b77d7829c68dcd","E2:1F:7B:35:CC:08","33.142857142857146","1","0.5040322580645161","0","175","2022-05-13T10:36:00.000Z","1652438160",
"2551","22b77d7829c68dcd","E2:1F:7B:35:CC:08","20.571428571428573","0","0.4734848484848485","1","175","2022-05-13T10:37:00.000Z","1652438220",
"2551","22b77d7829c68dcd","E2:1F:7B:35:CC:08","33.142857142857146","8","0.12807377049180327","7","175","2022-05-13T10:38:00.000Z","1652438280",
"2551","22b77d7829c68dcd","E2:1F:7B:35:CC:08","73.14285714285714","9","0.1474056603773585","1","175","2022-05-13T10:39:00.000Z","1652438340",
"2551","22b77d7829c68dcd","E2:1F:7B:35:CC:08","84.57142857142857","4","0.24801587301587302","4","175","2022-05-13T10:40:00.000Z","1652438400",
"2551","22b77d7829c68dcd","E2:1F:7B:35:CC:08","80","9","0.3125","0","175","2022-05-13T10:41:00.000Z","1652438460",
"2551","22b77d7829c68dcd","E2:1F:7B:35:CC:08","65.14285714285714","9","0.3633720930232558","1","175","2022-05-13T10:42:00.000Z","1652438520",
"2551","22b77d7829c68dcd","E2:1F:7B:35:CC:08","64","3","0.33967391304347827","4","175","2022-05-13T10:43:00.000Z","1652438580",
"2551","22b77d7829c68dcd","E2:1F:7B:35:CC:08","54.857142857142854","2","0.33967391304347827","1","175","2022-05-13T10:44:00.000Z","1652438640",
"2551","22b77d7829c68dcd","E2:1F:7B:35:CC:08","33.142857142857146","0","0.3633720930232558","0","175","2022-05-13T10:45:00.000Z","1652438700",
"2551","22b77d7829c68dcd","E2:1F:7B:35:CC:08","33.142857142857146","2","0.3633720930232558","1","175","2022-05-13T10:46:00.000Z","1652438760",
"2551","22b77d7829c68dcd","E2:1F:7B:35:CC:08","48","4","0.3324468085106383","0","175","2022-05-13T10:47:00.000Z","1652438820",
"2551","22b77d7829c68dcd","E2:1F:7B:35:CC:08","53.714285714285715","3","0.37202380952380953","1","175","2022-05-13T10:48:00.000Z","1652438880",
"2551","22b77d7829c68dcd","E2:1F:7B:35:CC:08","46.857142857142854","0","0.37202380952380953","4","175","2022-05-13T10:49:00.000Z","1652438940",
"2551","22b77d7829c68dcd","E2:1F:7B:35:CC:08","50.285714285714285","4","0.44642857142857145","1","175","2022-05-13T10:50:00.000Z","1652439000",
"2551","22b77d7829c68dcd","E2:1F:7B:35:CC:08","52.57142857142857","0","0.5208333333333334","1","175","2022-05-13T10:51:00.000Z","1652439060",
"2551","22b77d7829c68dcd","E2:1F:7B:35:CC:08","36.57142857142857","0","0.5787037037037037","1","175","2022-05-13T10:52:00.000Z","1652439120",
"2551","22b77d7829c68dcd","E2:1F:7B:35:CC:08","33.142857142857146","0","0.5387931034482759","5","175","2022-05-13T10:53:00.000Z","1652439180",
"2551","22b77d7829c68dcd","E2:1F:7B:35:CC:08","38.857142857142854","3","0.6009615384615384","0","175","2022-05-13T10:54:00.000Z","1652439240",
"2551","22b77d7829c68dcd","E2:1F:7B:35:CC:08","30.857142857142858","0","0.6009615384615384","1","175","2022-05-13T10:55:00.000Z","1652439300",
"2551","22b77d7829c68dcd","E2:1F:7B:35:CC:08","41.142857142857146","3","0.5387931034482759","4","175","2022-05-13T10:56:00.000Z","1652439360",
"2551","22b77d7829c68dcd","E2:1F:7B:35:CC:08","33.142857142857146","0","0.5387931034482759","28","175","2022-05-13T10:57:00.000Z","1652439420",
"2551","22b77d7829c68dcd","E2:1F:7B:35:CC:08","44.57142857142857","0","0.45955882352941174","9","175","2022-05-13T10:59:00.000Z","1652439540",
"2551","22b77d7829c68dcd","E2:1F:7B:35:CC:08","61.714285714285715","1","0.2741228070175439","2","175","2022-05-13T11:00:00.000Z","1652439600",
"2551","22b77d7829c68dcd","E2:1F:7B:35:CC:08","49.142857142857146","0","0.1736111111111111","1","175","2022-05-13T11:01:00.000Z","1652439660",
"2551","22b77d7829c68dcd","E2:1F:7B:35:CC:08","36.57142857142857","4","0.1736111111111111","0","175","2022-05-13T11:02:00.000Z","1652439720",
"2551","22b77d7829c68dcd","E2:1F:7B:35:CC:08","41.142857142857146","1","0.1816860465116279","4","175","2022-05-13T11:03:00.000Z","1652439780",
"2551","22b77d7829c68dcd","E2:1F:7B:35:CC:08","68.57142857142857","8","0.15625","0","175","2022-05-13T11:04:00.000Z","1652439840",
"2551","22b77d7829c68dcd","E2:1F:7B:35:CC:08","77.71428571428571","7","0.23674242424242425","0","175","2022-05-13T11:05:00.000Z","1652439900",
"2551","22b77d7829c68dcd","E2:1F:7B:35:CC:08","81.14285714285714","4","0.16447368421052633","0","175","2022-05-13T11:06:00.000Z","1652439960",
"2551","22b77d7829c68dcd","E2:1F:7B:35:CC:08","80","9","0.20292207792207792","0","175","2022-05-13T11:07:00.000Z","1652440020",
"2551","22b77d7829c68dcd","E2:1F:7B:35:CC:08","58.285714285714285","2","0.20292207792207792","0","175","2022-05-13T11:08:00.000Z","1652440080",
"2551","22b77d7829c68dcd","E2:1F:7B:35:CC:08","58.285714285714285","9","0.1953125","0","175","2022-05-13T11:09:00.000Z","1652440140",
"2551","22b77d7829c68dcd","E2:1F:7B:35:CC:08","54.857142857142854","2","0.175561797752809","4","175","2022-05-13T11:10:00.000Z","1652440200",
"2551","22b77d7829c68dcd","E2:1F:7B:35:CC:08","61.714285714285715","6","0.21404109589041095","0","175","2022-05-13T11:11:00.000Z","1652440260",
"2551","22b77d7829c68dcd","E2:1F:7B:35:CC:08","56","5","0.22321428571428573","0","175","2022-05-13T11:12:00.000Z","1652440320",
"2551","22b77d7829c68dcd","E2:1F:7B:35:CC:08","45.714285714285715","2","0.20032051282051283","1","175","2022-05-13T11:13:00.000Z","1652440380",
"2551","22b77d7829c68dcd","E2:1F:7B:35:CC:08","46.857142857142854","5","0.19778481012658228","0","175","2022-05-13T11:14:00.000Z","1652440440",
"2551","22b77d7829c68dcd","E2:1F:7B:35:CC:08","50.285714285714285","3","0.20292207792207792","1","175","2022-05-13T11:15:00.000Z","1652440500",
"2551","22b77d7829c68dcd","E2:1F:7B:35:CC:08","49.142857142857146","8","0.22321428571428573","0","175","2022-05-13T11:16:00.000Z","1652440560",
"2551","22b77d7829c68dcd","E2:1F:7B:35:CC:08","45.714285714285715","0","0.17959770114942528","0","175","2022-05-13T11:17:00.000Z","1652440620",
"2551","22b77d7829c68dcd","E2:1F:7B:35:CC:08","52.57142857142857","8","0.20559210526315788","0","175","2022-05-13T11:18:00.000Z","1652440680",
"2551","22b77d7829c68dcd","E2:1F:7B:35:CC:08","56","2","0.17959770114942528","1","175","2022-05-13T11:19:00.000Z","1652440740",
"2551","22b77d7829c68dcd","E2:1F:7B:35:CC:08","49.142857142857146","7","0.19290123456790123","2","175","2022-05-13T11:20:00.000Z","1652440800",
"2551","22b77d7829c68dcd","E2:1F:7B:35:CC:08","51.42857142857143","8","0.14467592592592593","1","175","2022-05-13T11:21:00.000Z","1652440860",
"2551","22b77d7829c68dcd","E2:1F:7B:35:CC:08","96","6","0.20032051282051283","7","175","2022-05-13T11:22:00.000Z","1652440920",
"2551","22b77d7829c68dcd","E2:1F:7B:35:CC:08","96","0","0.16108247422680413","16","175","2022-05-13T11:23:00.000Z","1652440980",
"2551","22b77d7829c68dcd","E2:1F:7B:35:CC:08","94.85714285714286","0","0.07370283018867925","37","175","2022-05-13T11:24:00.000Z","1652441040",
"2551","22b77d7829c68dcd","E2:1F:7B:35:CC:08","90.28571428571429","4","0.13950892857142858","39","175","2022-05-13T11:25:00.000Z","1652441100",
"2551","22b77d7829c68dcd","E2:1F:7B:35:CC:08","70.85714285714286","3","0.1547029702970297","65","175","2022-05-13T11:26:00.000Z","1652441160",
"2551","22b77d7829c68dcd","E2:1F:7B:35:CC:08","44.57142857142857","7","0.16622340425531915","77","175","2022-05-13T11:27:00.000Z","1652441220",
"2551","22b77d7829c68dcd","E2:1F:7B:35:CC:08","29.714285714285715","0","0.175561797752809","64","175","2022-05-13T11:28:00.000Z","1652441280",
"2551","22b77d7829c68dcd","E2:1F:7B:35:CC:08","41.142857142857146","5","0.10279605263157894","14","175","2022-05-13T11:29:00.000Z","1652441340",
"2551","22b77d7829c68dcd","E2:1F:7B:35:CC:08","54.857142857142854","8","0.10702054794520548","0","175","2022-05-13T11:30:00.000Z","1652441400",
"2551","22b77d7829c68dcd","E2:1F:7B:35:CC:08","62.857142857142854","8","0.10629251700680271","0","175","2022-05-13T11:31:00.000Z","1652441460",
"2551","22b77d7829c68dcd","E2:1F:7B:35:CC:08","60.57142857142857","5","0.12400793650793651","0","175","2022-05-13T11:32:00.000Z","1652441520",
"2551","22b77d7829c68dcd","E2:1F:7B:35:CC:08","53.714285714285715","4","0.1547029702970297","0","175","2022-05-13T11:33:00.000Z","1652441580",
"2551","22b77d7829c68dcd","E2:1F:7B:35:CC:08","35.42857142857143","4","0.15169902912621358","0","175","2022-05-13T11:34:00.000Z","1652441640",
"2551","22b77d7829c68dcd","E2:1F:7B:35:CC:08","37.714285714285715","6","0.143348623853211","0","175","2022-05-13T11:35:00.000Z","1652441700",
"2551","22b77d7829c68dcd","E2:1F:7B:35:CC:08","42.285714285714285","3","0.13241525423728814","4","175","2022-05-13T11:36:00.000Z","1652441760",
"2551","22b77d7829c68dcd","E2:1F:7B:35:CC:08","41.142857142857146","1","0.125","0","175","2022-05-13T11:37:00.000Z","1652441820",
"2551","22b77d7829c68dcd","E2:1F:7B:35:CC:08","46.857142857142854","4","0.15169902912621358","40","175","2022-05-13T11:38:00.000Z","1652441880",
"2551","22b77d7829c68dcd","E2:1F:7B:35:CC:08","44.57142857142857","7","0.11241007194244604","22","175","2022-05-13T11:39:00.000Z","1652441940",
"2551","22b77d7829c68dcd","E2:1F:7B:35:CC:08","45.714285714285715","10","0.10926573426573427","0","175","2022-05-13T11:40:00.000Z","1652442000",
"2551","22b77d7829c68dcd","E2:1F:7B:35:CC:08","38.857142857142854","3","0.1488095238095238","60","175","2022-05-13T11:41:00.000Z","1652442060",
"2551","22b77d7829c68dcd","E2:1F:7B:35:CC:08","37.714285714285715","2","0.13130252100840337","47","175","2022-05-13T11:42:00.000Z","1652442120",
"2551","22b77d7829c68dcd","E2:1F:7B:35:CC:08","46.857142857142854","8","0.1474056603773585","14","175","2022-05-13T11:43:00.000Z","1652442180",
"2551","22b77d7829c68dcd","E2:1F:7B:35:CC:08","46.857142857142854","0","0.08491847826086957","8","175","2022-05-13T11:44:00.000Z","1652442240",
"2551","22b77d7829c68dcd","E2:1F:7B:35:CC:08","78.85714285714286","7","0.08877840909090909","4","175","2022-05-13T11:50:00.000Z","1652442600",
"2551","22b77d7829c68dcd","E2:1F:7B:35:CC:08","90.28571428571429","0","0.06734913793103449","2","175","2022-05-13T11:52:00.000Z","1652442720",
"2551","22b77d7829c68dcd","E2:1F:7B:35:CC:08","85.71428571428571","10","0.1502403846153846","0","175","2022-05-13T11:56:00.000Z","1652442960",
"2551","22b77d7829c68dcd","E2:1F:7B:35:CC:08","72","10","0.17755681818181818","0","175","2022-05-13T11:57:00.000Z","1652443020",
"2551","22b77d7829c68dcd","E2:1F:7B:35:CC:08","59.42857142857143","8","0.2170138888888889","0","175","2022-05-13T11:58:00.000Z","1652443080",
"2551","22b77d7829c68dcd","E2:1F:7B:35:CC:08","46.857142857142854","4","0.22977941176470587","0","175","2022-05-13T11:59:00.000Z","1652443140",
"2551","22b77d7829c68dcd","E2:1F:7B:35:CC:08","34.285714285714285","1","0.2403846153846154","0","175","2022-05-13T12:00:00.000Z","1652443200",
"2551","22b77d7829c68dcd","E2:1F:7B:35:CC:08","36.57142857142857","2","0.23674242424242425","0","175","2022-05-13T12:01:00.000Z","1652443260",
"2551","22b77d7829c68dcd","E2:1F:7B:35:CC:08","28.571428571428573","0","0.25614754098360654","0","175","2022-05-13T12:02:00.000Z","1652443320",
"2551","22b77d7829c68dcd","E2:1F:7B:35:CC:08","16","0","0.2604166666666667","0","175","2022-05-13T12:03:00.000Z","1652443380",
"2551","22b77d7829c68dcd","E2:1F:7B:35:CC:08","16","0","0.2741228070175439","0","175","2022-05-13T12:04:00.000Z","1652443440",
"2551","22b77d7829c68dcd","E2:1F:7B:35:CC:08","11.428571428571429","0","0.27901785714285715","0","175","2022-05-13T12:05:00.000Z","1652443500",
"2551","22b77d7829c68dcd","E2:1F:7B:35:CC:08","14.942528735632184","0","0.3004807692307692","0","174","2022-05-13T12:08:00.000Z","1652443680",
"2551","22b77d7829c68dcd","E2:1F:7B:35:CC:08","18.39080459770115","0","0.3004807692307692","0","174","2022-05-13T12:09:00.000Z","1652443740",
"2551","22b77d7829c68dcd","E2:1F:7B:35:CC:08","12.64367816091954","0","0.3125","0","174","2022-05-13T12:10:00.000Z","1652443800",
"2551","22b77d7829c68dcd","E2:1F:7B:35:CC:08","9.195402298850574","0","0.31887755102040816","0","174","2022-05-13T12:11:00.000Z","1652443860",
"2551","22b77d7829c68dcd","E2:1F:7B:35:CC:08","14.942528735632184","1","0.30637254901960786","0","174","2022-05-13T12:12:00.000Z","1652443920",
"2551","22b77d7829c68dcd","E2:1F:7B:35:CC:08","21.839080459770116","0","0.30637254901960786","0","174","2022-05-13T12:13:00.000Z","1652443980",
"2551","22b77d7829c68dcd","E2:1F:7B:35:CC:08","24.137931034482758","0","0.30637254901960786","0","174","2022-05-13T12:14:00.000Z","1652444040",
"2551","22b77d7829c68dcd","E2:1F:7B:35:CC:08","29.885057471264368","2","0.30637254901960786","0","174","2022-05-13T12:15:00.000Z","1652444100",
"2551","22b77d7829c68dcd","E2:1F:7B:35:CC:08","31.03448275862069","2","0.294811320754717","0","174","2022-05-13T12:16:00.000Z","1652444160",
"2551","22b77d7829c68dcd","E2:1F:7B:35:CC:08","25.28735632183908","1","0.30637254901960786","0","174","2022-05-13T12:17:00.000Z","1652444220",
"2551","22b77d7829c68dcd","E2:1F:7B:35:CC:08","28.735632183908045","0","0.31887755102040816","0","174","2022-05-13T12:18:00.000Z","1652444280",
"2551","22b77d7829c68dcd","E2:1F:7B:35:CC:08","41.37931034482759","2","0.30637254901960786","0","174","2022-05-13T12:19:00.000Z","1652444340",
"2551","22b77d7829c68dcd","E2:1F:7B:35:CC:08","48.275862068965516","2","0.3324468085106383","0","174","2022-05-13T12:20:00.000Z","1652444400",
"2551","22b77d7829c68dcd","E2:1F:7B:35:CC:08","28.735632183908045","0","0.3125","0","174","2022-05-13T12:21:00.000Z","1652444460",
"2551","22b77d7829c68dcd","E2:1F:7B:35:CC:08","14.942528735632184","0","0.30637254901960786","0","174","2022-05-13T12:22:00.000Z","1652444520",
"2551","22b77d7829c68dcd","E2:1F:7B:35:CC:08","12.64367816091954","0","0.3125","0","174","2022-05-13T12:23:00.000Z","1652444580",
"2551","22b77d7829c68dcd","E2:1F:7B:35:CC:08","6.896551724137931","0","0.31887755102040816","0","174","2022-05-13T12:24:00.000Z","1652444640",
"2551","22b77d7829c68dcd","E2:1F:7B:35:CC:08","14.942528735632184","0","0.31887755102040816","0","174","2022-05-13T12:25:00.000Z","1652444700",
"2551","22b77d7829c68dcd","E2:1F:7B:35:CC:08","9.195402298850574","0","0.3324468085106383","0","174","2022-05-13T12:26:00.000Z","1652444760",
"2551","22b77d7829c68dcd","E2:1F:7B:35:CC:08","13.793103448275861","0","0.31887755102040816","0","174","2022-05-13T12:27:00.000Z","1652444820",
"2551","22b77d7829c68dcd","E2:1F:7B:35:CC:08","24.137931034482758","0","0.294811320754717","1","174","2022-05-13T12:28:00.000Z","1652444880",
"2551","22b77d7829c68dcd","E2:1F:7B:35:CC:08","43.67816091954023","4","0.3324468085106383","0","174","2022-05-13T12:29:00.000Z","1652444940",
"2551","22b77d7829c68dcd","E2:1F:7B:35:CC:08","31.3953488372093","3","0.33967391304347827","0","172","2022-05-13T12:31:00.000Z","1652445060",
"2551","22b77d7829c68dcd","E2:1F:7B:35:CC:08","48.83720930232558","0","0.31887755102040816","0","172","2022-05-13T12:32:00.000Z","1652445120",
"2551","22b77d7829c68dcd","E2:1F:7B:35:CC:08","27.906976744186046","0","0.3324468085106383","0","172","2022-05-13T12:33:00.000Z","1652445180",
"2551","22b77d7829c68dcd","E2:1F:7B:35:CC:08","25.58139534883721","0","0.3324468085106383","0","172","2022-05-13T12:34:00.000Z","1652445240",
"2551","22b77d7829c68dcd","E2:1F:7B:35:CC:08","24.41860465116279","1","0.33967391304347827","0","172","2022-05-13T12:35:00.000Z","1652445300",
"2551","22b77d7829c68dcd","E2:1F:7B:35:CC:08","20.930232558139537","1","0.3324468085106383","0","172","2022-05-13T12:36:00.000Z","1652445360",
"2551","22b77d7829c68dcd","E2:1F:7B:35:CC:08","31.3953488372093","0","0.35511363636363635","0","172","2022-05-13T12:37:00.000Z","1652445420",
"2551","22b77d7829c68dcd","E2:1F:7B:35:CC:08","32.55813953488372","1","0.31887755102040816","5","172","2022-05-13T12:38:00.000Z","1652445480",
"2551","22b77d7829c68dcd","E2:1F:7B:35:CC:08","43.02325581395349","3","0.37202380952380953","0","172","2022-05-13T12:39:00.000Z","1652445540",
"2551","22b77d7829c68dcd","E2:1F:7B:35:CC:08","41.86046511627907","2","0.35511363636363635","0","172","2022-05-13T12:40:00.000Z","1652445600",
"2551","22b77d7829c68dcd","E2:1F:7B:35:CC:08","30.232558139534884","0","0.35511363636363635","0","172","2022-05-13T12:41:00.000Z","1652445660",
"2551","22b77d7829c68dcd","E2:1F:7B:35:CC:08","27.906976744186046","0","0.3255208333333333","0","172","2022-05-13T12:42:00.000Z","1652445720",
"2551","22b77d7829c68dcd","E2:1F:7B:35:CC:08","19.767441860465116","2","0.3472222222222222","0","172","2022-05-13T12:43:00.000Z","1652445780",
"2551","22b77d7829c68dcd","E2:1F:7B:35:CC:08","22.093023255813954","0","0.35511363636363635","0","172","2022-05-13T12:44:00.000Z","1652445840",
"2551","22b77d7829c68dcd","E2:1F:7B:35:CC:08","23.25581395348837","0","0.31887755102040816","0","172","2022-05-13T12:45:00.000Z","1652445900",
"2551","22b77d7829c68dcd","E2:1F:7B:35:CC:08","44.18604651162791","3","0.33967391304347827","1","172","2022-05-13T12:46:00.000Z","1652445960",
"2551","22b77d7829c68dcd","E2:1F:7B:35:CC:08","43.02325581395349","3","0.35511363636363635","0","172","2022-05-13T12:47:00.000Z","1652446020",
"2551","22b77d7829c68dcd","E2:1F:7B:35:CC:08","25.58139534883721","0","0.37202380952380953","0","172","2022-05-13T12:48:00.000Z","1652446080",
"2551","22b77d7829c68dcd","E2:1F:7B:35:CC:08","12.790697674418604","0","0.3633720930232558","0","172","2022-05-13T12:49:00.000Z","1652446140",
"2551","22b77d7829c68dcd","E2:1F:7B:35:CC:08","11.627906976744185","0","0.3633720930232558","0","172","2022-05-13T12:50:00.000Z","1652446200",
"2551","22b77d7829c68dcd","E2:1F:7B:35:CC:08","6.976744186046512","0","0.37202380952380953","0","172","2022-05-13T12:51:00.000Z","1652446260",
"2551","22b77d7829c68dcd","E2:1F:7B:35:CC:08","24.41860465116279","2","0.3633720930232558","1","172","2022-05-13T12:52:00.000Z","1652446320",
"2551","22b77d7829c68dcd","E2:1F:7B:35:CC:08","26.74418604651163","0","0.3633720930232558","0","172","2022-05-13T12:53:00.000Z","1652446380",
"2551","22b77d7829c68dcd","E2:1F:7B:35:CC:08","24.41860465116279","0","0.37202380952380953","0","172","2022-05-13T12:54:00.000Z","1652446440",
"2551","22b77d7829c68dcd","E2:1F:7B:35:CC:08","34.883720930232556","0","0.35511363636363635","0","172","2022-05-13T12:55:00.000Z","1652446500",
"2551","22b77d7829c68dcd","E2:1F:7B:35:CC:08","31.3953488372093","0","0.3472222222222222","0","172","2022-05-13T12:56:00.000Z","1652446560",
"2551","22b77d7829c68dcd","E2:1F:7B:35:CC:08","20.930232558139537","0","0.3633720930232558","0","172","2022-05-13T12:57:00.000Z","1652446620",
"2551","22b77d7829c68dcd","E2:1F:7B:35:CC:08","18.6046511627907","0","0.3633720930232558","0","172","2022-05-13T12:58:00.000Z","1652446680",
"2551","22b77d7829c68dcd","E2:1F:7B:35:CC:08","36.04651162790697","3","0.31887755102040816","5","172","2022-05-13T12:59:00.000Z","1652446740",
"2551","22b77d7829c68dcd","E2:1F:7B:35:CC:08","50","3","0.2604166666666667","0","172","2022-05-13T13:00:00.000Z","1652446800",
"2551","22b77d7829c68dcd","E2:1F:7B:35:CC:08","27.906976744186046","0","0.26939655172413796","0","172","2022-05-13T13:01:00.000Z","1652446860",
"2551","22b77d7829c68dcd","E2:1F:7B:35:CC:08","19.767441860465116","0","0.23674242424242425","7","172","2022-05-13T13:02:00.000Z","1652446920",
"2551","22b77d7829c68dcd","E2:1F:7B:35:CC:08","29.069767441860463","2","0.244140625","0","172","2022-05-13T13:03:00.000Z","1652446980",
"2551","22b77d7829c68dcd","E2:1F:7B:35:CC:08","24.41860465116279","0","0.22644927536231885","0","172","2022-05-13T13:04:00.000Z","1652447040",
"2551","22b77d7829c68dcd","E2:1F:7B:35:CC:08","24.41860465116279","1","0.22321428571428573","0","172","2022-05-13T13:05:00.000Z","1652447100",
"2551","22b77d7829c68dcd","E2:1F:7B:35:CC:08","13.953488372093023","0","0.22644927536231885","0","172","2022-05-13T13:06:00.000Z","1652447160",
"2551","22b77d7829c68dcd","E2:1F:7B:35:CC:08","18.6046511627907","1","0.4340277777777778","0","172","2022-05-13T13:07:00.000Z","1652447220",
"2551","22b77d7829c68dcd","E2:1F:7B:35:CC:08","25.58139534883721","2","0.2741228070175439","0","172","2022-05-13T13:08:00.000Z","1652447280",
"2551","22b77d7829c68dcd","E2:1F:7B:35:CC:08","43.02325581395349","5","0.30637254901960786","0","172","2022-05-13T13:09:00.000Z","1652447340",
"2551","22b77d7829c68dcd","E2:1F:7B:35:CC:08","27.906976744186046","0","0.3324468085106383","0","172","2022-05-13T13:10:00.000Z","1652447400",
"2551","22b77d7829c68dcd","E2:1F:7B:35:CC:08","22.093023255813954","0","0.35511363636363635","0","172","2022-05-13T13:11:00.000Z","1652447460",
"2551","22b77d7829c68dcd","E2:1F:7B:35:CC:08","15.116279069767442","0","0.35511363636363635","0","172","2022-05-13T13:12:00.000Z","1652447520",
"2551","22b77d7829c68dcd","E2:1F:7B:35:CC:08","8.13953488372093","0","0.3633720930232558","0","172","2022-05-13T13:13:00.000Z","1652447580",
"2551","22b77d7829c68dcd","E2:1F:7B:35:CC:08","31.3953488372093","5","0.35511363636363635","0","172","2022-05-13T13:14:00.000Z","1652447640",
"2551","22b77d7829c68dcd","E2:1F:7B:35:CC:08","29.069767441860463","1","0.35511363636363635","0","172","2022-05-13T13:15:00.000Z","1652447700",
"2551","22b77d7829c68dcd","E2:1F:7B:35:CC:08","24.41860465116279","0","0.35511363636363635","0","172","2022-05-13T13:16:00.000Z","1652447760",
"2551","22b77d7829c68dcd","E2:1F:7B:35:CC:08","19.767441860465116","0","0.3004807692307692","0","172","2022-05-13T13:17:00.000Z","1652447820",
"2551","22b77d7829c68dcd","E2:1F:7B:35:CC:08","38.372093023255815","3","0.26939655172413796","64","172","2022-05-13T13:20:00.000Z","1652448000",
"2551","22b77d7829c68dcd","E2:1F:7B:35:CC:08","46.51162790697674","0","0.2403846153846154","70","172","2022-05-13T13:21:00.000Z","1652448060",
"2551","22b77d7829c68dcd","E2:1F:7B:35:CC:08","65.11627906976744","5","0.21404109589041095","16","172","2022-05-13T13:22:00.000Z","1652448120",
"2551","22b77d7829c68dcd","E2:1F:7B:35:CC:08","81.3953488372093","11","0.21404109589041095","36","172","2022-05-13T13:23:00.000Z","1652448180",
"2551","22b77d7829c68dcd","E2:1F:7B:35:CC:08","81.3953488372093","0","0.16983695652173914","32","172","2022-05-13T13:24:00.000Z","1652448240",
"2551","22b77d7829c68dcd","E2:1F:7B:35:CC:08","100","6","0.22007042253521128","22","172","2022-05-13T13:25:00.000Z","1652448300",
"2551","22b77d7829c68dcd","E2:1F:7B:35:CC:08","89.53488372093024","7","0.2170138888888889","5","172","2022-05-13T13:27:00.000Z","1652448420",
"2551","22b77d7829c68dcd","E2:1F:7B:35:CC:08","89.53488372093024","11","0.15625","36","172","2022-05-13T13:28:00.000Z","1652448480",
"2551","22b77d7829c68dcd","E2:1F:7B:35:CC:08","88.37209302325581","6","0.2332089552238806","23","172","2022-05-13T13:29:00.000Z","1652448540",
"2551","22b77d7829c68dcd","E2:1F:7B:35:CC:08","73.25581395348837","7","0.19778481012658228","15","172","2022-05-13T13:30:00.000Z","1652448600",
"2551","22b77d7829c68dcd","E2:1F:7B:35:CC:08","70.93023255813954","6","0.2648305084745763","8","172","2022-05-13T13:31:00.000Z","1652448660",
"2551","22b77d7829c68dcd","E2:1F:7B:35:CC:08","60.46511627906977","9","0.2840909090909091","9","172","2022-05-13T13:32:00.000Z","1652448720",
"2551","22b77d7829c68dcd","E2:1F:7B:35:CC:08","50","4","0.25614754098360654","9","172","2022-05-13T13:33:00.000Z","1652448780",
"2551","22b77d7829c68dcd","E2:1F:7B:35:CC:08","58.13953488372093","10","0.3004807692307692","5","172","2022-05-13T13:34:00.000Z","1652448840",
"2551","22b77d7829c68dcd","E2:1F:7B:35:CC:08","47.674418604651166","3","0.3324468085106383","0","172","2022-05-13T13:35:00.000Z","1652448900",
"2551","22b77d7829c68dcd","E2:1F:7B:35:CC:08","46.51162790697674","4","0.33967391304347827","1","172","2022-05-13T13:36:00.000Z","1652448960",
"2551","22b77d7829c68dcd","E2:1F:7B:35:CC:08","48.83720930232558","3","0.3472222222222222","0","172","2022-05-13T13:37:00.000Z","1652449020",
"2551","22b77d7829c68dcd","E2:1F:7B:35:CC:08","39.53488372093023","4","0.37202380952380953","0","172","2022-05-13T13:38:00.000Z","1652449080",
"2551","22b77d7829c68dcd","E2:1F:7B:35:CC:08","40.69767441860465","0","0.3472222222222222","0","172","2022-05-13T13:39:00.000Z","1652449140",
"2551","22b77d7829c68dcd","E2:1F:7B:35:CC:08","40.69767441860465","4","0.33967391304347827","2","172","2022-05-13T13:40:00.000Z","1652449200",
"2551","22b77d7829c68dcd","E2:1F:7B:35:CC:08","41.86046511627907","0","0.3472222222222222","0","172","2022-05-13T13:41:00.000Z","1652449260",
"2551","22b77d7829c68dcd","E2:1F:7B:35:CC:08","25.58139534883721","1","0.37202380952380953","0","172","2022-05-13T13:42:00.000Z","1652449320",
"2551","22b77d7829c68dcd","E2:1F:7B:35:CC:08","19.767441860465116","1","0.38109756097560976","0","172","2022-05-13T13:43:00.000Z","1652449380",
"2551","22b77d7829c68dcd","E2:1F:7B:35:CC:08","24.41860465116279","1","0.35511363636363635","1","172","2022-05-13T13:44:00.000Z","1652449440",
"2551","22b77d7829c68dcd","E2:1F:7B:35:CC:08","26.74418604651163","2","0.38109756097560976","0","172","2022-05-13T13:45:00.000Z","1652449500",
"2551","22b77d7829c68dcd","E2:1F:7B:35:CC:08","30.232558139534884","3","0.37202380952380953","0","172","2022-05-13T13:46:00.000Z","1652449560",
"2551","22b77d7829c68dcd","E2:1F:7B:35:CC:08","32.55813953488372","1","0.38109756097560976","0","172","2022-05-13T13:47:00.000Z","1652449620",
"2551","22b77d7829c68dcd","E2:1F:7B:35:CC:08","24.41860465116279","0","0.37202380952380953","4","172","2022-05-13T13:48:00.000Z","1652449680",
"2551","22b77d7829c68dcd","E2:1F:7B:35:CC:08","33.72093023255814","3","0.38109756097560976","1","172","2022-05-13T13:49:00.000Z","1652449740",
"2551","22b77d7829c68dcd","E2:1F:7B:35:CC:08","31.3953488372093","1","0.390625","0","172","2022-05-13T13:50:00.000Z","1652449800",
"2551","22b77d7829c68dcd","E2:1F:7B:35:CC:08","23.25581395348837","0","0.390625","1","172","2022-05-13T13:51:00.000Z","1652449860",
"2551","22b77d7829c68dcd","E2:1F:7B:35:CC:08","24.41860465116279","4","0.40064102564102566","0","172","2022-05-13T13:52:00.000Z","1652449920",
"2551","22b77d7829c68dcd","E2:1F:7B:35:CC:08","23.25581395348837","1","0.41118421052631576","0","172","2022-05-13T13:53:00.000Z","1652449980",
"2551","22b77d7829c68dcd","E2:1F:7B:35:CC:08","29.069767441860463","2","0.40064102564102566","1","172","2022-05-13T13:54:00.000Z","1652450040",
"2551","22b77d7829c68dcd","E2:1F:7B:35:CC:08","27.906976744186046","2","0.4222972972972973","1","172","2022-05-13T13:55:00.000Z","1652450100",
"2551","22b77d7829c68dcd","E2:1F:7B:35:CC:08","33.72093023255814","0","0.41118421052631576","0","172","2022-05-13T13:56:00.000Z","1652450160",
"2551","22b77d7829c68dcd","E2:1F:7B:35:CC:08","30.232558139534884","0","0.35511363636363635","0","172","2022-05-13T13:57:00.000Z","1652450220",
"2551","22b77d7829c68dcd","E2:1F:7B:35:CC:08","34.883720930232556","5","0.38109756097560976","1","172","2022-05-13T13:58:00.000Z","1652450280",
"2551","22b77d7829c68dcd","E2:1F:7B:35:CC:08","20.930232558139537","0","0.390625","0","172","2022-05-13T13:59:00.000Z","1652450340",
"2551","22b77d7829c68dcd","E2:1F:7B:35:CC:08","31.3953488372093","0","0.38109756097560976","0","172","2022-05-13T14:00:00.000Z","1652450400",
"2551","22b77d7829c68dcd","E2:1F:7B:35:CC:08","23.25581395348837","1","0.40064102564102566","0","172","2022-05-13T14:01:00.000Z","1652450460",
"2551","22b77d7829c68dcd","E2:1F:7B:35:CC:08","29.069767441860463","2","0.4340277777777778","4","172","2022-05-13T14:02:00.000Z","1652450520",
"2551","22b77d7829c68dcd","E2:1F:7B:35:CC:08","17.441860465116278","1","0.4340277777777778","1","172","2022-05-13T14:03:00.000Z","1652450580",
"2551","22b77d7829c68dcd","E2:1F:7B:35:CC:08","39.53488372093023","10","0.5040322580645161","0","172","2022-05-13T14:04:00.000Z","1652450640",
"2551","22b77d7829c68dcd","E2:1F:7B:35:CC:08","41.86046511627907","3","0.5040322580645161","1","172","2022-05-13T14:05:00.000Z","1652450700",
"2551","22b77d7829c68dcd","E2:1F:7B:35:CC:08","48.83720930232558","4","0.4734848484848485","2","172","2022-05-13T14:06:00.000Z","1652450760",
"2551","22b77d7829c68dcd","E2:1F:7B:35:CC:08","73.25581395348837","3","0.48828125","0","172","2022-05-13T14:07:00.000Z","1652450820",
"2551","22b77d7829c68dcd","E2:1F:7B:35:CC:08","48.83720930232558","2","0.5040322580645161","0","172","2022-05-13T14:08:00.000Z","1652450880",
"2551","22b77d7829c68dcd","E2:1F:7B:35:CC:08","31.3953488372093","0","0.48828125","0","172","2022-05-13T14:09:00.000Z","1652450940",
"2551","22b77d7829c68dcd","E2:1F:7B:35:CC:08","46.51162790697674","4","0.5208333333333334","0","172","2022-05-13T14:10:00.000Z","1652451000",
"2551","22b77d7829c68dcd","E2:1F:7B:35:CC:08","43.02325581395349","0","0.44642857142857145","0","172","2022-05-13T14:11:00.000Z","1652451060",
"2551","22b77d7829c68dcd","E2:1F:7B:35:CC:08","40.69767441860465","6","0.5208333333333334","1","172","2022-05-13T14:12:00.000Z","1652451120",
"2551","22b77d7829c68dcd","E2:1F:7B:35:CC:08","40.69767441860465","3","0.5580357142857143","2","172","2022-05-13T14:13:00.000Z","1652451180",
"2551","22b77d7829c68dcd","E2:1F:7B:35:CC:08","39.53488372093023","3","0.4734848484848485","2","172","2022-05-13T14:14:00.000Z","1652451240",
"2551","22b77d7829c68dcd","E2:1F:7B:35:CC:08","41.86046511627907","2","0.3472222222222222","0","172","2022-05-13T14:15:00.000Z","1652451300",
"2551","22b77d7829c68dcd","E2:1F:7B:35:CC:08","63.95348837209303","4","0.20833333333333334","4","172","2022-05-13T14:17:00.000Z","1652451420",
"2551","22b77d7829c68dcd","E2:1F:7B:35:CC:08","100","8","0.07038288288288289","1","172","2022-05-13T14:18:00.000Z","1652451480",
"2551","22b77d7829c68dcd","E2:1F:7B:35:CC:08","100","0","0.175561797752809","16","172","2022-05-13T14:19:00.000Z","1652451540",
"2551","22b77d7829c68dcd","E2:1F:7B:35:CC:08","95.34883720930233","3","0.2170138888888889","8","172","2022-05-13T14:20:00.000Z","1652451600",
"2551","22b77d7829c68dcd","E2:1F:7B:35:CC:08","66.27906976744185","4","0.2332089552238806","18","172","2022-05-13T14:21:00.000Z","1652451660",
"2551","22b77d7829c68dcd","E2:1F:7B:35:CC:08","52.325581395348834","8","0.25614754098360654","22","172","2022-05-13T14:22:00.000Z","1652451720",
"2551","22b77d7829c68dcd","E2:1F:7B:35:CC:08","55.81395348837209","0","0.08267195767195767","32","172","2022-05-13T14:24:00.000Z","1652451840",
"2551","22b77d7829c68dcd","E2:1F:7B:35:CC:08","87.86127167630057","4","0.14467592592592593","0","173","2022-05-13T14:27:00.000Z","1652452020",
"2551","22b77d7829c68dcd","E2:1F:7B:35:CC:08","99.42196531791907","13","0.22007042253521128","0","173","2022-05-13T14:28:00.000Z","1652452080",
"2551","22b77d7829c68dcd","E2:1F:7B:35:CC:08","64.73988439306359","5","0.2604166666666667","0","173","2022-05-13T14:29:00.000Z","1652452140",
"2551","22b77d7829c68dcd","E2:1F:7B:35:CC:08","39.30635838150289","1","0.2604166666666667","0","173","2022-05-13T14:30:00.000Z","1652452200",
"2551","22b77d7829c68dcd","E2:1F:7B:35:CC:08","36.994219653179194","1","0.27901785714285715","12","173","2022-05-13T14:31:00.000Z","1652452260",
"2551","22b77d7829c68dcd","E2:1F:7B:35:CC:08","47.39884393063584","6","0.22644927536231885","11","173","2022-05-13T14:32:00.000Z","1652452320",
"2551","22b77d7829c68dcd","E2:1F:7B:35:CC:08","71.67630057803468","5","0.25614754098360654","1","173","2022-05-13T14:33:00.000Z","1652452380",
"2551","22b77d7829c68dcd","E2:1F:7B:35:CC:08","70.52023121387283","7","0.25614754098360654","5","173","2022-05-13T14:34:00.000Z","1652452440",
"2551","22b77d7829c68dcd","E2:1F:7B:35:CC:08","67.05202312138728","7","0.3255208333333333","4","173","2022-05-13T14:35:00.000Z","1652452500",
"2551","22b77d7829c68dcd","E2:1F:7B:35:CC:08","64.73988439306359","3","0.3324468085106383","4","173","2022-05-13T14:36:00.000Z","1652452560",
"2551","22b77d7829c68dcd","E2:1F:7B:35:CC:08","65.89595375722543","7","0.4222972972972973","1","173","2022-05-13T14:37:00.000Z","1652452620",
"2551","22b77d7829c68dcd","E2:1F:7B:35:CC:08","65.89595375722543","3","0.390625","14","173","2022-05-13T14:38:00.000Z","1652452680",
"2551","22b77d7829c68dcd","E2:1F:7B:35:CC:08","55.49132947976879","0","0.4222972972972973","2","173","2022-05-13T14:39:00.000Z","1652452740",
"2551","22b77d7829c68dcd","E2:1F:7B:35:CC:08","49.71098265895954","6","0.48828125","8","173","2022-05-13T14:40:00.000Z","1652452800",
"2551","22b77d7829c68dcd","E2:1F:7B:35:CC:08","41.61849710982659","1","0.5387931034482759","0","173","2022-05-13T14:42:00.000Z","1652452920",
"2551","22b77d7829c68dcd","E2:1F:7B:35:CC:08","36.994219653179194","2","0.5208333333333334","33","173","2022-05-13T14:43:00.000Z","1652452980",
"2551","22b77d7829c68dcd","E2:1F:7B:35:CC:08","40.46242774566474","2","0.44642857142857145","36","173","2022-05-13T14:44:00.000Z","1652453040",
"2551","22b77d7829c68dcd","E2:1F:7B:35:CC:08","49.71098265895954","3","0.5040322580645161","28","173","2022-05-13T14:45:00.000Z","1652453100",
"2551","22b77d7829c68dcd","E2:1F:7B:35:CC:08","46.24277456647399","4","0.5208333333333334","28","173","2022-05-13T14:46:00.000Z","1652453160",
"2551","22b77d7829c68dcd","E2:1F:7B:35:CC:08","69.36416184971098","8","0.6793478260869565","36","173","2022-05-13T14:47:00.000Z","1652453220",
"2551","22b77d7829c68dcd","E2:1F:7B:35:CC:08","64.73988439306359","1","0.7440476190476191","35","173","2022-05-13T14:48:00.000Z","1652453280",
"2551","22b77d7829c68dcd","E2:1F:7B:35:CC:08","100","8","0.8223684210526315","26","173","2022-05-13T14:49:00.000Z","1652453340",
"2551","22b77d7829c68dcd","E2:1F:7B:35:CC:08","100","10","0.9191176470588235","22","173","2022-05-13T14:50:00.000Z","1652453400",
"2551","22b77d7829c68dcd","E2:1F:7B:35:CC:08","100","4","0.8223684210526315","33","173","2022-05-13T14:51:00.000Z","1652453460",
"2551","22b77d7829c68dcd","E2:1F:7B:35:CC:08","100","3","0.625","22","173","2022-05-13T14:52:00.000Z","1652453520",
"2551","22b77d7829c68dcd","E2:1F:7B:35:CC:08","100","9","1.0416666666666667","8","173","2022-05-13T14:53:00.000Z","1652453580",
"2551","22b77d7829c68dcd","E2:1F:7B:35:CC:08","100","13","1.3020833333333333","4","173","2022-05-13T14:54:00.000Z","1652453640",
"2551","22b77d7829c68dcd","E2:1F:7B:35:CC:08","100","8","1.4204545454545454","1","173","2022-05-13T14:55:00.000Z","1652453700",
"2551","22b77d7829c68dcd","E2:1F:7B:35:CC:08","100","10","1.4204545454545454","9","173","2022-05-13T14:56:00.000Z","1652453760",
"2551","22b77d7829c68dcd","E2:1F:7B:35:CC:08","100","8","1.7361111111111112","5","173","2022-05-13T14:57:00.000Z","1652453820",
"2551","22b77d7829c68dcd","E2:1F:7B:35:CC:08","100","8","1.4204545454545454","7","173","2022-05-13T14:58:00.000Z","1652453880",
"2551","22b77d7829c68dcd","E2:1F:7B:35:CC:08","100","6","1.4204545454545454","18","173","2022-05-13T14:59:00.000Z","1652453940",
"2551","22b77d7829c68dcd","E2:1F:7B:35:CC:08","100","0","0.9191176470588235","21","174","2022-05-13T15:00:00.000Z","1652454000",
"2551","22b77d7829c68dcd","E2:1F:7B:35:CC:08","100","5","1.0416666666666667","46","174","2022-05-13T15:01:00.000Z","1652454060",
"2551","22b77d7829c68dcd","E2:1F:7B:35:CC:08","82.75862068965517","3","1.1160714285714286","42","174","2022-05-13T15:02:00.000Z","1652454120",
"2551","22b77d7829c68dcd","E2:1F:7B:35:CC:08","100","7","1.1160714285714286","56","174","2022-05-13T15:03:00.000Z","1652454180",
"2551","22b77d7829c68dcd","E2:1F:7B:35:CC:08","100","7","1.5625","29","174","2022-05-13T15:04:00.000Z","1652454240",
"2551","22b77d7829c68dcd","E2:1F:7B:35:CC:08","100","10","2.6041666666666665","14","174","2022-05-13T15:05:00.000Z","1652454300",
"2551","22b77d7829c68dcd","E2:1F:7B:35:CC:08","79.3103448275862","8","2.6041666666666665","1","174","2022-05-13T15:06:00.000Z","1652454360",
"2551","22b77d7829c68dcd","E2:1F:7B:35:CC:08","86.20689655172414","6","2.6041666666666665","2","174","2022-05-13T15:07:00.000Z","1652454420",
"2551","22b77d7829c68dcd","E2:1F:7B:35:CC:08","83.9080459770115","8","2.6041666666666665","1","174","2022-05-13T15:08:00.000Z","1652454480",
"2551","22b77d7829c68dcd","E2:1F:7B:35:CC:08","82.75862068965517","7","2.6041666666666665","1","174","2022-05-13T15:09:00.000Z","1652454540",
"2551","22b77d7829c68dcd","E2:1F:7B:35:CC:08","98.85057471264368","5","2.232142857142857","4","174","2022-05-13T15:10:00.000Z","1652454600",
"2551","22b77d7829c68dcd","E2:1F:7B:35:CC:08","100","7","2.232142857142857","0","174","2022-05-13T15:11:00.000Z","1652454660",
"2551","22b77d7829c68dcd","E2:1F:7B:35:CC:08","78.16091954022988","4","2.232142857142857","1","174","2022-05-13T15:12:00.000Z","1652454720",
"2551","22b77d7829c68dcd","E2:1F:7B:35:CC:08","89.65517241379311","6","2.6041666666666665","1","174","2022-05-13T15:13:00.000Z","1652454780",
"2551","22b77d7829c68dcd","E2:1F:7B:35:CC:08","100","7","2.6041666666666665","8","174","2022-05-13T15:14:00.000Z","1652454840",
"2551","22b77d7829c68dcd","E2:1F:7B:35:CC:08","93.10344827586206","5","2.6041666666666665","8","174","2022-05-13T15:15:00.000Z","1652454900",
"2551","22b77d7829c68dcd","E2:1F:7B:35:CC:08","83.9080459770115","3","2.232142857142857","0","174","2022-05-13T15:16:00.000Z","1652454960",
"2551","22b77d7829c68dcd","E2:1F:7B:35:CC:08","100","5","2.6041666666666665","0","174","2022-05-13T15:17:00.000Z","1652455020",
"2551","22b77d7829c68dcd","E2:1F:7B:35:CC:08","100","7","3.125","1","174","2022-05-13T15:18:00.000Z","1652455080",
"2551","22b77d7829c68dcd","E2:1F:7B:35:CC:08","100","2","2.6041666666666665","1","174","2022-05-13T15:19:00.000Z","1652455140",
"2551","22b77d7829c68dcd","E2:1F:7B:35:CC:08","90.80459770114942","7","3.125","0","174","2022-05-13T15:20:00.000Z","1652455200",
"2551","22b77d7829c68dcd","E2:1F:7B:35:CC:08","100","3","3.125","0","174","2022-05-13T15:21:00.000Z","1652455260",
"2551","22b77d7829c68dcd","E2:1F:7B:35:CC:08","100","4","2.6041666666666665","0","174","2022-05-13T15:22:00.000Z","1652455320",
"2551","22b77d7829c68dcd","E2:1F:7B:35:CC:08","100","5","2.6041666666666665","0","174","2022-05-13T15:23:00.000Z","1652455380",
"2551","22b77d7829c68dcd","E2:1F:7B:35:CC:08","100","6","2.6041666666666665","1","174","2022-05-13T15:24:00.000Z","1652455440",
"2551","22b77d7829c68dcd","E2:1F:7B:35:CC:08","88.50574712643679","2","1.953125","1","174","2022-05-13T15:25:00.000Z","1652455500",
"2551","22b77d7829c68dcd","E2:1F:7B:35:CC:08","71.26436781609195","1","1.953125","0","174","2022-05-13T15:26:00.000Z","1652455560",
"2551","22b77d7829c68dcd","E2:1F:7B:35:CC:08","72.41379310344827","3","1.953125","0","174","2022-05-13T15:27:00.000Z","1652455620",
"2551","22b77d7829c68dcd","E2:1F:7B:35:CC:08","58.62068965517241","4","1.953125","0","174","2022-05-13T15:28:00.000Z","1652455680",
"2551","22b77d7829c68dcd","E2:1F:7B:35:CC:08","44.827586206896555","1","1.953125","1","174","2022-05-13T15:29:00.000Z","1652455740",
"2551","22b77d7829c68dcd","E2:1F:7B:35:CC:08","57.47126436781609","3","1.7361111111111112","0","174","2022-05-13T15:30:00.000Z","1652455800",
"2551","22b77d7829c68dcd","E2:1F:7B:35:CC:08","40.229885057471265","0","1.7361111111111112","1","174","2022-05-13T15:31:00.000Z","1652455860",
"2551","22b77d7829c68dcd","E2:1F:7B:35:CC:08","29.885057471264368","0","1.5625","1","174","2022-05-13T15:32:00.000Z","1652455920",
"2551","22b77d7829c68dcd","E2:1F:7B:35:CC:08","42.52873563218391","4","1.7361111111111112","1","174","2022-05-13T15:33:00.000Z","1652455980",
"2551","22b77d7829c68dcd","E2:1F:7B:35:CC:08","57.47126436781609","2","1.7361111111111112","0","174","2022-05-13T15:34:00.000Z","1652456040",
"2551","22b77d7829c68dcd","E2:1F:7B:35:CC:08","42.52873563218391","0","1.5625","0","174","2022-05-13T15:35:00.000Z","1652456100",
"2551","22b77d7829c68dcd","E2:1F:7B:35:CC:08","26.436781609195403","0","1.5625","0","174","2022-05-13T15:36:00.000Z","1652456160",
"2551","22b77d7829c68dcd","E2:1F:7B:35:CC:08","44.827586206896555","3","1.5625","0","174","2022-05-13T15:37:00.000Z","1652456220",
"2551","22b77d7829c68dcd","E2:1F:7B:35:CC:08","45.97701149425287","1","1.5625","0","174","2022-05-13T15:38:00.000Z","1652456280",
"2551","22b77d7829c68dcd","E2:1F:7B:35:CC:08","33.333333333333336","0","1.5625","0","174","2022-05-13T15:39:00.000Z","1652456340",
"2551","22b77d7829c68dcd","E2:1F:7B:35:CC:08","41.37931034482759","1","1.5625","0","174","2022-05-13T15:40:00.000Z","1652456400",
"2551","22b77d7829c68dcd","E2:1F:7B:35:CC:08","35.632183908045974","3","1.5625","0","174","2022-05-13T15:41:00.000Z","1652456460",
"2551","22b77d7829c68dcd","E2:1F:7B:35:CC:08","37.93103448275862","4","1.7361111111111112","0","174","2022-05-13T15:42:00.000Z","1652456520",
"2551","22b77d7829c68dcd","E2:1F:7B:35:CC:08","36.7816091954023","1","1.5625","1","174","2022-05-13T15:43:00.000Z","1652456580",
"2551","22b77d7829c68dcd","E2:1F:7B:35:CC:08","35.632183908045974","3","1.7361111111111112","0","174","2022-05-13T15:44:00.000Z","1652456640",
"2551","22b77d7829c68dcd","E2:1F:7B:35:CC:08","29.885057471264368","0","1.5625","0","174","2022-05-13T15:45:00.000Z","1652456700",
"2551","22b77d7829c68dcd","E2:1F:7B:35:CC:08","29.885057471264368","1","1.5625","1","174","2022-05-13T15:46:00.000Z","1652456760",
"2551","22b77d7829c68dcd","E2:1F:7B:35:CC:08","41.37931034482759","1","1.4204545454545454","21","174","2022-05-13T15:47:00.000Z","1652456820",
"2551","22b77d7829c68dcd","E2:1F:7B:35:CC:08","59.770114942528735","9","1.1160714285714286","12","174","2022-05-13T15:48:00.000Z","1652456880",
"2551","22b77d7829c68dcd","E2:1F:7B:35:CC:08","68.96551724137932","2","1.0416666666666667","4","174","2022-05-13T15:49:00.000Z","1652456940",
"2551","22b77d7829c68dcd","E2:1F:7B:35:CC:08","73.5632183908046","5","1.0416666666666667","4","174","2022-05-13T15:50:00.000Z","1652457000",
"2551","22b77d7829c68dcd","E2:1F:7B:35:CC:08","66.66666666666667","3","0.6793478260869565","2","174","2022-05-13T15:51:00.000Z","1652457060",
"2551","22b77d7829c68dcd","E2:1F:7B:35:CC:08","56.32183908045977","3","0.7102272727272727","5","174","2022-05-13T15:52:00.000Z","1652457120",
"2551","22b77d7829c68dcd","E2:1F:7B:35:CC:08","48.275862068965516","3","0.8223684210526315","2","174","2022-05-13T15:53:00.000Z","1652457180",
"2551","22b77d7829c68dcd","E2:1F:7B:35:CC:08","32.18390804597701","0","0.8223684210526315","0","174","2022-05-13T15:54:00.000Z","1652457240",
"2551","22b77d7829c68dcd","E2:1F:7B:35:CC:08","18.39080459770115","0","0.8680555555555556","0","174","2022-05-13T15:55:00.000Z","1652457300",
"2551","22b77d7829c68dcd","E2:1F:7B:35:CC:08","16.091954022988507","0","0.8680555555555556","1","174","2022-05-13T15:56:00.000Z","1652457360",
"2551","22b77d7829c68dcd","E2:1F:7B:35:CC:08","17.24137931034483","1","0.8680555555555556","5","174","2022-05-13T15:57:00.000Z","1652457420",
"2551","22b77d7829c68dcd","E2:1F:7B:35:CC:08","17.24137931034483","0","0.8680555555555556","1","174","2022-05-13T15:58:00.000Z","1652457480",
"2551","22b77d7829c68dcd","E2:1F:7B:35:CC:08","19.54022988505747","1","0.8223684210526315","5","174","2022-05-13T15:59:00.000Z","1652457540",
"2551","22b77d7829c68dcd","E2:1F:7B:35:CC:08","42.52873563218391","2","0.9765625","2","174","2022-05-13T16:00:00.000Z","1652457600",
"2551","22b77d7829c68dcd","E2:1F:7B:35:CC:08","45.97701149425287","2","0.9765625","1","174","2022-05-13T16:01:00.000Z","1652457660",
"2551","22b77d7829c68dcd","E2:1F:7B:35:CC:08","40.229885057471265","1","0.78125","5","174","2022-05-13T16:02:00.000Z","1652457720",
"2551","22b77d7829c68dcd","E2:1F:7B:35:CC:08","64.36781609195403","5","0.8680555555555556","0","174","2022-05-13T16:03:00.000Z","1652457780",
"2551","22b77d7829c68dcd","E2:1F:7B:35:CC:08","95.40229885057471","3","1.0416666666666667","11","174","2022-05-13T16:04:00.000Z","1652457840",
"2551","22b77d7829c68dcd","E2:1F:7B:35:CC:08","70.11494252873563","3","1.2019230769230769","2","174","2022-05-13T16:05:00.000Z","1652457900",
"2551","22b77d7829c68dcd","E2:1F:7B:35:CC:08","41.37931034482759","1","1.1160714285714286","1","174","2022-05-13T16:06:00.000Z","1652457960",
"2551","22b77d7829c68dcd","E2:1F:7B:35:CC:08","35.632183908045974","4","1.1160714285714286","0","174","2022-05-13T16:07:00.000Z","1652458020",
"2551","22b77d7829c68dcd","E2:1F:7B:35:CC:08","43.67816091954023","6","1.2019230769230769","0","174","2022-05-13T16:08:00.000Z","1652458080",
"2551","22b77d7829c68dcd","E2:1F:7B:35:CC:08","35.632183908045974","3","1.2019230769230769","1","174","2022-05-13T16:09:00.000Z","1652458140",
"2551","22b77d7829c68dcd","E2:1F:7B:35:CC:08","56.32183908045977","6","1.3020833333333333","0","174","2022-05-13T16:10:00.000Z","1652458200",
"2551","22b77d7829c68dcd","E2:1F:7B:35:CC:08","71.26436781609195","8","1.7361111111111112","0","174","2022-05-13T16:11:00.000Z","1652458260",
"2551","22b77d7829c68dcd","E2:1F:7B:35:CC:08","71.26436781609195","4","1.4204545454545454","0","174","2022-05-13T16:12:00.000Z","1652458320",
"2551","22b77d7829c68dcd","E2:1F:7B:35:CC:08","65.51724137931035","5","1.5625","0","174","2022-05-13T16:13:00.000Z","1652458380",
"2551","22b77d7829c68dcd","E2:1F:7B:35:CC:08","50.57471264367816","1","1.3020833333333333","1","174","2022-05-13T16:14:00.000Z","1652458440",
"2551","22b77d7829c68dcd","E2:1F:7B:35:CC:08","49.42528735632184","1","1.3020833333333333","1","174","2022-05-13T16:15:00.000Z","1652458500",
"2551","22b77d7829c68dcd","E2:1F:7B:35:CC:08","50.57471264367816","3","1.4204545454545454","0","174","2022-05-13T16:16:00.000Z","1652458560",
"2551","22b77d7829c68dcd","E2:1F:7B:35:CC:08","62.06896551724138","1","1.3020833333333333","2","174","2022-05-13T16:17:00.000Z","1652458620",
"2551","22b77d7829c68dcd","E2:1F:7B:35:CC:08","50.57471264367816","3","1.3020833333333333","1","174","2022-05-13T16:18:00.000Z","1652458680",
"2551","22b77d7829c68dcd","E2:1F:7B:35:CC:08","41.37931034482759","4","1.3020833333333333","0","174","2022-05-13T16:19:00.000Z","1652458740",
"2551","22b77d7829c68dcd","E2:1F:7B:35:CC:08","31.03448275862069","3","1.3020833333333333","0","174","2022-05-13T16:20:00.000Z","1652458800",
"2551","22b77d7829c68dcd","E2:1F:7B:35:CC:08","48.275862068965516","1","1.4204545454545454","0","174","2022-05-13T16:21:00.000Z","1652458860",
"2551","22b77d7829c68dcd","E2:1F:7B:35:CC:08","52.87356321839081","3","1.4204545454545454","0","174","2022-05-13T16:22:00.000Z","1652458920",
"2551","22b77d7829c68dcd","E2:1F:7B:35:CC:08","42.52873563218391","2","1.4204545454545454","0","174","2022-05-13T16:23:00.000Z","1652458980",
"2551","22b77d7829c68dcd","E2:1F:7B:35:CC:08","59.770114942528735","6","1.5625","0","174","2022-05-13T16:24:00.000Z","1652459040",
"2551","22b77d7829c68dcd","E2:1F:7B:35:CC:08","51.724137931034484","2","1.4204545454545454","1","174","2022-05-13T16:25:00.000Z","1652459100",
"2551","22b77d7829c68dcd","E2:1F:7B:35:CC:08","37.93103448275862","0","1.4204545454545454","0","174","2022-05-13T16:26:00.000Z","1652459160",
"2551","22b77d7829c68dcd","E2:1F:7B:35:CC:08","63.2183908045977","4","1.5625","0","174","2022-05-13T16:27:00.000Z","1652459220",
"2551","22b77d7829c68dcd","E2:1F:7B:35:CC:08","60.91954022988506","0","1.4204545454545454","0","174","2022-05-13T16:28:00.000Z","1652459280",
"2551","22b77d7829c68dcd","E2:1F:7B:35:CC:08","79.3103448275862","4","1.7361111111111112","0","174","2022-05-13T16:29:00.000Z","1652459340",
"2551","22b77d7829c68dcd","E2:1F:7B:35:CC:08","98.85057471264368","3","1.7361111111111112","0","174","2022-05-13T16:30:00.000Z","1652459400",
"2551","22b77d7829c68dcd","E2:1F:7B:35:CC:08","73.5632183908046","0","1.4204545454545454","0","174","2022-05-13T16:31:00.000Z","1652459460",
"2551","22b77d7829c68dcd","E2:1F:7B:35:CC:08","74.71264367816092","4","1.953125","0","174","2022-05-13T16:32:00.000Z","1652459520",
"2551","22b77d7829c68dcd","E2:1F:7B:35:CC:08","80.45977011494253","0","1.7361111111111112","0","174","2022-05-13T16:33:00.000Z","1652459580",
"2551","22b77d7829c68dcd","E2:1F:7B:35:CC:08","66.66666666666667","1","1.5625","0","174","2022-05-13T16:34:00.000Z","1652459640",
"2551","22b77d7829c68dcd","E2:1F:7B:35:CC:08","49.42528735632184","3","1.4204545454545454","1","174","2022-05-13T16:35:00.000Z","1652459700",
"2551","22b77d7829c68dcd","E2:1F:7B:35:CC:08","49.42528735632184","2","1.5625","0","174","2022-05-13T16:36:00.000Z","1652459760",
"2551","22b77d7829c68dcd","E2:1F:7B:35:CC:08","48.275862068965516","3","1.5625","0","174","2022-05-13T16:37:00.000Z","1652459820",
"2551","22b77d7829c68dcd","E2:1F:7B:35:CC:08","49.42528735632184","3","1.3020833333333333","2","174","2022-05-13T16:38:00.000Z","1652459880",
"2551","22b77d7829c68dcd","E2:1F:7B:35:CC:08","44.827586206896555","9","1.3020833333333333","1","174","2022-05-13T16:39:00.000Z","1652459940",
"2551","22b77d7829c68dcd","E2:1F:7B:35:CC:08","43.67816091954023","4","1.2019230769230769","0","174","2022-05-13T16:40:00.000Z","1652460000",
"2551","22b77d7829c68dcd","E2:1F:7B:35:CC:08","31.03448275862069","0","1.2019230769230769","0","174","2022-05-13T16:41:00.000Z","1652460060",
"2551","22b77d7829c68dcd","E2:1F:7B:35:CC:08","31.03448275862069","0","1.1160714285714286","0","174","2022-05-13T16:42:00.000Z","1652460120",
"2551","22b77d7829c68dcd","E2:1F:7B:35:CC:08","27.586206896551722","1","1.1160714285714286","1","174","2022-05-13T16:43:00.000Z","1652460180",
"2551","22b77d7829c68dcd","E2:1F:7B:35:CC:08","31.03448275862069","2","1.1160714285714286","0","174","2022-05-13T16:44:00.000Z","1652460240",
"2551","22b77d7829c68dcd","E2:1F:7B:35:CC:08","28.735632183908045","1","1.1160714285714286","1","174","2022-05-13T16:45:00.000Z","1652460300",
"2551","22b77d7829c68dcd","E2:1F:7B:35:CC:08","26.436781609195403","2","1.1160714285714286","0","174","2022-05-13T16:46:00.000Z","1652460360",
"2551","22b77d7829c68dcd","E2:1F:7B:35:CC:08","39.08045977011494","2","1.0416666666666667","0","174","2022-05-13T16:47:00.000Z","1652460420",
"2551","22b77d7829c68dcd","E2:1F:7B:35:CC:08","28.735632183908045","1","1.0416666666666667","0","174","2022-05-13T16:48:00.000Z","1652460480",
"2551","22b77d7829c68dcd","E2:1F:7B:35:CC:08","25.28735632183908","1","1.0416666666666667","1","174","2022-05-13T16:49:00.000Z","1652460540",
"2551","22b77d7829c68dcd","E2:1F:7B:35:CC:08","36.7816091954023","2","1.1160714285714286","0","174","2022-05-13T16:50:00.000Z","1652460600",
"2551","22b77d7829c68dcd","E2:1F:7B:35:CC:08","37.93103448275862","3","1.0416666666666667","0","174","2022-05-13T16:51:00.000Z","1652460660",
"2551","22b77d7829c68dcd","E2:1F:7B:35:CC:08","37.93103448275862","3","1.0416666666666667","1","174","2022-05-13T16:52:00.000Z","1652460720",
"2551","22b77d7829c68dcd","E2:1F:7B:35:CC:08","33.333333333333336","2","1.2019230769230769","0","174","2022-05-13T16:53:00.000Z","1652460780",
"2551","22b77d7829c68dcd","E2:1F:7B:35:CC:08","42.52873563218391","0","1.1160714285714286","0","174","2022-05-13T16:54:00.000Z","1652460840",
"2551","22b77d7829c68dcd","E2:1F:7B:35:CC:08","34.48275862068966","2","1.0416666666666667","1","174","2022-05-13T16:55:00.000Z","1652460900",
"2551","22b77d7829c68dcd","E2:1F:7B:35:CC:08","41.37931034482759","1","1.2019230769230769","0","174","2022-05-13T16:56:00.000Z","1652460960",
"2551","22b77d7829c68dcd","E2:1F:7B:35:CC:08","64.36781609195403","4","1.2019230769230769","0","174","2022-05-13T16:57:00.000Z","1652461020",
"2551","22b77d7829c68dcd","E2:1F:7B:35:CC:08","52.87356321839081","3","1.2019230769230769","0","174","2022-05-13T16:58:00.000Z","1652461080",
"2551","22b77d7829c68dcd","E2:1F:7B:35:CC:08","44.827586206896555","2","1.0416666666666667","0","174","2022-05-13T16:59:00.000Z","1652461140",
"2551","22b77d7829c68dcd","E2:1F:7B:35:CC:08","39.08045977011494","1","1.0416666666666667","0","174","2022-05-13T17:00:00.000Z","1652461200",
"2551","22b77d7829c68dcd","E2:1F:7B:35:CC:08","32.18390804597701","2","1.0416666666666667","1","174","2022-05-13T17:01:00.000Z","1652461260",
"2551","22b77d7829c68dcd","E2:1F:7B:35:CC:08","25.28735632183908","1","0.9765625","0","174","2022-05-13T17:02:00.000Z","1652461320",
"2551","22b77d7829c68dcd","E2:1F:7B:35:CC:08","37.93103448275862","3","1.0416666666666667","0","174","2022-05-13T17:03:00.000Z","1652461380",
"2551","22b77d7829c68dcd","E2:1F:7B:35:CC:08","32.18390804597701","2","0.9191176470588235","1","174","2022-05-13T17:04:00.000Z","1652461440",
"2551","22b77d7829c68dcd","E2:1F:7B:35:CC:08","32.18390804597701","2","0.8680555555555556","1","174","2022-05-13T17:05:00.000Z","1652461500",
"2551","22b77d7829c68dcd","E2:1F:7B:35:CC:08","36.7816091954023","2","0.9191176470588235","0","174","2022-05-13T17:06:00.000Z","1652461560",
"2551","22b77d7829c68dcd","E2:1F:7B:35:CC:08","36.7816091954023","2","0.9191176470588235","0","174","2022-05-13T17:07:00.000Z","1652461620",
"2551","22b77d7829c68dcd","E2:1F:7B:35:CC:08","18.39080459770115","0","0.9191176470588235","0","174","2022-05-13T17:08:00.000Z","1652461680",
"2551","22b77d7829c68dcd","E2:1F:7B:35:CC:08","18.39080459770115","1","0.8680555555555556","0","174","2022-05-13T17:09:00.000Z","1652461740",
"2551","22b77d7829c68dcd","E2:1F:7B:35:CC:08","40.229885057471265","3","0.8680555555555556","1","174","2022-05-13T17:10:00.000Z","1652461800",
"2551","22b77d7829c68dcd","E2:1F:7B:35:CC:08","32.18390804597701","1","0.8680555555555556","1","174","2022-05-13T17:11:00.000Z","1652461860",
"2551","22b77d7829c68dcd","E2:1F:7B:35:CC:08","35.632183908045974","1","0.8680555555555556","1","174","2022-05-13T17:12:00.000Z","1652461920",
"2551","22b77d7829c68dcd","E2:1F:7B:35:CC:08","29.885057471264368","2","0.9191176470588235","0","174","2022-05-13T17:13:00.000Z","1652461980",
"2551","22b77d7829c68dcd","E2:1F:7B:35:CC:08","26.436781609195403","0","0.8680555555555556","1","174","2022-05-13T17:14:00.000Z","1652462040",
"2551","22b77d7829c68dcd","E2:1F:7B:35:CC:08","19.54022988505747","0","0.8680555555555556","1","174","2022-05-13T17:15:00.000Z","1652462100",
"2551","22b77d7829c68dcd","E2:1F:7B:35:CC:08","26.436781609195403","1","0.9191176470588235","0","174","2022-05-13T17:16:00.000Z","1652462160",
"2551","22b77d7829c68dcd","E2:1F:7B:35:CC:08","20.689655172413794","2","0.9191176470588235","0","174","2022-05-13T17:17:00.000Z","1652462220",
"2551","22b77d7829c68dcd","E2:1F:7B:35:CC:08","32.18390804597701","3","0.9191176470588235","0","174","2022-05-13T17:18:00.000Z","1652462280",
"2551","22b77d7829c68dcd","E2:1F:7B:35:CC:08","50.57471264367816","3","0.9765625","1","174","2022-05-13T17:19:00.000Z","1652462340",
"2551","22b77d7829c68dcd","E2:1F:7B:35:CC:08","28.735632183908045","0","0.9765625","0","174","2022-05-13T17:20:00.000Z","1652462400",
"2551","22b77d7829c68dcd","E2:1F:7B:35:CC:08","13.793103448275861","0","0.8680555555555556","0","174","2022-05-13T17:21:00.000Z","1652462460",
"2551","22b77d7829c68dcd","E2:1F:7B:35:CC:08","18.39080459770115","2","0.9191176470588235","0","174","2022-05-13T17:22:00.000Z","1652462520",
"2551","22b77d7829c68dcd","E2:1F:7B:35:CC:08","25.28735632183908","2","0.8223684210526315","1","174","2022-05-13T17:23:00.000Z","1652462580",
"2551","22b77d7829c68dcd","E2:1F:7B:35:CC:08","28.735632183908045","0","0.9191176470588235","0","174","2022-05-13T17:24:00.000Z","1652462640",
"2551","22b77d7829c68dcd","E2:1F:7B:35:CC:08","34.48275862068966","5","0.8223684210526315","0","174","2022-05-13T17:25:00.000Z","1652462700",
"2551","22b77d7829c68dcd","E2:1F:7B:35:CC:08","50.57471264367816","3","0.78125","2","174","2022-05-13T17:26:00.000Z","1652462760",
"2551","22b77d7829c68dcd","E2:1F:7B:35:CC:08","41.37931034482759","1","0.78125","0","174","2022-05-13T17:29:00.000Z","1652462940",
"2551","22b77d7829c68dcd","E2:1F:7B:35:CC:08","56.32183908045977","4","0.7440476190476191","2","174","2022-05-13T17:30:00.000Z","1652463000",
"2551","22b77d7829c68dcd","E2:1F:7B:35:CC:08","64.36781609195403","5","0.7440476190476191","9","174","2022-05-13T17:31:00.000Z","1652463060",
"2551","22b77d7829c68dcd","E2:1F:7B:35:CC:08","67.816091954023","6","0.20559210526315788","2","174","2022-05-13T17:34:00.000Z","1652463240",
"2551","22b77d7829c68dcd","E2:1F:7B:35:CC:08","100","10","0.20032051282051283","0","174","2022-05-13T17:35:00.000Z","1652463300",
"2551","22b77d7829c68dcd","E2:1F:7B:35:CC:08","100","8","0.27901785714285715","12","174","2022-05-13T17:36:00.000Z","1652463360",
"2551","22b77d7829c68dcd","E2:1F:7B:35:CC:08","100","8","0.5580357142857143","14","174","2022-05-13T17:37:00.000Z","1652463420",
"2551","22b77d7829c68dcd","E2:1F:7B:35:CC:08","100","7","0.5580357142857143","18","174","2022-05-13T17:38:00.000Z","1652463480",
"2551","22b77d7829c68dcd","E2:1F:7B:35:CC:08","100","2","0.6793478260869565","0","174","2022-05-13T17:39:00.000Z","1652463540",
"2551","22b77d7829c68dcd","E2:1F:7B:35:CC:08","95.40229885057471","3","0.16983695652173914","2","174","2022-05-13T17:40:00.000Z","1652463600",
"2551","22b77d7829c68dcd","E2:1F:7B:35:CC:08","96.55172413793103","9","0.3004807692307692","0","174","2022-05-13T17:41:00.000Z","1652463660",
"2551","22b77d7829c68dcd","E2:1F:7B:35:CC:08","62.06896551724138","6","0.3633720930232558","0","174","2022-05-13T17:42:00.000Z","1652463720",
"2551","22b77d7829c68dcd","E2:1F:7B:35:CC:08","49.42528735632184","8","0.38109756097560976","0","174","2022-05-13T17:43:00.000Z","1652463780",
"2551","22b77d7829c68dcd","E2:1F:7B:35:CC:08","51.724137931034484","4","0.35511363636363635","2","174","2022-05-13T17:44:00.000Z","1652463840",
"2551","22b77d7829c68dcd","E2:1F:7B:35:CC:08","60.91954022988506","5","0.45955882352941174","2","174","2022-05-13T17:45:00.000Z","1652463900",
"2551","22b77d7829c68dcd","E2:1F:7B:35:CC:08","64.36781609195403","5","0.48828125","0","174","2022-05-13T17:46:00.000Z","1652463960",
"2551","22b77d7829c68dcd","E2:1F:7B:35:CC:08","65.51724137931035","4","0.5387931034482759","1","174","2022-05-13T17:47:00.000Z","1652464020",
"2551","22b77d7829c68dcd","E2:1F:7B:35:CC:08","36.7816091954023","1","0.5580357142857143","0","174","2022-05-13T17:48:00.000Z","1652464080",
"2551","22b77d7829c68dcd","E2:1F:7B:35:CC:08","27.586206896551722","0","0.5387931034482759","0","174","2022-05-13T17:49:00.000Z","1652464140",
"2551","22b77d7829c68dcd","E2:1F:7B:35:CC:08","27.586206896551722","3","0.5787037037037037","0","174","2022-05-13T17:50:00.000Z","1652464200",
"2551","22b77d7829c68dcd","E2:1F:7B:35:CC:08","24.137931034482758","0","0.6009615384615384","0","174","2022-05-13T17:51:00.000Z","1652464260",
"2551","22b77d7829c68dcd","E2:1F:7B:35:CC:08","20.689655172413794","0","0.5787037037037037","0","174","2022-05-13T17:52:00.000Z","1652464320",
"2551","22b77d7829c68dcd","E2:1F:7B:35:CC:08","21.839080459770116","1","0.5387931034482759","0","174","2022-05-13T17:53:00.000Z","1652464380",
"2551","22b77d7829c68dcd","E2:1F:7B:35:CC:08","32.18390804597701","6","0.4734848484848485","0","174","2022-05-13T17:54:00.000Z","1652464440",
"2551","22b77d7829c68dcd","E2:1F:7B:35:CC:08","51.724137931034484","4","0.5787037037037037","1","174","2022-05-13T17:55:00.000Z","1652464500",
"2551","22b77d7829c68dcd","E2:1F:7B:35:CC:08","31.03448275862069","0","0.5580357142857143","0","174","2022-05-13T17:56:00.000Z","1652464560",
"2551","22b77d7829c68dcd","E2:1F:7B:35:CC:08","25.28735632183908","2","0.5580357142857143","0","174","2022-05-13T17:57:00.000Z","1652464620",
"2551","22b77d7829c68dcd","E2:1F:7B:35:CC:08","27.586206896551722","0","0.5040322580645161","0","174","2022-05-13T17:58:00.000Z","1652464680",
"2551","22b77d7829c68dcd","E2:1F:7B:35:CC:08","46.24277456647399","3","0.44642857142857145","5","173","2022-05-13T18:00:00.000Z","1652464800",
"2551","22b77d7829c68dcd","E2:1F:7B:35:CC:08","31.213872832369944","2","0.4734848484848485","0","173","2022-05-13T18:01:00.000Z","1652464860",
"2551","22b77d7829c68dcd","E2:1F:7B:35:CC:08","39.30635838150289","2","0.44642857142857145","0","173","2022-05-13T18:02:00.000Z","1652464920",
"2551","22b77d7829c68dcd","E2:1F:7B:35:CC:08","43.93063583815029","0","0.4222972972972973","0","173","2022-05-13T18:03:00.000Z","1652464980",
"2551","22b77d7829c68dcd","E2:1F:7B:35:CC:08","52.02312138728324","5","0.4734848484848485","1","173","2022-05-13T18:04:00.000Z","1652465040",
"2551","22b77d7829c68dcd","E2:1F:7B:35:CC:08","45.08670520231214","3","0.4734848484848485","0","173","2022-05-13T18:05:00.000Z","1652465100",
"2551","22b77d7829c68dcd","E2:1F:7B:35:CC:08","47.39884393063584","4","0.4340277777777778","0","173","2022-05-13T18:06:00.000Z","1652465160",
"2551","22b77d7829c68dcd","E2:1F:7B:35:CC:08","49.71098265895954","2","0.44642857142857145","1","173","2022-05-13T18:07:00.000Z","1652465220",
"2551","22b77d7829c68dcd","E2:1F:7B:35:CC:08","42.774566473988436","0","0.44642857142857145","2","173","2022-05-13T18:08:00.000Z","1652465280",
"2551","22b77d7829c68dcd","E2:1F:7B:35:CC:08","56.64739884393064","4","0.37202380952380953","2","173","2022-05-13T18:09:00.000Z","1652465340",
"2551","22b77d7829c68dcd","E2:1F:7B:35:CC:08","40.46242774566474","0","0.48828125","1","173","2022-05-13T18:10:00.000Z","1652465400",
"2551","22b77d7829c68dcd","E2:1F:7B:35:CC:08","41.61849710982659","4","0.48828125","1","173","2022-05-13T18:11:00.000Z","1652465460",
"2551","22b77d7829c68dcd","E2:1F:7B:35:CC:08","43.93063583815029","1","0.40064102564102566","0","173","2022-05-13T18:12:00.000Z","1652465520",
"2551","22b77d7829c68dcd","E2:1F:7B:35:CC:08","36.994219653179194","2","0.41118421052631576","0","173","2022-05-13T18:13:00.000Z","1652465580",
"2551","22b77d7829c68dcd","E2:1F:7B:35:CC:08","17.341040462427745","0","0.4222972972972973","0","173","2022-05-13T18:14:00.000Z","1652465640",
"2551","22b77d7829c68dcd","E2:1F:7B:35:CC:08","9.248554913294798","0","0.4340277777777778","0","173","2022-05-13T18:15:00.000Z","1652465700",
"2551","22b77d7829c68dcd","E2:1F:7B:35:CC:08","8.092485549132949","0","0.41118421052631576","0","173","2022-05-13T18:16:00.000Z","1652465760",
"2551","22b77d7829c68dcd","E2:1F:7B:35:CC:08","31.213872832369944","3","0.48828125","1","173","2022-05-13T18:17:00.000Z","1652465820",
"2551","22b77d7829c68dcd","E2:1F:7B:35:CC:08","38.15028901734104","1","0.4340277777777778","5","173","2022-05-13T18:18:00.000Z","1652465880",
"2551","22b77d7829c68dcd","E2:1F:7B:35:CC:08","43.93063583815029","5","0.44642857142857145","1","173","2022-05-13T18:19:00.000Z","1652465940",
"2551","22b77d7829c68dcd","E2:1F:7B:35:CC:08","41.61849710982659","6","0.4734848484848485","1","173","2022-05-13T18:20:00.000Z","1652466000",
"2551","22b77d7829c68dcd","E2:1F:7B:35:CC:08","58.959537572254334","8","0.5040322580645161","0","173","2022-05-13T18:21:00.000Z","1652466060",
"2551","22b77d7829c68dcd","E2:1F:7B:35:CC:08","63.58381502890173","3","0.5580357142857143","1","173","2022-05-13T18:22:00.000Z","1652466120",
"2551","22b77d7829c68dcd","E2:1F:7B:35:CC:08","53.179190751445084","1","0.5040322580645161","2","173","2022-05-13T18:23:00.000Z","1652466180",
"2551","22b77d7829c68dcd","E2:1F:7B:35:CC:08","28.90173410404624","0","0.4340277777777778","2","173","2022-05-13T18:24:00.000Z","1652466240",
"2551","22b77d7829c68dcd","E2:1F:7B:35:CC:08","12.716763005780347","0","0.5040322580645161","0","173","2022-05-13T18:25:00.000Z","1652466300",
"2551","22b77d7829c68dcd","E2:1F:7B:35:CC:08","41.61849710982659","4","0.2403846153846154","0","173","2022-05-13T18:26:00.000Z","1652466360",
"2551","22b77d7829c68dcd","E2:1F:7B:35:CC:08","58.959537572254334","3","0.30637254901960786","0","173","2022-05-13T18:27:00.000Z","1652466420",
"2551","22b77d7829c68dcd","E2:1F:7B:35:CC:08","49.71098265895954","3","0.2840909090909091","8","173","2022-05-13T18:28:00.000Z","1652466480",
"2551","22b77d7829c68dcd","E2:1F:7B:35:CC:08","54.335260115606935","5","0.3255208333333333","4","173","2022-05-13T18:29:00.000Z","1652466540",
"2551","22b77d7829c68dcd","E2:1F:7B:35:CC:08","63.58381502890173","5","0.4222972972972973","9","173","2022-05-13T18:30:00.000Z","1652466600",
"2551","22b77d7829c68dcd","E2:1F:7B:35:CC:08","63.58381502890173","4","0.40064102564102566","7","173","2022-05-13T18:31:00.000Z","1652466660",
"2551","22b77d7829c68dcd","E2:1F:7B:35:CC:08","52.02312138728324","12","0.35511363636363635","12","173","2022-05-13T18:32:00.000Z","1652466720",
"2551","22b77d7829c68dcd","E2:1F:7B:35:CC:08","64.73988439306359","6","0.4340277777777778","0","173","2022-05-13T18:33:00.000Z","1652466780",
"2551","22b77d7829c68dcd","E2:1F:7B:35:CC:08","58.959537572254334","2","0.625","11","173","2022-05-13T18:34:00.000Z","1652466840",
"2551","22b77d7829c68dcd","E2:1F:7B:35:CC:08","54.335260115606935","8","1.5625","22","173","2022-05-13T18:35:00.000Z","1652466900",
"2551","22b77d7829c68dcd","E2:1F:7B:35:CC:08","47.39884393063584","0","0.9765625","12","173","2022-05-13T18:36:00.000Z","1652466960",
"2551","22b77d7829c68dcd","E2:1F:7B:35:CC:08","57.80346820809248","1","0.78125","1","173","2022-05-13T18:37:00.000Z","1652467020",
"2551","22b77d7829c68dcd","E2:1F:7B:35:CC:08","60.115606936416185","3","0.8223684210526315","2","173","2022-05-13T18:38:00.000Z","1652467080",
"2551","22b77d7829c68dcd","E2:1F:7B:35:CC:08","46.24277456647399","3","0.38109756097560976","4","173","2022-05-13T18:39:00.000Z","1652467140",
"2551","22b77d7829c68dcd","E2:1F:7B:35:CC:08","70.52023121387283","5","0.18601190476190477","5","173","2022-05-13T18:40:00.000Z","1652467200",
"2551","22b77d7829c68dcd","E2:1F:7B:35:CC:08","95.95375722543352","8","0.294811320754717","1","173","2022-05-13T18:41:00.000Z","1652467260",
"2551","22b77d7829c68dcd","E2:1F:7B:35:CC:08","58.959537572254334","3","0.33967391304347827","2","173","2022-05-13T18:42:00.000Z","1652467320",
"2551","22b77d7829c68dcd","E2:1F:7B:35:CC:08","54.335260115606935","2","0.3633720930232558","0","173","2022-05-13T18:43:00.000Z","1652467380",
"2551","22b77d7829c68dcd","E2:1F:7B:35:CC:08","27.745664739884393","0","0.23674242424242425","0","173","2022-05-13T18:44:00.000Z","1652467440",
"2551","22b77d7829c68dcd","E2:1F:7B:35:CC:08","34.68208092485549","2","0.35511363636363635","1","173","2022-05-13T18:45:00.000Z","1652467500",
"2551","22b77d7829c68dcd","E2:1F:7B:35:CC:08","46.24277456647399","1","0.35511363636363635","1","173","2022-05-13T18:46:00.000Z","1652467560",
"2551","22b77d7829c68dcd","E2:1F:7B:35:CC:08","43.93063583815029","4","0.37202380952380953","8","173","2022-05-13T18:47:00.000Z","1652467620",
"2551","22b77d7829c68dcd","E2:1F:7B:35:CC:08","24.277456647398843","0","0.390625","0","173","2022-05-13T18:48:00.000Z","1652467680",
"2551","22b77d7829c68dcd","E2:1F:7B:35:CC:08","10.404624277456648","0","0.37202380952380953","5","173","2022-05-13T18:49:00.000Z","1652467740",
"2551","22b77d7829c68dcd","E2:1F:7B:35:CC:08","21.965317919075144","4","0.37202380952380953","8","173","2022-05-13T18:50:00.000Z","1652467800",
"2551","22b77d7829c68dcd","E2:1F:7B:35:CC:08","24.277456647398843","2","0.41118421052631576","22","173","2022-05-13T18:51:00.000Z","1652467860",
"2551","22b77d7829c68dcd","E2:1F:7B:35:CC:08","31.213872832369944","4","0.44642857142857145","15","173","2022-05-13T18:52:00.000Z","1652467920",
"2551","22b77d7829c68dcd","E2:1F:7B:35:CC:08","43.93063583815029","5","0.4734848484848485","14","173","2022-05-13T18:53:00.000Z","1652467980",
"2551","22b77d7829c68dcd","E2:1F:7B:35:CC:08","40.46242774566474","1","0.45955882352941174","11","173","2022-05-13T18:54:00.000Z","1652468040",
"2551","22b77d7829c68dcd","E2:1F:7B:35:CC:08","41.61849710982659","3","0.45955882352941174","1","173","2022-05-13T18:55:00.000Z","1652468100",
"2551","22b77d7829c68dcd","E2:1F:7B:35:CC:08","28.90173410404624","0","0.44642857142857145","0","173","2022-05-13T18:56:00.000Z","1652468160",
"2551","22b77d7829c68dcd","E2:1F:7B:35:CC:08","21.965317919075144","3","0.4340277777777778","5","173","2022-05-13T18:57:00.000Z","1652468220",
"2551","22b77d7829c68dcd","E2:1F:7B:35:CC:08","21.965317919075144","2","0.44642857142857145","1","173","2022-05-13T18:58:00.000Z","1652468280",
"2551","22b77d7829c68dcd","E2:1F:7B:35:CC:08","19.653179190751445","0","0.44642857142857145","0","173","2022-05-13T18:59:00.000Z","1652468340",
"2551","22b77d7829c68dcd","E2:1F:7B:35:CC:08","23.121387283236995","2","0.4340277777777778","1","173","2022-05-13T19:00:00.000Z","1652468400",
"2551","22b77d7829c68dcd","E2:1F:7B:35:CC:08","32.369942196531795","1","0.40064102564102566","0","173","2022-05-13T19:01:00.000Z","1652468460",
"2551","22b77d7829c68dcd","E2:1F:7B:35:CC:08","26.589595375722542","1","0.390625","0","173","2022-05-13T19:02:00.000Z","1652468520",
"2551","22b77d7829c68dcd","E2:1F:7B:35:CC:08","34.68208092485549","4","0.38109756097560976","0","173","2022-05-13T19:03:00.000Z","1652468580",
"2551","22b77d7829c68dcd","E2:1F:7B:35:CC:08","32.369942196531795","2","0.35511363636363635","0","173","2022-05-13T19:04:00.000Z","1652468640",
"2551","22b77d7829c68dcd","E2:1F:7B:35:CC:08","24.277456647398843","0","0.3633720930232558","0","173","2022-05-13T19:05:00.000Z","1652468700",
"2551","22b77d7829c68dcd","E2:1F:7B:35:CC:08","32.369942196531795","4","0.3633720930232558","0","173","2022-05-13T19:06:00.000Z","1652468760",
"2551","22b77d7829c68dcd","E2:1F:7B:35:CC:08","48.554913294797686","2","0.2741228070175439","0","173","2022-05-13T19:07:00.000Z","1652468820",
"2551","22b77d7829c68dcd","E2:1F:7B:35:CC:08","52.02312138728324","1","0.33967391304347827","1","173","2022-05-13T19:08:00.000Z","1652468880",
"2551","22b77d7829c68dcd","E2:1F:7B:35:CC:08","39.30635838150289","2","0.3255208333333333","0","173","2022-05-13T19:09:00.000Z","1652468940",
"2551","22b77d7829c68dcd","E2:1F:7B:35:CC:08","47.39884393063584","9","0.33967391304347827","2","173","2022-05-13T19:10:00.000Z","1652469000",
"2551","22b77d7829c68dcd","E2:1F:7B:35:CC:08","48.554913294797686","6","0.31887755102040816","0","173","2022-05-13T19:11:00.000Z","1652469060",
"2551","22b77d7829c68dcd","E2:1F:7B:35:CC:08","33.52601156069364","0","0.33967391304347827","0","173","2022-05-13T19:12:00.000Z","1652469120",
"2551","22b77d7829c68dcd","E2:1F:7B:35:CC:08","34.68208092485549","2","0.37202380952380953","0","173","2022-05-13T19:13:00.000Z","1652469180",
"2551","22b77d7829c68dcd","E2:1F:7B:35:CC:08","49.71098265895954","3","0.3255208333333333","7","173","2022-05-13T19:14:00.000Z","1652469240",
"2551","22b77d7829c68dcd","E2:1F:7B:35:CC:08","52.02312138728324","6","0.35511363636363635","1","173","2022-05-13T19:15:00.000Z","1652469300",
"2551","22b77d7829c68dcd","E2:1F:7B:35:CC:08","33.52601156069364","2","0.38109756097560976","4","173","2022-05-13T19:16:00.000Z","1652469360",
"2551","22b77d7829c68dcd","E2:1F:7B:35:CC:08","38.15028901734104","9","0.28935185185185186","5","173","2022-05-13T19:17:00.000Z","1652469420",
"2551","22b77d7829c68dcd","E2:1F:7B:35:CC:08","68.20809248554913","6","0.26939655172413796","4","173","2022-05-13T19:18:00.000Z","1652469480",
"2551","22b77d7829c68dcd","E2:1F:7B:35:CC:08","55.49132947976879","5","0.3004807692307692","0","173","2022-05-13T19:19:00.000Z","1652469540",
"2551","22b77d7829c68dcd","E2:1F:7B:35:CC:08","57.80346820809248","2","0.3125","2","173","2022-05-13T19:20:00.000Z","1652469600",
"2551","22b77d7829c68dcd","E2:1F:7B:35:CC:08","55.49132947976879","4","0.2840909090909091","1","173","2022-05-13T19:21:00.000Z","1652469660",
"2551","22b77d7829c68dcd","E2:1F:7B:35:CC:08","69.36416184971098","4","0.294811320754717","0","173","2022-05-13T19:22:00.000Z","1652469720",
"2551","22b77d7829c68dcd","E2:1F:7B:35:CC:08","46.24277456647399","1","0.3125","1","173","2022-05-13T19:23:00.000Z","1652469780",
"2551","22b77d7829c68dcd","E2:1F:7B:35:CC:08","35.83815028901734","2","0.30637254901960786","0","173","2022-05-13T19:24:00.000Z","1652469840",
"2551","22b77d7829c68dcd","E2:1F:7B:35:CC:08","28.90173410404624","2","0.3004807692307692","0","173","2022-05-13T19:25:00.000Z","1652469900",
"2551","22b77d7829c68dcd","E2:1F:7B:35:CC:08","32.369942196531795","4","0.33967391304347827","5","173","2022-05-13T19:26:00.000Z","1652469960",
"2551","22b77d7829c68dcd","E2:1F:7B:35:CC:08","42.774566473988436","5","0.3004807692307692","0","173","2022-05-13T19:27:00.000Z","1652470020",
"2551","22b77d7829c68dcd","E2:1F:7B:35:CC:08","54.335260115606935","7","0.33967391304347827","1","173","2022-05-13T19:28:00.000Z","1652470080",
"2551","22b77d7829c68dcd","E2:1F:7B:35:CC:08","48.554913294797686","5","0.31887755102040816","15","173","2022-05-13T19:29:00.000Z","1652470140",
"2551","22b77d7829c68dcd","E2:1F:7B:35:CC:08","50.86705202312139","5","0.3255208333333333","5","173","2022-05-13T19:30:00.000Z","1652470200",
"2551","22b77d7829c68dcd","E2:1F:7B:35:CC:08","50.86705202312139","0","0.37202380952380953","9","173","2022-05-13T19:31:00.000Z","1652470260",
"2551","22b77d7829c68dcd","E2:1F:7B:35:CC:08","56.64739884393064","9","0.37202380952380953","16","173","2022-05-13T19:32:00.000Z","1652470320",
"2551","22b77d7829c68dcd","E2:1F:7B:35:CC:08","52.02312138728324","5","0.41118421052631576","8","173","2022-05-13T19:33:00.000Z","1652470380",
"2551","22b77d7829c68dcd","E2:1F:7B:35:CC:08","50.86705202312139","2","0.41118421052631576","7","173","2022-05-13T19:34:00.000Z","1652470440",
"2551","22b77d7829c68dcd","E2:1F:7B:35:CC:08","49.71098265895954","2","0.31887755102040816","9","173","2022-05-13T19:35:00.000Z","1652470500",
"2551","22b77d7829c68dcd","E2:1F:7B:35:CC:08","27.745664739884393","0","0.33967391304347827","0","173","2022-05-13T19:36:00.000Z","1652470560",
"2551","22b77d7829c68dcd","E2:1F:7B:35:CC:08","15.028901734104046","0","0.35511363636363635","0","173","2022-05-13T19:37:00.000Z","1652470620",
"2551","22b77d7829c68dcd","E2:1F:7B:35:CC:08","15.028901734104046","0","0.37202380952380953","0","173","2022-05-13T19:38:00.000Z","1652470680",
"2551","22b77d7829c68dcd","E2:1F:7B:35:CC:08","35.83815028901734","3","0.3472222222222222","0","173","2022-05-13T19:39:00.000Z","1652470740",
"2551","22b77d7829c68dcd","E2:1F:7B:35:CC:08","46.24277456647399","3","0.35511363636363635","2","173","2022-05-13T19:40:00.000Z","1652470800",
"2551","22b77d7829c68dcd","E2:1F:7B:35:CC:08","40.46242774566474","3","0.37202380952380953","1","173","2022-05-13T19:41:00.000Z","1652470860",
"2551","22b77d7829c68dcd","E2:1F:7B:35:CC:08","56.64739884393064","4","0.390625","5","173","2022-05-13T19:42:00.000Z","1652470920",
"2551","22b77d7829c68dcd","E2:1F:7B:35:CC:08","54.335260115606935","6","0.41118421052631576","8","173","2022-05-13T19:43:00.000Z","1652470980",
"2551","22b77d7829c68dcd","E2:1F:7B:35:CC:08","53.179190751445084","1","0.390625","1","173","2022-05-13T19:44:00.000Z","1652471040",
"2551","22b77d7829c68dcd","E2:1F:7B:35:CC:08","55.49132947976879","3","0.41118421052631576","0","173","2022-05-13T19:45:00.000Z","1652471100",
"2551","22b77d7829c68dcd","E2:1F:7B:35:CC:08","61.27167630057804","4","0.38109756097560976","4","173","2022-05-13T19:46:00.000Z","1652471160",
"2551","22b77d7829c68dcd","E2:1F:7B:35:CC:08","82.08092485549133","6","0.35511363636363635","7","173","2022-05-13T19:47:00.000Z","1652471220",
"2551","22b77d7829c68dcd","E2:1F:7B:35:CC:08","79.76878612716763","6","0.4340277777777778","1","173","2022-05-13T19:48:00.000Z","1652471280",
"2551","22b77d7829c68dcd","E2:1F:7B:35:CC:08","57.80346820809248","7","0.44642857142857145","12","173","2022-05-13T19:49:00.000Z","1652471340",
"2551","22b77d7829c68dcd","E2:1F:7B:35:CC:08","33.52601156069364","2","0.4340277777777778","0","173","2022-05-13T19:50:00.000Z","1652471400",
"2551","22b77d7829c68dcd","E2:1F:7B:35:CC:08","26.74418604651163","3","0.44642857142857145","1","172","2022-05-13T19:52:00.000Z","1652471520",
"2551","22b77d7829c68dcd","E2:1F:7B:35:CC:08","24.41860465116279","1","0.4222972972972973","1","172","2022-05-13T19:53:00.000Z","1652471580",
"2551","22b77d7829c68dcd","E2:1F:7B:35:CC:08","36.04651162790697","3","0.4340277777777778","7","172","2022-05-13T19:54:00.000Z","1652471640",
"2551","22b77d7829c68dcd","E2:1F:7B:35:CC:08","39.53488372093023","3","0.4340277777777778","7","172","2022-05-13T19:55:00.000Z","1652471700",
"2551","22b77d7829c68dcd","E2:1F:7B:35:CC:08","50","3","0.45955882352941174","1","172","2022-05-13T19:56:00.000Z","1652471760",
"2551","22b77d7829c68dcd","E2:1F:7B:35:CC:08","41.86046511627907","0","0.4340277777777778","0","172","2022-05-13T19:57:00.000Z","1652471820",
"2551","22b77d7829c68dcd","E2:1F:7B:35:CC:08","53.48837209302326","7","0.4734848484848485","1","172","2022-05-13T19:58:00.000Z","1652471880",
"2551","22b77d7829c68dcd","E2:1F:7B:35:CC:08","30.232558139534884","0","0.4734848484848485","0","172","2022-05-13T19:59:00.000Z","1652471940",
"2551","22b77d7829c68dcd","E2:1F:7B:35:CC:08","16.27906976744186","0","0.5387931034482759","0","172","2022-05-13T20:00:00.000Z","1652472000",
"2551","22b77d7829c68dcd","E2:1F:7B:35:CC:08","44.18604651162791","6","0.48828125","5","172","2022-05-13T20:01:00.000Z","1652472060",
"2551","22b77d7829c68dcd","E2:1F:7B:35:CC:08","58.13953488372093","5","0.390625","23","172","2022-05-13T20:02:00.000Z","1652472120",
"2551","22b77d7829c68dcd","E2:1F:7B:35:CC:08","67.44186046511628","4","0.44642857142857145","0","172","2022-05-13T20:03:00.000Z","1652472180",
"2551","22b77d7829c68dcd","E2:1F:7B:35:CC:08","60.46511627906977","4","0.38109756097560976","14","172","2022-05-13T20:04:00.000Z","1652472240",
"2551","22b77d7829c68dcd","E2:1F:7B:35:CC:08","68.6046511627907","12","0.31887755102040816","0","172","2022-05-13T20:05:00.000Z","1652472300",
"2551","22b77d7829c68dcd","E2:1F:7B:35:CC:08","51.16279069767442","4","0.5387931034482759","11","172","2022-05-13T20:06:00.000Z","1652472360",
"2551","22b77d7829c68dcd","E2:1F:7B:35:CC:08","46.51162790697674","2","0.5040322580645161","0","172","2022-05-13T20:07:00.000Z","1652472420",
"2551","22b77d7829c68dcd","E2:1F:7B:35:CC:08","30.232558139534884","0","0.5040322580645161","1","172","2022-05-13T20:08:00.000Z","1652472480",
"2551","22b77d7829c68dcd","E2:1F:7B:35:CC:08","13.953488372093023","1","0.4340277777777778","0","172","2022-05-13T20:09:00.000Z","1652472540",
"2551","22b77d7829c68dcd","E2:1F:7B:35:CC:08","15.116279069767442","5","0.41118421052631576","0","172","2022-05-13T20:10:00.000Z","1652472600",
"2551","22b77d7829c68dcd","E2:1F:7B:35:CC:08","23.25581395348837","2","0.41118421052631576","0","172","2022-05-13T20:11:00.000Z","1652472660",
"2551","22b77d7829c68dcd","E2:1F:7B:35:CC:08","20.930232558139537","0","0.4340277777777778","0","172","2022-05-13T20:12:00.000Z","1652472720",
"2551","22b77d7829c68dcd","E2:1F:7B:35:CC:08","20.930232558139537","1","0.4340277777777778","1","172","2022-05-13T20:13:00.000Z","1652472780",
"2551","22b77d7829c68dcd","E2:1F:7B:35:CC:08","13.953488372093023","1","0.4340277777777778","1","172","2022-05-13T20:14:00.000Z","1652472840",
"2551","22b77d7829c68dcd","E2:1F:7B:35:CC:08","29.069767441860463","6","0.44642857142857145","15","172","2022-05-13T20:15:00.000Z","1652472900",
"2551","22b77d7829c68dcd","E2:1F:7B:35:CC:08","30.232558139534884","4","0.44642857142857145","18","172","2022-05-13T20:16:00.000Z","1652472960",
"2551","22b77d7829c68dcd","E2:1F:7B:35:CC:08","27.906976744186046","2","0.45955882352941174","5","172","2022-05-13T20:17:00.000Z","1652473020",
"2551","22b77d7829c68dcd","E2:1F:7B:35:CC:08","34.883720930232556","5","0.45955882352941174","7","172","2022-05-13T20:18:00.000Z","1652473080",
"2551","22b77d7829c68dcd","E2:1F:7B:35:CC:08","27.906976744186046","2","0.48828125","1","172","2022-05-13T20:19:00.000Z","1652473140",
"2551","22b77d7829c68dcd","E2:1F:7B:35:CC:08","48.83720930232558","5","0.6009615384615384","5","172","2022-05-13T20:20:00.000Z","1652473200",
"2551","22b77d7829c68dcd","E2:1F:7B:35:CC:08","66.27906976744185","4","0.5387931034482759","4","172","2022-05-13T20:21:00.000Z","1652473260",
"2551","22b77d7829c68dcd","E2:1F:7B:35:CC:08","52.325581395348834","5","0.5787037037037037","19","172","2022-05-13T20:22:00.000Z","1652473320",
"2551","22b77d7829c68dcd","E2:1F:7B:35:CC:08","51.16279069767442","4","0.5208333333333334","2","172","2022-05-13T20:23:00.000Z","1652473380",
"2551","22b77d7829c68dcd","E2:1F:7B:35:CC:08","56.97674418604651","1","0.5208333333333334","5","172","2022-05-13T20:24:00.000Z","1652473440",
"2551","22b77d7829c68dcd","E2:1F:7B:35:CC:08","60.46511627906977","9","0.5787037037037037","8","172","2022-05-13T20:25:00.000Z","1652473500",
"2551","22b77d7829c68dcd","E2:1F:7B:35:CC:08","51.16279069767442","3","0.6009615384615384","0","172","2022-05-13T20:26:00.000Z","1652473560",
"2551","22b77d7829c68dcd","E2:1F:7B:35:CC:08","38.372093023255815","4","0.6009615384615384","0","172","2022-05-13T20:27:00.000Z","1652473620",
"2551","22b77d7829c68dcd","E2:1F:7B:35:CC:08","63.95348837209303","4","0.625","16","172","2022-05-13T20:28:00.000Z","1652473680",
"2551","22b77d7829c68dcd","E2:1F:7B:35:CC:08","68.6046511627907","5","0.7440476190476191","11","172","2022-05-13T20:29:00.000Z","1652473740",
"2551","22b77d7829c68dcd","E2:1F:7B:35:CC:08","67.44186046511628","4","0.625","19","172","2022-05-13T20:30:00.000Z","1652473800",
"2551","22b77d7829c68dcd","E2:1F:7B:35:CC:08","63.95348837209303","7","0.7102272727272727","26","172","2022-05-13T20:31:00.000Z","1652473860",
"2551","22b77d7829c68dcd","E2:1F:7B:35:CC:08","66.27906976744185","5","0.7102272727272727","15","172","2022-05-13T20:32:00.000Z","1652473920",
"2551","22b77d7829c68dcd","E2:1F:7B:35:CC:08","55.81395348837209","1","0.7102272727272727","9","172","2022-05-13T20:33:00.000Z","1652473980",
"2551","22b77d7829c68dcd","E2:1F:7B:35:CC:08","43.02325581395349","2","0.7102272727272727","21","172","2022-05-13T20:34:00.000Z","1652474040",
"2551","22b77d7829c68dcd","E2:1F:7B:35:CC:08","33.72093023255814","1","0.6793478260869565","19","172","2022-05-13T20:35:00.000Z","1652474100",
"2551","22b77d7829c68dcd","E2:1F:7B:35:CC:08","32.55813953488372","5","0.7102272727272727","15","172","2022-05-13T20:36:00.000Z","1652474160",
"2551","22b77d7829c68dcd","E2:1F:7B:35:CC:08","30.232558139534884","4","0.7102272727272727","12","172","2022-05-13T20:37:00.000Z","1652474220",
"2551","22b77d7829c68dcd","E2:1F:7B:35:CC:08","45.348837209302324","3","0.7440476190476191","0","172","2022-05-13T20:38:00.000Z","1652474280",
"2551","22b77d7829c68dcd","E2:1F:7B:35:CC:08","38.372093023255815","0","0.6510416666666666","0","172","2022-05-13T20:39:00.000Z","1652474340",
"2551","22b77d7829c68dcd","E2:1F:7B:35:CC:08","25.58139534883721","0","0.625","0","172","2022-05-13T20:40:00.000Z","1652474400",
"2551","22b77d7829c68dcd","E2:1F:7B:35:CC:08","22.093023255813954","0","0.5787037037037037","0","172","2022-05-13T20:41:00.000Z","1652474460",
"2551","22b77d7829c68dcd","E2:1F:7B:35:CC:08","16.27906976744186","0","0.5580357142857143","0","172","2022-05-13T20:42:00.000Z","1652474520",
"2551","22b77d7829c68dcd","E2:1F:7B:35:CC:08","9.30232558139535","0","0.5580357142857143","0","172","2022-05-13T20:43:00.000Z","1652474580",
"2551","22b77d7829c68dcd","E2:1F:7B:35:CC:08","8.13953488372093","0","0.5387931034482759","0","172","2022-05-13T20:44:00.000Z","1652474640",
"2551","22b77d7829c68dcd","E2:1F:7B:35:CC:08","16.27906976744186","1","0.5208333333333334","4","172","2022-05-13T20:45:00.000Z","1652474700",
"2551","22b77d7829c68dcd","E2:1F:7B:35:CC:08","12.790697674418604","0","0.5040322580645161","0","172","2022-05-13T20:46:00.000Z","1652474760",
"2551","22b77d7829c68dcd","E2:1F:7B:35:CC:08","25.58139534883721","2","0.48828125","0","172","2022-05-13T20:47:00.000Z","1652474820",
"2551","22b77d7829c68dcd","E2:1F:7B:35:CC:08","13.953488372093023","0","0.48828125","1","172","2022-05-13T20:48:00.000Z","1652474880",
"2551","22b77d7829c68dcd","E2:1F:7B:35:CC:08","8.13953488372093","0","0.48828125","0","172","2022-05-13T20:49:00.000Z","1652474940",
"2551","22b77d7829c68dcd","E2:1F:7B:35:CC:08","12.790697674418604","0","0.44642857142857145","0","172","2022-05-13T20:50:00.000Z","1652475000",
"2551","22b77d7829c68dcd","E2:1F:7B:35:CC:08","11.627906976744185","0","0.45955882352941174","0","172","2022-05-13T20:51:00.000Z","1652475060",
"2551","22b77d7829c68dcd","E2:1F:7B:35:CC:08","13.953488372093023","0","0.4340277777777778","0","172","2022-05-13T20:52:00.000Z","1652475120",
"2551","22b77d7829c68dcd","E2:1F:7B:35:CC:08","8.13953488372093","0","0.4340277777777778","0","172","2022-05-13T20:53:00.000Z","1652475180",
"2551","22b77d7829c68dcd","E2:1F:7B:35:CC:08","6.976744186046512","0","0.4222972972972973","0","172","2022-05-13T20:54:00.000Z","1652475240",
"2551","22b77d7829c68dcd","E2:1F:7B:35:CC:08","6.976744186046512","0","0.4222972972972973","0","172","2022-05-13T20:55:00.000Z","1652475300",
"2551","22b77d7829c68dcd","E2:1F:7B:35:CC:08","5.813953488372093","0","0.4222972972972973","0","172","2022-05-13T20:56:00.000Z","1652475360",
"2551","22b77d7829c68dcd","E2:1F:7B:35:CC:08","11.627906976744185","1","0.4222972972972973","0","172","2022-05-13T20:57:00.000Z","1652475420",
"2551","22b77d7829c68dcd","E2:1F:7B:35:CC:08","6.976744186046512","0","0.4222972972972973","0","172","2022-05-13T20:58:00.000Z","1652475480",
"2551","22b77d7829c68dcd","E2:1F:7B:35:CC:08","3.488372093023256","0","0.4222972972972973","0","172","2022-05-13T20:59:00.000Z","1652475540",
"2551","22b77d7829c68dcd","E2:1F:7B:35:CC:08","16.27906976744186","0","0.4222972972972973","1","172","2022-05-13T21:00:00.000Z","1652475600",
"2551","22b77d7829c68dcd","E2:1F:7B:35:CC:08","9.30232558139535","0","0.4222972972972973","0","172","2022-05-13T21:01:00.000Z","1652475660",
"2551","22b77d7829c68dcd","E2:1F:7B:35:CC:08","17.441860465116278","3","0.1474056603773585","1","172","2022-05-13T21:02:00.000Z","1652475720",
"2551","22b77d7829c68dcd","E2:1F:7B:35:CC:08","39.53488372093023","0","0.25201612903225806","7","172","2022-05-13T21:03:00.000Z","1652475780",
"2551","22b77d7829c68dcd","E2:1F:7B:35:CC:08","58.13953488372093","5","0.3125","1","172","2022-05-13T21:04:00.000Z","1652475840",
"2551","22b77d7829c68dcd","E2:1F:7B:35:CC:08","57.64705882352941","8","0.390625","11","170","2022-05-13T21:06:00.000Z","1652475960",
"2551","22b77d7829c68dcd","E2:1F:7B:35:CC:08","35.294117647058826","1","0.390625","0","170","2022-05-13T21:07:00.000Z","1652476020",
"2551","22b77d7829c68dcd","E2:1F:7B:35:CC:08","18.823529411764707","0","0.38109756097560976","0","170","2022-05-13T21:08:00.000Z","1652476080",
"2551","22b77d7829c68dcd","E2:1F:7B:35:CC:08","8.235294117647058","0","0.37202380952380953","0","170","2022-05-13T21:09:00.000Z","1652476140",
"2551","22b77d7829c68dcd","E2:1F:7B:35:CC:08","11.764705882352942","0","0.3633720930232558","1","170","2022-05-13T21:10:00.000Z","1652476200",
"2551","22b77d7829c68dcd","E2:1F:7B:35:CC:08","7.0588235294117645","0","0.3633720930232558","0","170","2022-05-13T21:11:00.000Z","1652476260",
"2551","22b77d7829c68dcd","E2:1F:7B:35:CC:08","4.705882352941177","0","0.3633720930232558","0","170","2022-05-13T21:12:00.000Z","1652476320",
"2551","22b77d7829c68dcd","E2:1F:7B:35:CC:08","5.882352941176471","0","0.3633720930232558","0","170","2022-05-13T21:13:00.000Z","1652476380",
"2551","22b77d7829c68dcd","E2:1F:7B:35:CC:08","8.235294117647058","0","0.37202380952380953","0","170","2022-05-13T21:14:00.000Z","1652476440",
"2551","22b77d7829c68dcd","E2:1F:7B:35:CC:08","5.882352941176471","0","0.37202380952380953","0","170","2022-05-13T21:15:00.000Z","1652476500",
"2551","22b77d7829c68dcd","E2:1F:7B:35:CC:08","4.705882352941177","0","0.37202380952380953","0","170","2022-05-13T21:16:00.000Z","1652476560",
"2551","22b77d7829c68dcd","E2:1F:7B:35:CC:08","5.882352941176471","0","0.3633720930232558","0","170","2022-05-13T21:17:00.000Z","1652476620",
"2551","22b77d7829c68dcd","E2:1F:7B:35:CC:08","9.411764705882353","1","0.35511363636363635","0","170","2022-05-13T21:18:00.000Z","1652476680",
"2551","22b77d7829c68dcd","E2:1F:7B:35:CC:08","8.235294117647058","0","0.3633720930232558","0","170","2022-05-13T21:19:00.000Z","1652476740",
"2551","22b77d7829c68dcd","E2:1F:7B:35:CC:08","5.882352941176471","0","0.35511363636363635","0","170","2022-05-13T21:20:00.000Z","1652476800",
"2551","22b77d7829c68dcd","E2:1F:7B:35:CC:08","22.352941176470587","4","0.3125","2","170","2022-05-13T21:21:00.000Z","1652476860",
"2551","22b77d7829c68dcd","E2:1F:7B:35:CC:08","17.647058823529413","0","0.3255208333333333","0","170","2022-05-13T21:22:00.000Z","1652476920",
"2551","22b77d7829c68dcd","E2:1F:7B:35:CC:08","20","2","0.31887755102040816","0","170","2022-05-13T21:23:00.000Z","1652476980",
"2551","22b77d7829c68dcd","E2:1F:7B:35:CC:08","11.764705882352942","0","0.3324468085106383","0","170","2022-05-13T21:24:00.000Z","1652477040",
"2551","22b77d7829c68dcd","E2:1F:7B:35:CC:08","5.882352941176471","0","0.3324468085106383","0","170","2022-05-13T21:25:00.000Z","1652477100",
"2551","22b77d7829c68dcd","E2:1F:7B:35:CC:08","15.294117647058824","5","0.33967391304347827","2","170","2022-05-13T21:26:00.000Z","1652477160",
"2551","22b77d7829c68dcd","E2:1F:7B:35:CC:08","17.647058823529413","6","0.31887755102040816","15","170","2022-05-13T21:27:00.000Z","1652477220",
"2551","22b77d7829c68dcd","E2:1F:7B:35:CC:08","28.235294117647058","0","0.31887755102040816","2","170","2022-05-13T21:28:00.000Z","1652477280",
"2551","22b77d7829c68dcd","E2:1F:7B:35:CC:08","27.058823529411764","1","0.31887755102040816","0","170","2022-05-13T21:29:00.000Z","1652477340",
"2551","22b77d7829c68dcd","E2:1F:7B:35:CC:08","20","0","0.3255208333333333","0","170","2022-05-13T21:30:00.000Z","1652477400",
"2551","22b77d7829c68dcd","E2:1F:7B:35:CC:08","11.764705882352942","0","0.3324468085106383","0","170","2022-05-13T21:31:00.000Z","1652477460",
"2551","22b77d7829c68dcd","E2:1F:7B:35:CC:08","16.470588235294116","0","0.31887755102040816","0","170","2022-05-13T21:32:00.000Z","1652477520",
"2551","22b77d7829c68dcd","E2:1F:7B:35:CC:08","14.117647058823529","0","0.3255208333333333","0","170","2022-05-13T21:33:00.000Z","1652477580",
"2551","22b77d7829c68dcd","E2:1F:7B:35:CC:08","14.117647058823529","0","0.37202380952380953","4","170","2022-05-13T21:34:00.000Z","1652477640",
"2551","22b77d7829c68dcd","E2:1F:7B:35:CC:08","18.823529411764707","1","0.31887755102040816","0","170","2022-05-13T21:35:00.000Z","1652477700",
"2551","22b77d7829c68dcd","E2:1F:7B:35:CC:08","20","0","0.3255208333333333","1","170","2022-05-13T21:36:00.000Z","1652477760",
"2551","22b77d7829c68dcd","E2:1F:7B:35:CC:08","11.764705882352942","0","0.31887755102040816","0","170","2022-05-13T21:37:00.000Z","1652477820",
"2551","22b77d7829c68dcd","E2:1F:7B:35:CC:08","22.352941176470587","0","0.30637254901960786","5","170","2022-05-13T21:38:00.000Z","1652477880",
"2551","22b77d7829c68dcd","E2:1F:7B:35:CC:08","34.11764705882353","2","0.3125","1","170","2022-05-13T21:39:00.000Z","1652477940",
"2551","22b77d7829c68dcd","E2:1F:7B:35:CC:08","32.94117647058823","2","0.3004807692307692","1","170","2022-05-13T21:40:00.000Z","1652478000",
"2551","22b77d7829c68dcd","E2:1F:7B:35:CC:08","36.470588235294116","3","0.3255208333333333","1","170","2022-05-13T21:41:00.000Z","1652478060",
"2551","22b77d7829c68dcd","E2:1F:7B:35:CC:08","28.235294117647058","1","0.3324468085106383","0","170","2022-05-13T21:42:00.000Z","1652478120",
"2551","22b77d7829c68dcd","E2:1F:7B:35:CC:08","27.058823529411764","0","0.3255208333333333","0","170","2022-05-13T21:43:00.000Z","1652478180",
"2551","22b77d7829c68dcd","E2:1F:7B:35:CC:08","17.647058823529413","0","0.3255208333333333","0","170","2022-05-13T21:44:00.000Z","1652478240",
"2551","22b77d7829c68dcd","E2:1F:7B:35:CC:08","16.470588235294116","0","0.2403846153846154","1","170","2022-05-13T21:45:00.000Z","1652478300",
"2551","22b77d7829c68dcd","E2:1F:7B:35:CC:08","49.411764705882355","6","0.294811320754717","2","170","2022-05-13T21:46:00.000Z","1652478360",
"2551","22b77d7829c68dcd","E2:1F:7B:35:CC:08","84.70588235294117","8","0.28935185185185186","2","170","2022-05-13T21:47:00.000Z","1652478420",
"2551","22b77d7829c68dcd","E2:1F:7B:35:CC:08","60","2","0.3125","0","170","2022-05-13T21:48:00.000Z","1652478480",
"2551","22b77d7829c68dcd","E2:1F:7B:35:CC:08","25.88235294117647","0","0.3255208333333333","0","170","2022-05-13T21:49:00.000Z","1652478540",
"2551","22b77d7829c68dcd","E2:1F:7B:35:CC:08","14.117647058823529","0","0.3324468085106383","2","170","2022-05-13T21:50:00.000Z","1652478600",
"2551","22b77d7829c68dcd","E2:1F:7B:35:CC:08","8.235294117647058","0","0.33967391304347827","0","170","2022-05-13T21:51:00.000Z","1652478660",
"2551","22b77d7829c68dcd","E2:1F:7B:35:CC:08","4.705882352941177","0","0.33967391304347827","0","170","2022-05-13T21:52:00.000Z","1652478720",
"2551","22b77d7829c68dcd","E2:1F:7B:35:CC:08","3.5294117647058822","0","0.3472222222222222","1","170","2022-05-13T21:53:00.000Z","1652478780",
"2551","22b77d7829c68dcd","E2:1F:7B:35:CC:08","3.5294117647058822","0","0.35511363636363635","1","170","2022-05-13T21:54:00.000Z","1652478840",
"2551","22b77d7829c68dcd","E2:1F:7B:35:CC:08","16.470588235294116","0","0.3472222222222222","0","170","2022-05-13T21:55:00.000Z","1652478900",
"2551","22b77d7829c68dcd","E2:1F:7B:35:CC:08","10.588235294117647","0","0.3472222222222222","0","170","2022-05-13T21:56:00.000Z","1652478960",
"2551","22b77d7829c68dcd","E2:1F:7B:35:CC:08","10.588235294117647","0","0.35511363636363635","0","170","2022-05-13T21:57:00.000Z","1652479020",
"2551","22b77d7829c68dcd","E2:1F:7B:35:CC:08","17.647058823529413","4","0.3324468085106383","1","170","2022-05-13T21:58:00.000Z","1652479080",
"2551","22b77d7829c68dcd","E2:1F:7B:35:CC:08","21.176470588235293","1","0.3472222222222222","0","170","2022-05-13T21:59:00.000Z","1652479140",
"2551","22b77d7829c68dcd","E2:1F:7B:35:CC:08","11.764705882352942","0","0.35511363636363635","0","170","2022-05-13T22:00:00.000Z","1652479200",
"2551","22b77d7829c68dcd","E2:1F:7B:35:CC:08","20","1","0.35511363636363635","0","170","2022-05-13T22:01:00.000Z","1652479260",
"2551","22b77d7829c68dcd","E2:1F:7B:35:CC:08","15.294117647058824","0","0.3472222222222222","0","170","2022-05-13T22:02:00.000Z","1652479320",
"2551","22b77d7829c68dcd","E2:1F:7B:35:CC:08","9.411764705882353","0","0.3472222222222222","1","170","2022-05-13T22:03:00.000Z","1652479380",
"2551","22b77d7829c68dcd","E2:1F:7B:35:CC:08","11.764705882352942","0","0.3472222222222222","0","170","2022-05-13T22:04:00.000Z","1652479440",
"2551","22b77d7829c68dcd","E2:1F:7B:35:CC:08","9.411764705882353","0","0.3472222222222222","0","170","2022-05-13T22:05:00.000Z","1652479500",
"2551","22b77d7829c68dcd","E2:1F:7B:35:CC:08","7.0588235294117645","0","0.3472222222222222","1","170","2022-05-13T22:06:00.000Z","1652479560",
"2551","22b77d7829c68dcd","E2:1F:7B:35:CC:08","4.705882352941177","0","0.3472222222222222","0","170","2022-05-13T22:07:00.000Z","1652479620",
"2551","22b77d7829c68dcd","E2:1F:7B:35:CC:08","4.705882352941177","0","0.3472222222222222","0","170","2022-05-13T22:08:00.000Z","1652479680",
"2551","22b77d7829c68dcd","E2:1F:7B:35:CC:08","5.882352941176471","0","0.35511363636363635","0","170","2022-05-13T22:09:00.000Z","1652479740",
"2551","22b77d7829c68dcd","E2:1F:7B:35:CC:08","27.058823529411764","7","0.3633720930232558","5","170","2022-05-13T22:10:00.000Z","1652479800",
"2551","22b77d7829c68dcd","E2:1F:7B:35:CC:08","40","6","0.3472222222222222","4","170","2022-05-13T22:11:00.000Z","1652479860",
"2551","22b77d7829c68dcd","E2:1F:7B:35:CC:08","49.411764705882355","9","0.20833333333333334","2","170","2022-05-13T22:12:00.000Z","1652479920",
"2551","22b77d7829c68dcd","E2:1F:7B:35:CC:08","51.76470588235294","6","0.24801587301587302","0","170","2022-05-13T22:13:00.000Z","1652479980",
"2551","22b77d7829c68dcd","E2:1F:7B:35:CC:08","36.470588235294116","2","0.2648305084745763","0","170","2022-05-13T22:14:00.000Z","1652480040",
"2551","22b77d7829c68dcd","E2:1F:7B:35:CC:08","21.176470588235293","1","0.26939655172413796","0","170","2022-05-13T22:15:00.000Z","1652480100",
"2551","22b77d7829c68dcd","E2:1F:7B:35:CC:08","31.764705882352942","3","0.2840909090909091","0","170","2022-05-13T22:16:00.000Z","1652480160",
"2551","22b77d7829c68dcd","E2:1F:7B:35:CC:08","17.647058823529413","0","0.12112403100775193","1","170","2022-05-13T22:17:00.000Z","1652480220",
"2551","22b77d7829c68dcd","E2:1F:7B:35:CC:08","48.23529411764706","12","0.11241007194244604","1","170","2022-05-13T22:19:00.000Z","1652480340",
"2551","22b77d7829c68dcd","E2:1F:7B:35:CC:08","92.94117647058823","6","0.18825301204819278","0","170","2022-05-13T22:20:00.000Z","1652480400",
"2551","22b77d7829c68dcd","E2:1F:7B:35:CC:08","48.23529411764706","0","0.20032051282051283","0","170","2022-05-13T22:21:00.000Z","1652480460",
"2551","22b77d7829c68dcd","E2:1F:7B:35:CC:08","44.705882352941174","5","0.1953125","0","170","2022-05-13T22:22:00.000Z","1652480520",
"2551","22b77d7829c68dcd","E2:1F:7B:35:CC:08","31.764705882352942","0","0.21114864864864866","0","170","2022-05-13T22:23:00.000Z","1652480580",
"2551","22b77d7829c68dcd","E2:1F:7B:35:CC:08","17.647058823529413","0","0.18825301204819278","5","170","2022-05-13T22:24:00.000Z","1652480640",
"2551","22b77d7829c68dcd","E2:1F:7B:35:CC:08","17.647058823529413","6","0.244140625","9","170","2022-05-13T22:25:00.000Z","1652480700",
"2551","22b77d7829c68dcd","E2:1F:7B:35:CC:08","25.88235294117647","8","0.2332089552238806","16","170","2022-05-13T22:26:00.000Z","1652480760",
"2551","22b77d7829c68dcd","E2:1F:7B:35:CC:08","69.41176470588235","7","0.244140625","15","170","2022-05-13T22:27:00.000Z","1652480820",
"2551","22b77d7829c68dcd","E2:1F:7B:35:CC:08","58.8235294117647","2","0.2840909090909091","9","170","2022-05-13T22:28:00.000Z","1652480880",
"2551","22b77d7829c68dcd","E2:1F:7B:35:CC:08","55.294117647058826","4","0.2840909090909091","7","170","2022-05-13T22:29:00.000Z","1652480940",
"2551","22b77d7829c68dcd","E2:1F:7B:35:CC:08","58.8235294117647","3","0.3004807692307692","7","170","2022-05-13T22:30:00.000Z","1652481000",
"2551","22b77d7829c68dcd","E2:1F:7B:35:CC:08","62.35294117647059","6","0.294811320754717","16","170","2022-05-13T22:31:00.000Z","1652481060",
"2551","22b77d7829c68dcd","E2:1F:7B:35:CC:08","68.23529411764706","5","0.26939655172413796","5","170","2022-05-13T22:32:00.000Z","1652481120",
"2551","22b77d7829c68dcd","E2:1F:7B:35:CC:08","42.5","0","0.2403846153846154","1","160","2022-05-13T22:34:00.000Z","1652481240",
"2551","22b77d7829c68dcd","E2:1F:7B:35:CC:08","30","0","0.2403846153846154","0","160","2022-05-13T22:35:00.000Z","1652481300",
"2551","22b77d7829c68dcd","E2:1F:7B:35:CC:08","36.25","8","0.22644927536231885","12","160","2022-05-13T22:36:00.000Z","1652481360",
"2551","22b77d7829c68dcd","E2:1F:7B:35:CC:08","60","6","0.2648305084745763","0","160","2022-05-13T22:37:00.000Z","1652481420",
"2551","22b77d7829c68dcd","E2:1F:7B:35:CC:08","46.25","3","0.26939655172413796","0","160","2022-05-13T22:38:00.000Z","1652481480",
"2551","22b77d7829c68dcd","E2:1F:7B:35:CC:08","50","4","0.26939655172413796","0","160","2022-05-13T22:39:00.000Z","1652481540",
"2551","22b77d7829c68dcd","E2:1F:7B:35:CC:08","36.25","3","0.2840909090909091","0","160","2022-05-13T22:40:00.000Z","1652481600",
"2551","22b77d7829c68dcd","E2:1F:7B:35:CC:08","22.5","1","0.2741228070175439","0","160","2022-05-13T22:41:00.000Z","1652481660",
"2551","22b77d7829c68dcd","E2:1F:7B:35:CC:08","31.25","1","0.3004807692307692","0","160","2022-05-13T22:42:00.000Z","1652481720",
"2551","22b77d7829c68dcd","E2:1F:7B:35:CC:08","27.5","0","0.294811320754717","0","160","2022-05-13T22:43:00.000Z","1652481780",
"2551","22b77d7829c68dcd","E2:1F:7B:35:CC:08","53.75","13","0.14467592592592593","0","160","2022-05-13T22:45:00.000Z","1652481900",
"2551","22b77d7829c68dcd","E2:1F:7B:35:CC:08","48.75","3","0.1717032967032967","0","160","2022-05-13T22:46:00.000Z","1652481960",
"2551","22b77d7829c68dcd","E2:1F:7B:35:CC:08","41.25","2","0.18601190476190477","1","160","2022-05-13T22:47:00.000Z","1652482020",
"2551","22b77d7829c68dcd","E2:1F:7B:35:CC:08","23.75","0","0.20032051282051283","0","160","2022-05-13T22:48:00.000Z","1652482080",
"2551","22b77d7829c68dcd","E2:1F:7B:35:CC:08","15","0","0.21114864864864866","0","160","2022-05-13T22:49:00.000Z","1652482140",
"2551","22b77d7829c68dcd","E2:1F:7B:35:CC:08","12.5","0","0.22007042253521128","0","160","2022-05-13T22:50:00.000Z","1652482200",
"2551","22b77d7829c68dcd","E2:1F:7B:35:CC:08","10","0","0.22977941176470587","0","160","2022-05-13T22:51:00.000Z","1652482260",
"2551","22b77d7829c68dcd","E2:1F:7B:35:CC:08","8.75","0","0.2403846153846154","0","160","2022-05-13T22:52:00.000Z","1652482320",
"2551","22b77d7829c68dcd","E2:1F:7B:35:CC:08","8.75","0","0.25201612903225806","0","160","2022-05-13T22:53:00.000Z","1652482380",
"2551","22b77d7829c68dcd","E2:1F:7B:35:CC:08","7.5","0","0.2604166666666667","0","160","2022-05-13T22:54:00.000Z","1652482440",
"2551","22b77d7829c68dcd","E2:1F:7B:35:CC:08","6.25","0","0.26939655172413796","0","160","2022-05-13T22:55:00.000Z","1652482500",
"2551","22b77d7829c68dcd","E2:1F:7B:35:CC:08","6.25","0","0.27901785714285715","0","160","2022-05-13T22:56:00.000Z","1652482560",
"2551","22b77d7829c68dcd","E2:1F:7B:35:CC:08","5","0","0.28935185185185186","0","160","2022-05-13T22:57:00.000Z","1652482620",
"2551","22b77d7829c68dcd","E2:1F:7B:35:CC:08","5","0","0.294811320754717","0","160","2022-05-13T22:58:00.000Z","1652482680",
"2551","22b77d7829c68dcd","E2:1F:7B:35:CC:08","5","0","0.30637254901960786","0","160","2022-05-13T22:59:00.000Z","1652482740",
"2551","22b77d7829c68dcd","E2:1F:7B:35:CC:08","3.75","0","0.3125","0","160","2022-05-13T23:00:00.000Z","1652482800",
"2551","22b77d7829c68dcd","E2:1F:7B:35:CC:08","3.75","0","0.31887755102040816","0","160","2022-05-13T23:01:00.000Z","1652482860",
"2551","22b77d7829c68dcd","E2:1F:7B:35:CC:08","3.75","0","0.3255208333333333","0","160","2022-05-13T23:02:00.000Z","1652482920",
"2551","22b77d7829c68dcd","E2:1F:7B:35:CC:08","3.75","0","0.3324468085106383","0","160","2022-05-13T23:03:00.000Z","1652482980",
"2551","22b77d7829c68dcd","E2:1F:7B:35:CC:08","3.75","0","0.3472222222222222","0","160","2022-05-13T23:04:00.000Z","1652483040",
"2551","22b77d7829c68dcd","E2:1F:7B:35:CC:08","3.75","0","0.3472222222222222","0","160","2022-05-13T23:05:00.000Z","1652483100",
"2551","22b77d7829c68dcd","E2:1F:7B:35:CC:08","2.5","0","0.35511363636363635","0","160","2022-05-13T23:06:00.000Z","1652483160",
"2551","22b77d7829c68dcd","E2:1F:7B:35:CC:08","2.5","0","0.3633720930232558","0","160","2022-05-13T23:07:00.000Z","1652483220",
"2551","22b77d7829c68dcd","E2:1F:7B:35:CC:08","2.5","0","0.37202380952380953","0","160","2022-05-13T23:08:00.000Z","1652483280",
"2551","22b77d7829c68dcd","E2:1F:7B:35:CC:08","2.5","0","0.38109756097560976","0","160","2022-05-13T23:09:00.000Z","1652483340",
"2551","22b77d7829c68dcd","E2:1F:7B:35:CC:08","2.5","0","0.38109756097560976","0","160","2022-05-13T23:10:00.000Z","1652483400",
"2551","22b77d7829c68dcd","E2:1F:7B:35:CC:08","2.5","0","0.390625","0","160","2022-05-13T23:11:00.000Z","1652483460",
"2551","22b77d7829c68dcd","E2:1F:7B:35:CC:08","2.5","0","0.40064102564102566","0","160","2022-05-13T23:12:00.000Z","1652483520",
"2551","22b77d7829c68dcd","E2:1F:7B:35:CC:08","2.5","0","0.40064102564102566","0","160","2022-05-13T23:13:00.000Z","1652483580",
"2551","22b77d7829c68dcd","E2:1F:7B:35:CC:08","2.5","0","0.41118421052631576","0","160","2022-05-13T23:14:00.000Z","1652483640",
"2551","22b77d7829c68dcd","E2:1F:7B:35:CC:08","1.25","0","0.41118421052631576","0","160","2022-05-13T23:15:00.000Z","1652483700",
"2551","22b77d7829c68dcd","E2:1F:7B:35:CC:08","2.5","0","0.4222972972972973","0","160","2022-05-13T23:16:00.000Z","1652483760",
"2551","22b77d7829c68dcd","E2:1F:7B:35:CC:08","2.5","0","0.4222972972972973","0","160","2022-05-13T23:17:00.000Z","1652483820",
"2551","22b77d7829c68dcd","E2:1F:7B:35:CC:08","2.5","0","0.4340277777777778","0","160","2022-05-13T23:18:00.000Z","1652483880",
"2551","22b77d7829c68dcd","E2:1F:7B:35:CC:08","1.25","0","0.4340277777777778","0","160","2022-05-13T23:19:00.000Z","1652483940",
"2551","22b77d7829c68dcd","E2:1F:7B:35:CC:08","27.5","4","0.3255208333333333","5","160","2022-05-13T23:20:00.000Z","1652484000",
"2551","22b77d7829c68dcd","E2:1F:7B:35:CC:08","27.5","0","0.35511363636363635","0","160","2022-05-13T23:21:00.000Z","1652484060",
"2551","22b77d7829c68dcd","E2:1F:7B:35:CC:08","13.75","0","0.3633720930232558","0","160","2022-05-13T23:22:00.000Z","1652484120",
"2551","22b77d7829c68dcd","E2:1F:7B:35:CC:08","6.25","0","0.37202380952380953","0","160","2022-05-13T23:23:00.000Z","1652484180",
"2551","22b77d7829c68dcd","E2:1F:7B:35:CC:08","3.75","0","0.38109756097560976","0","160","2022-05-13T23:24:00.000Z","1652484240",
"2551","22b77d7829c68dcd","E2:1F:7B:35:CC:08","2.5","0","0.390625","0","160","2022-05-13T23:25:00.000Z","1652484300",
"2551","22b77d7829c68dcd","E2:1F:7B:35:CC:08","2.5","0","0.390625","0","160","2022-05-13T23:26:00.000Z","1652484360",
"2551","22b77d7829c68dcd","E2:1F:7B:35:CC:08","2.5","0","0.40064102564102566","0","160","2022-05-13T23:27:00.000Z","1652484420",
"2551","22b77d7829c68dcd","E2:1F:7B:35:CC:08","2.5","0","0.40064102564102566","0","160","2022-05-13T23:28:00.000Z","1652484480",
"2551","22b77d7829c68dcd","E2:1F:7B:35:CC:08","2.5","0","0.41118421052631576","0","160","2022-05-13T23:29:00.000Z","1652484540",
"2551","22b77d7829c68dcd","E2:1F:7B:35:CC:08","2.5","0","0.41118421052631576","0","160","2022-05-13T23:30:00.000Z","1652484600",
"2551","22b77d7829c68dcd","E2:1F:7B:35:CC:08","2.5","0","0.4222972972972973","0","160","2022-05-13T23:31:00.000Z","1652484660",
"2551","22b77d7829c68dcd","E2:1F:7B:35:CC:08","10","1","0.390625","0","160","2022-05-13T23:32:00.000Z","1652484720",
"2551","22b77d7829c68dcd","E2:1F:7B:35:CC:08","6.25","0","0.390625","0","160","2022-05-13T23:33:00.000Z","1652484780",
"2551","22b77d7829c68dcd","E2:1F:7B:35:CC:08","8.75","0","0.38109756097560976","1","160","2022-05-13T23:34:00.000Z","1652484840",
"2551","22b77d7829c68dcd","E2:1F:7B:35:CC:08","3.75","0","0.38109756097560976","0","160","2022-05-13T23:35:00.000Z","1652484900",
"2551","22b77d7829c68dcd","E2:1F:7B:35:CC:08","2.5","0","0.390625","0","160","2022-05-13T23:36:00.000Z","1652484960",
"2551","22b77d7829c68dcd","E2:1F:7B:35:CC:08","2.5","0","0.390625","0","160","2022-05-13T23:37:00.000Z","1652485020",
"2551","22b77d7829c68dcd","E2:1F:7B:35:CC:08","2.5","0","0.390625","0","160","2022-05-13T23:38:00.000Z","1652485080",
"2551","22b77d7829c68dcd","E2:1F:7B:35:CC:08","2.5","0","0.390625","0","160","2022-05-13T23:39:00.000Z","1652485140",
"2551","22b77d7829c68dcd","E2:1F:7B:35:CC:08","2.5","0","0.390625","0","160","2022-05-13T23:40:00.000Z","1652485200",
"2551","22b77d7829c68dcd","E2:1F:7B:35:CC:08","2.5","0","0.390625","0","160","2022-05-13T23:41:00.000Z","1652485260",
"2551","22b77d7829c68dcd","E2:1F:7B:35:CC:08","3.75","0","0.390625","0","160","2022-05-13T23:42:00.000Z","1652485320",
"2551","22b77d7829c68dcd","E2:1F:7B:35:CC:08","7.5","0","0.41118421052631576","0","160","2022-05-13T23:43:00.000Z","1652485380",
"2551","22b77d7829c68dcd","E2:1F:7B:35:CC:08","6.25","0","0.4222972972972973","0","160","2022-05-13T23:44:00.000Z","1652485440",
"2551","22b77d7829c68dcd","E2:1F:7B:35:CC:08","5","0","0.4340277777777778","0","160","2022-05-13T23:45:00.000Z","1652485500",
"2551","22b77d7829c68dcd","E2:1F:7B:35:CC:08","3.75","0","0.44642857142857145","0","160","2022-05-13T23:46:00.000Z","1652485560",
"2551","22b77d7829c68dcd","E2:1F:7B:35:CC:08","2.5","0","0.45955882352941174","0","160","2022-05-13T23:47:00.000Z","1652485620",
"2551","22b77d7829c68dcd","E2:1F:7B:35:CC:08","2.5","0","0.45955882352941174","0","160","2022-05-13T23:48:00.000Z","1652485680",
"2551","22b77d7829c68dcd","E2:1F:7B:35:CC:08","2.5","0","0.4734848484848485","0","160","2022-05-13T23:49:00.000Z","1652485740",
"2551","22b77d7829c68dcd","E2:1F:7B:35:CC:08","1.25","0","0.4734848484848485","0","160","2022-05-13T23:50:00.000Z","1652485800",
"2551","22b77d7829c68dcd","E2:1F:7B:35:CC:08","1.25","0","0.48828125","0","160","2022-05-13T23:51:00.000Z","1652485860",
"2551","22b77d7829c68dcd","E2:1F:7B:35:CC:08","1.25","0","0.48828125","0","160","2022-05-13T23:52:00.000Z","1652485920",
"2551","22b77d7829c68dcd","E2:1F:7B:35:CC:08","2.5","0","0.48828125","0","160","2022-05-13T23:53:00.000Z","1652485980",
"2551","22b77d7829c68dcd","E2:1F:7B:35:CC:08","20","2","0.44642857142857145","0","160","2022-05-13T23:54:00.000Z","1652486040",
"2551","22b77d7829c68dcd","E2:1F:7B:35:CC:08","18.75","0","0.48828125","0","160","2022-05-13T23:55:00.000Z","1652486100",
"2551","22b77d7829c68dcd","E2:1F:7B:35:CC:08","11.25","0","0.5040322580645161","0","160","2022-05-13T23:56:00.000Z","1652486160",
"2551","22b77d7829c68dcd","E2:1F:7B:35:CC:08","7.5","0","0.5040322580645161","1","160","2022-05-13T23:57:00.000Z","1652486220",
"2551","22b77d7829c68dcd","E2:1F:7B:35:CC:08","5","0","0.5208333333333334","0","160","2022-05-13T23:58:00.000Z","1652486280",
"2551","22b77d7829c68dcd","E2:1F:7B:35:CC:08","5","0","0.5040322580645161","5","160","2022-05-13T23:59:00.000Z","1652486340",
"2551","22b77d7829c68dcd","E2:1F:7B:35:CC:08","12.5","0","0.5387931034482759","0","160","2022-05-14T00:00:00.000Z","1652486400",
"2551","22b77d7829c68dcd","E2:1F:7B:35:CC:08","7.5","0","0.5580357142857143","0","160","2022-05-14T00:01:00.000Z","1652486460",
"2551","22b77d7829c68dcd","E2:1F:7B:35:CC:08","7.5","0","0.5787037037037037","0","160","2022-05-14T00:02:00.000Z","1652486520",
"2551","22b77d7829c68dcd","E2:1F:7B:35:CC:08","6.25","0","0.6009615384615384","0","160","2022-05-14T00:03:00.000Z","1652486580",
"2551","22b77d7829c68dcd","E2:1F:7B:35:CC:08","3.75","0","0.6009615384615384","0","160","2022-05-14T00:04:00.000Z","1652486640",
"2551","22b77d7829c68dcd","E2:1F:7B:35:CC:08","2.5","0","0.625","0","160","2022-05-14T00:05:00.000Z","1652486700",
"2551","22b77d7829c68dcd","E2:1F:7B:35:CC:08","2.5","0","0.625","0","160","2022-05-14T00:06:00.000Z","1652486760",
"2551","22b77d7829c68dcd","E2:1F:7B:35:CC:08","2.5","0","0.6510416666666666","0","160","2022-05-14T00:07:00.000Z","1652486820",
"2551","22b77d7829c68dcd","E2:1F:7B:35:CC:08","2.5","0","0.6510416666666666","0","160","2022-05-14T00:08:00.000Z","1652486880",
"2551","22b77d7829c68dcd","E2:1F:7B:35:CC:08","1.25","0","0.6793478260869565","0","160","2022-05-14T00:09:00.000Z","1652486940",
"2551","22b77d7829c68dcd","E2:1F:7B:35:CC:08","2.5","0","0.6793478260869565","0","160","2022-05-14T00:10:00.000Z","1652487000",
"2551","22b77d7829c68dcd","E2:1F:7B:35:CC:08","8.75","0","0.6793478260869565","0","160","2022-05-14T00:11:00.000Z","1652487060",
"2551","22b77d7829c68dcd","E2:1F:7B:35:CC:08","5","0","0.6793478260869565","0","160","2022-05-14T00:12:00.000Z","1652487120",
"2551","22b77d7829c68dcd","E2:1F:7B:35:CC:08","2.5","0","0.7102272727272727","0","160","2022-05-14T00:13:00.000Z","1652487180",
"2551","22b77d7829c68dcd","E2:1F:7B:35:CC:08","2.5","0","0.7102272727272727","0","160","2022-05-14T00:14:00.000Z","1652487240",
"2551","22b77d7829c68dcd","E2:1F:7B:35:CC:08","2.5","0","0.7102272727272727","0","160","2022-05-14T00:15:00.000Z","1652487300",
"2551","22b77d7829c68dcd","E2:1F:7B:35:CC:08","2.5","0","0.7102272727272727","0","160","2022-05-14T00:16:00.000Z","1652487360",
"2551","22b77d7829c68dcd","E2:1F:7B:35:CC:08","2.5","0","0.7440476190476191","0","160","2022-05-14T00:17:00.000Z","1652487420",
"2551","22b77d7829c68dcd","E2:1F:7B:35:CC:08","2.5","0","0.7440476190476191","0","160","2022-05-14T00:18:00.000Z","1652487480",
"2551","22b77d7829c68dcd","E2:1F:7B:35:CC:08","2.5","0","0.7440476190476191","0","160","2022-05-14T00:19:00.000Z","1652487540",
"2551","22b77d7829c68dcd","E2:1F:7B:35:CC:08","1.25","0","0.7440476190476191","0","160","2022-05-14T00:20:00.000Z","1652487600",
"2551","22b77d7829c68dcd","E2:1F:7B:35:CC:08","2.5","0","0.78125","0","160","2022-05-14T00:21:00.000Z","1652487660",
"2551","22b77d7829c68dcd","E2:1F:7B:35:CC:08","2.5","0","0.78125","0","160","2022-05-14T00:22:00.000Z","1652487720",
"2551","22b77d7829c68dcd","E2:1F:7B:35:CC:08","2.5","0","0.78125","0","160","2022-05-14T00:23:00.000Z","1652487780",
"2551","22b77d7829c68dcd","E2:1F:7B:35:CC:08","2.5","0","0.78125","0","160","2022-05-14T00:24:00.000Z","1652487840",
"2551","22b77d7829c68dcd","E2:1F:7B:35:CC:08","2.5","0","0.78125","0","160","2022-05-14T00:25:00.000Z","1652487900",
"2551","22b77d7829c68dcd","E2:1F:7B:35:CC:08","2.5","0","0.78125","0","160","2022-05-14T00:26:00.000Z","1652487960",
"2551","22b77d7829c68dcd","E2:1F:7B:35:CC:08","2.5","0","0.78125","0","160","2022-05-14T00:27:00.000Z","1652488020",
"2551","22b77d7829c68dcd","E2:1F:7B:35:CC:08","2.5","0","0.8223684210526315","0","160","2022-05-14T00:28:00.000Z","1652488080",
"2551","22b77d7829c68dcd","E2:1F:7B:35:CC:08","2.5","0","0.8223684210526315","0","160","2022-05-14T00:29:00.000Z","1652488140",
"2551","22b77d7829c68dcd","E2:1F:7B:35:CC:08","2.5","0","0.8223684210526315","0","160","2022-05-14T00:30:00.000Z","1652488200",
"2551","22b77d7829c68dcd","E2:1F:7B:35:CC:08","2.5","0","0.8223684210526315","0","160","2022-05-14T00:31:00.000Z","1652488260",
"2551","22b77d7829c68dcd","E2:1F:7B:35:CC:08","2.5","0","0.8223684210526315","0","160","2022-05-14T00:32:00.000Z","1652488320",
"2551","22b77d7829c68dcd","E2:1F:7B:35:CC:08","2.5","0","0.8680555555555556","0","160","2022-05-14T00:33:00.000Z","1652488380",
"2551","22b77d7829c68dcd","E2:1F:7B:35:CC:08","3.75","0","0.8680555555555556","0","160","2022-05-14T00:34:00.000Z","1652488440",
"2551","22b77d7829c68dcd","E2:1F:7B:35:CC:08","6.25","0","0.9191176470588235","0","160","2022-05-14T00:35:00.000Z","1652488500",
"2551","22b77d7829c68dcd","E2:1F:7B:35:CC:08","10","0","0.9191176470588235","0","160","2022-05-14T00:36:00.000Z","1652488560",
"2551","22b77d7829c68dcd","E2:1F:7B:35:CC:08","11.25","0","0.9191176470588235","0","160","2022-05-14T00:37:00.000Z","1652488620",
"2551","22b77d7829c68dcd","E2:1F:7B:35:CC:08","17.5","2","0.9765625","0","160","2022-05-14T00:38:00.000Z","1652488680",
"2551","22b77d7829c68dcd","E2:1F:7B:35:CC:08","18.75","1","1.0416666666666667","0","160","2022-05-14T00:39:00.000Z","1652488740",
"2551","22b77d7829c68dcd","E2:1F:7B:35:CC:08","23.75","0","1.0416666666666667","0","160","2022-05-14T00:40:00.000Z","1652488800",
"2551","22b77d7829c68dcd","E2:1F:7B:35:CC:08","22.5","3","1.1160714285714286","0","160","2022-05-14T00:41:00.000Z","1652488860",
"2551","22b77d7829c68dcd","E2:1F:7B:35:CC:08","38.75","6","1.2019230769230769","0","160","2022-05-14T00:42:00.000Z","1652488920",
"2551","22b77d7829c68dcd","E2:1F:7B:35:CC:08","45","8","1.3020833333333333","0","160","2022-05-14T00:43:00.000Z","1652488980",
"2551","22b77d7829c68dcd","E2:1F:7B:35:CC:08","47.5","5","1.3020833333333333","0","160","2022-05-14T00:44:00.000Z","1652489040",
"2551","22b77d7829c68dcd","E2:1F:7B:35:CC:08","46.25","4","1.4204545454545454","0","160","2022-05-14T00:45:00.000Z","1652489100",
"2551","22b77d7829c68dcd","E2:1F:7B:35:CC:08","60","7","1.4204545454545454","0","160","2022-05-14T00:46:00.000Z","1652489160",
"2551","22b77d7829c68dcd","E2:1F:7B:35:CC:08","66.25","10","1.7361111111111112","0","160","2022-05-14T00:47:00.000Z","1652489220",
"2551","22b77d7829c68dcd","E2:1F:7B:35:CC:08","78.75","7","1.7361111111111112","0","160","2022-05-14T00:48:00.000Z","1652489280",
"2551","22b77d7829c68dcd","E2:1F:7B:35:CC:08","77.5","4","1.7361111111111112","0","160","2022-05-14T00:49:00.000Z","1652489340",
"2551","22b77d7829c68dcd","E2:1F:7B:35:CC:08","92.5","6","1.7361111111111112","0","160","2022-05-14T00:50:00.000Z","1652489400",
"2551","22b77d7829c68dcd","E2:1F:7B:35:CC:08","75","5","1.953125","0","160","2022-05-14T00:51:00.000Z","1652489460",
"2551","22b77d7829c68dcd","E2:1F:7B:35:CC:08","77.5","8","1.953125","0","160","2022-05-14T00:52:00.000Z","1652489520",
"2551","22b77d7829c68dcd","E2:1F:7B:35:CC:08","83.75","9","2.232142857142857","0","160","2022-05-14T00:53:00.000Z","1652489580",
"2551","22b77d7829c68dcd","E2:1F:7B:35:CC:08","78.75","6","2.232142857142857","0","160","2022-05-14T00:54:00.000Z","1652489640",
"2551","22b77d7829c68dcd","E2:1F:7B:35:CC:08","77.5","7","2.232142857142857","0","160","2022-05-14T00:55:00.000Z","1652489700",
"2551","22b77d7829c68dcd","E2:1F:7B:35:CC:08","86.25","9","2.6041666666666665","0","160","2022-05-14T00:56:00.000Z","1652489760",
"2551","22b77d7829c68dcd","E2:1F:7B:35:CC:08","92.5","7","2.6041666666666665","0","160","2022-05-14T00:57:00.000Z","1652489820",
"2551","22b77d7829c68dcd","E2:1F:7B:35:CC:08","76.25","6","2.6041666666666665","0","160","2022-05-14T00:58:00.000Z","1652489880",
"2551","22b77d7829c68dcd","E2:1F:7B:35:CC:08","86.25","9","2.6041666666666665","0","160","2022-05-14T00:59:00.000Z","1652489940",
"2551","22b77d7829c68dcd","E2:1F:7B:35:CC:08","87.5","5","2.6041666666666665","0","160","2022-05-14T01:00:00.000Z","1652490000",
"2551","22b77d7829c68dcd","E2:1F:7B:35:CC:08","85","6","2.6041666666666665","0","160","2022-05-14T01:01:00.000Z","1652490060",
"2551","22b77d7829c68dcd","E2:1F:7B:35:CC:08","90","6","2.6041666666666665","0","160","2022-05-14T01:02:00.000Z","1652490120",
"2551","22b77d7829c68dcd","E2:1F:7B:35:CC:08","76.25","6","3.125","0","160","2022-05-14T01:03:00.000Z","1652490180",
"2551","22b77d7829c68dcd","E2:1F:7B:35:CC:08","87.5","7","3.125","0","160","2022-05-14T01:04:00.000Z","1652490240",
"2551","22b77d7829c68dcd","E2:1F:7B:35:CC:08","81.25","5","2.232142857142857","0","160","2022-05-14T01:05:00.000Z","1652490300",
"2551","22b77d7829c68dcd","E2:1F:7B:35:CC:08","66.25","6","1.5625","0","160","2022-05-14T01:06:00.000Z","1652490360",
"2551","22b77d7829c68dcd","E2:1F:7B:35:CC:08","68.75","2","1.4204545454545454","0","160","2022-05-14T01:07:00.000Z","1652490420",
"2551","22b77d7829c68dcd","E2:1F:7B:35:CC:08","75","5","1.5625","0","160","2022-05-14T01:08:00.000Z","1652490480",
"2551","22b77d7829c68dcd","E2:1F:7B:35:CC:08","66.25","3","0.9765625","0","160","2022-05-14T01:09:00.000Z","1652490540",
"2551","22b77d7829c68dcd","E2:1F:7B:35:CC:08","48.75","5","1.0416666666666667","0","160","2022-05-14T01:10:00.000Z","1652490600",
"2551","22b77d7829c68dcd","E2:1F:7B:35:CC:08","42.5","0","0.9191176470588235","0","160","2022-05-14T01:11:00.000Z","1652490660",
"2551","22b77d7829c68dcd","E2:1F:7B:35:CC:08","32.5","0","0.8680555555555556","0","160","2022-05-14T01:12:00.000Z","1652490720",
"2551","22b77d7829c68dcd","E2:1F:7B:35:CC:08","21.25","0","0.8223684210526315","0","160","2022-05-14T01:13:00.000Z","1652490780",
"2551","22b77d7829c68dcd","E2:1F:7B:35:CC:08","15","0","0.78125","0","160","2022-05-14T01:14:00.000Z","1652490840",
"2551","22b77d7829c68dcd","E2:1F:7B:35:CC:08","11.25","0","0.78125","0","160","2022-05-14T01:15:00.000Z","1652490900",
"2551","22b77d7829c68dcd","E2:1F:7B:35:CC:08","8.75","0","0.7440476190476191","0","160","2022-05-14T01:16:00.000Z","1652490960",
"2551","22b77d7829c68dcd","E2:1F:7B:35:CC:08","12.5","0","0.7440476190476191","0","160","2022-05-14T01:17:00.000Z","1652491020",
"2551","22b77d7829c68dcd","E2:1F:7B:35:CC:08","11.25","0","0.7102272727272727","0","160","2022-05-14T01:18:00.000Z","1652491080",
"2551","22b77d7829c68dcd","E2:1F:7B:35:CC:08","8.75","0","0.7102272727272727","0","160","2022-05-14T01:19:00.000Z","1652491140",
"2551","22b77d7829c68dcd","E2:1F:7B:35:CC:08","7.5","0","0.7102272727272727","0","160","2022-05-14T01:20:00.000Z","1652491200",
"2551","22b77d7829c68dcd","E2:1F:7B:35:CC:08","6.25","0","0.6793478260869565","0","160","2022-05-14T01:21:00.000Z","1652491260",
"2551","22b77d7829c68dcd","E2:1F:7B:35:CC:08","5","0","0.6793478260869565","0","160","2022-05-14T01:22:00.000Z","1652491320",
"2551","22b77d7829c68dcd","E2:1F:7B:35:CC:08","5","0","0.6793478260869565","0","160","2022-05-14T01:23:00.000Z","1652491380",
"2551","22b77d7829c68dcd","E2:1F:7B:35:CC:08","5","0","0.6793478260869565","0","160","2022-05-14T01:24:00.000Z","1652491440",
"2551","22b77d7829c68dcd","E2:1F:7B:35:CC:08","3.75","0","0.6793478260869565","0","160","2022-05-14T01:25:00.000Z","1652491500",
"2551","22b77d7829c68dcd","E2:1F:7B:35:CC:08","3.75","0","0.6793478260869565","0","160","2022-05-14T01:26:00.000Z","1652491560",
"2551","22b77d7829c68dcd","E2:1F:7B:35:CC:08","3.75","0","0.6793478260869565","0","160","2022-05-14T01:27:00.000Z","1652491620",
"2551","22b77d7829c68dcd","E2:1F:7B:35:CC:08","3.75","0","0.6793478260869565","0","160","2022-05-14T01:28:00.000Z","1652491680",
"2551","22b77d7829c68dcd","E2:1F:7B:35:CC:08","3.75","0","0.6793478260869565","0","160","2022-05-14T01:29:00.000Z","1652491740",
"2551","22b77d7829c68dcd","E2:1F:7B:35:CC:08","3.75","0","0.6793478260869565","0","160","2022-05-14T01:30:00.000Z","1652491800",
"2551","22b77d7829c68dcd","E2:1F:7B:35:CC:08","3.75","0","0.6793478260869565","0","160","2022-05-14T01:31:00.000Z","1652491860",
"2551","22b77d7829c68dcd","E2:1F:7B:35:CC:08","13.75","0","0.625","0","160","2022-05-14T01:32:00.000Z","1652491920",
"2551","22b77d7829c68dcd","E2:1F:7B:35:CC:08","7.5","0","0.6510416666666666","0","160","2022-05-14T01:33:00.000Z","1652491980",
"2551","22b77d7829c68dcd","E2:1F:7B:35:CC:08","10","0","0.48828125","0","160","2022-05-14T01:34:00.000Z","1652492040",
"2551","22b77d7829c68dcd","E2:1F:7B:35:CC:08","16.25","0","0.45955882352941174","0","160","2022-05-14T01:35:00.000Z","1652492100",
"2551","22b77d7829c68dcd","E2:1F:7B:35:CC:08","18.75","0","0.4340277777777778","0","160","2022-05-14T01:36:00.000Z","1652492160",
"2551","22b77d7829c68dcd","E2:1F:7B:35:CC:08","15","0","0.4222972972972973","0","160","2022-05-14T01:37:00.000Z","1652492220",
"2551","22b77d7829c68dcd","E2:1F:7B:35:CC:08","26.25","8","0.5208333333333334","0","160","2022-05-14T01:38:00.000Z","1652492280",
"2551","22b77d7829c68dcd","E2:1F:7B:35:CC:08","27.5","0","0.5787037037037037","0","160","2022-05-14T01:39:00.000Z","1652492340",
"2551","22b77d7829c68dcd","E2:1F:7B:35:CC:08","13.75","0","0.6009615384615384","0","160","2022-05-14T01:40:00.000Z","1652492400",
"2551","22b77d7829c68dcd","E2:1F:7B:35:CC:08","6.25","0","0.625","0","160","2022-05-14T01:41:00.000Z","1652492460",
"2551","22b77d7829c68dcd","E2:1F:7B:35:CC:08","3.75","0","0.2648305084745763","0","160","2022-05-14T01:42:00.000Z","1652492520",
"2551","22b77d7829c68dcd","E2:1F:7B:35:CC:08","22.5","3","0.38109756097560976","0","160","2022-05-14T01:43:00.000Z","1652492580",
"2551","22b77d7829c68dcd","E2:1F:7B:35:CC:08","15","0","0.27901785714285715","0","160","2022-05-14T01:44:00.000Z","1652492640",
"2551","22b77d7829c68dcd","E2:1F:7B:35:CC:08","52.5","5","0.30637254901960786","0","160","2022-05-14T01:45:00.000Z","1652492700",
"2551","22b77d7829c68dcd","E2:1F:7B:35:CC:08","47.5","3","0.3472222222222222","0","160","2022-05-14T01:46:00.000Z","1652492760",
"2551","22b77d7829c68dcd","E2:1F:7B:35:CC:08","37.5","0","0.3125","0","160","2022-05-14T01:47:00.000Z","1652492820",
"2551","22b77d7829c68dcd","E2:1F:7B:35:CC:08","42.5","1","0.30637254901960786","0","160","2022-05-14T01:48:00.000Z","1652492880",
"2551","22b77d7829c68dcd","E2:1F:7B:35:CC:08","31.25","2","0.35511363636363635","0","160","2022-05-14T01:49:00.000Z","1652492940",
"2551","22b77d7829c68dcd","E2:1F:7B:35:CC:08","15","0","0.3633720930232558","0","160","2022-05-14T01:50:00.000Z","1652493000",
"2551","22b77d7829c68dcd","E2:1F:7B:35:CC:08","8.75","0","0.3633720930232558","0","160","2022-05-14T01:51:00.000Z","1652493060",
"2551","22b77d7829c68dcd","E2:1F:7B:35:CC:08","7.5","0","0.28935185185185186","0","160","2022-05-14T01:52:00.000Z","1652493120",
"2551","22b77d7829c68dcd","E2:1F:7B:35:CC:08","32.5","3","0.35511363636363635","0","160","2022-05-14T01:53:00.000Z","1652493180",
"2551","22b77d7829c68dcd","E2:1F:7B:35:CC:08","20","0","0.37202380952380953","0","160","2022-05-14T01:54:00.000Z","1652493240",
"2551","22b77d7829c68dcd","E2:1F:7B:35:CC:08","12.5","0","0.37202380952380953","0","160","2022-05-14T01:55:00.000Z","1652493300",
"2551","22b77d7829c68dcd","E2:1F:7B:35:CC:08","10","0","0.37202380952380953","0","160","2022-05-14T01:56:00.000Z","1652493360",
"2551","22b77d7829c68dcd","E2:1F:7B:35:CC:08","10","0","0.38109756097560976","0","160","2022-05-14T01:57:00.000Z","1652493420",
"2551","22b77d7829c68dcd","E2:1F:7B:35:CC:08","11.25","0","0.37202380952380953","0","160","2022-05-14T01:58:00.000Z","1652493480",
"2551","22b77d7829c68dcd","E2:1F:7B:35:CC:08","11.25","0","0.38109756097560976","0","160","2022-05-14T01:59:00.000Z","1652493540",
"2551","22b77d7829c68dcd","E2:1F:7B:35:CC:08","12.5","0","0.390625","0","160","2022-05-14T02:00:00.000Z","1652493600",
"2551","22b77d7829c68dcd","E2:1F:7B:35:CC:08","11.25","0","0.38109756097560976","0","160","2022-05-14T02:01:00.000Z","1652493660",
"2551","22b77d7829c68dcd","E2:1F:7B:35:CC:08","11.25","0","0.2840909090909091","0","160","2022-05-14T02:02:00.000Z","1652493720",
"2551","22b77d7829c68dcd","E2:1F:7B:35:CC:08","27.5","9","0.33967391304347827","0","160","2022-05-14T02:03:00.000Z","1652493780",
"2551","22b77d7829c68dcd","E2:1F:7B:35:CC:08","26.25","0","0.3472222222222222","0","160","2022-05-14T02:04:00.000Z","1652493840",
"2551","22b77d7829c68dcd","E2:1F:7B:35:CC:08","17.5","0","0.3633720930232558","0","160","2022-05-14T02:05:00.000Z","1652493900",
"2551","22b77d7829c68dcd","E2:1F:7B:35:CC:08","20","0","0.3633720930232558","0","160","2022-05-14T02:06:00.000Z","1652493960",
"2551","22b77d7829c68dcd","E2:1F:7B:35:CC:08","21.25","0","0.3472222222222222","0","160","2022-05-14T02:07:00.000Z","1652494020",
"2551","22b77d7829c68dcd","E2:1F:7B:35:CC:08","22.5","0","0.3633720930232558","0","160","2022-05-14T02:08:00.000Z","1652494080",
"2551","22b77d7829c68dcd","E2:1F:7B:35:CC:08","21.25","1","0.26939655172413796","0","160","2022-05-14T02:09:00.000Z","1652494140",
"2551","22b77d7829c68dcd","E2:1F:7B:35:CC:08","22.5","0","0.3004807692307692","0","160","2022-05-14T02:10:00.000Z","1652494200",
"2551","22b77d7829c68dcd","E2:1F:7B:35:CC:08","12.5","0","0.294811320754717","0","160","2022-05-14T02:11:00.000Z","1652494260",
"2551","22b77d7829c68dcd","E2:1F:7B:35:CC:08","11.25","0","0.3004807692307692","0","160","2022-05-14T02:12:00.000Z","1652494320",
"2551","22b77d7829c68dcd","E2:1F:7B:35:CC:08","30","0","0.33967391304347827","0","160","2022-05-14T02:13:00.000Z","1652494380",
"2551","22b77d7829c68dcd","E2:1F:7B:35:CC:08","27.5","0","0.3633720930232558","0","160","2022-05-14T02:14:00.000Z","1652494440",
"2551","22b77d7829c68dcd","E2:1F:7B:35:CC:08","18.75","0","0.22977941176470587","1","160","2022-05-14T02:15:00.000Z","1652494500",
"2551","22b77d7829c68dcd","E2:1F:7B:35:CC:08","38.75","4","0.2840909090909091","0","160","2022-05-14T02:16:00.000Z","1652494560",
"2551","22b77d7829c68dcd","E2:1F:7B:35:CC:08","32.5","0","0.3255208333333333","0","160","2022-05-14T02:17:00.000Z","1652494620",
"2551","22b77d7829c68dcd","E2:1F:7B:35:CC:08","20","0","0.33967391304347827","0","160","2022-05-14T02:18:00.000Z","1652494680",
"2551","22b77d7829c68dcd","E2:1F:7B:35:CC:08","12.5","0","0.3633720930232558","0","160","2022-05-14T02:19:00.000Z","1652494740",
"2551","22b77d7829c68dcd","E2:1F:7B:35:CC:08","8.75","0","0.37202380952380953","0","160","2022-05-14T02:20:00.000Z","1652494800",
"2551","22b77d7829c68dcd","E2:1F:7B:35:CC:08","6.25","0","0.38109756097560976","0","160","2022-05-14T02:21:00.000Z","1652494860",
"2551","22b77d7829c68dcd","E2:1F:7B:35:CC:08","5","0","0.40064102564102566","0","160","2022-05-14T02:22:00.000Z","1652494920",
"2551","22b77d7829c68dcd","E2:1F:7B:35:CC:08","6.25","0","0.40064102564102566","0","160","2022-05-14T02:23:00.000Z","1652494980",
"2551","22b77d7829c68dcd","E2:1F:7B:35:CC:08","6.25","0","0.41118421052631576","0","160","2022-05-14T02:24:00.000Z","1652495040",
"2551","22b77d7829c68dcd","E2:1F:7B:35:CC:08","3.75","0","0.4222972972972973","0","160","2022-05-14T02:25:00.000Z","1652495100",
"2551","22b77d7829c68dcd","E2:1F:7B:35:CC:08","3.75","0","0.4340277777777778","0","160","2022-05-14T02:26:00.000Z","1652495160",
"2551","22b77d7829c68dcd","E2:1F:7B:35:CC:08","3.75","0","0.44642857142857145","0","160","2022-05-14T02:27:00.000Z","1652495220",
"2551","22b77d7829c68dcd","E2:1F:7B:35:CC:08","3.75","0","0.44642857142857145","0","160","2022-05-14T02:28:00.000Z","1652495280",
"2551","22b77d7829c68dcd","E2:1F:7B:35:CC:08","3.75","0","0.45955882352941174","0","160","2022-05-14T02:29:00.000Z","1652495340",
"2551","22b77d7829c68dcd","E2:1F:7B:35:CC:08","3.75","0","0.45955882352941174","0","160","2022-05-14T02:30:00.000Z","1652495400",
"2551","22b77d7829c68dcd","E2:1F:7B:35:CC:08","2.5","0","0.4734848484848485","0","160","2022-05-14T02:31:00.000Z","1652495460",
"2551","22b77d7829c68dcd","E2:1F:7B:35:CC:08","12.5","2","0.5040322580645161","0","160","2022-05-14T02:32:00.000Z","1652495520",
"2551","22b77d7829c68dcd","E2:1F:7B:35:CC:08","12.5","0","0.5208333333333334","0","160","2022-05-14T02:33:00.000Z","1652495580",
"2551","22b77d7829c68dcd","E2:1F:7B:35:CC:08","18.75","2","0.5580357142857143","0","160","2022-05-14T02:34:00.000Z","1652495640",
"2551","22b77d7829c68dcd","E2:1F:7B:35:CC:08","26.25","5","0.625","0","160","2022-05-14T02:35:00.000Z","1652495700",
"2551","22b77d7829c68dcd","E2:1F:7B:35:CC:08","36.25","3","0.6793478260869565","0","160","2022-05-14T02:36:00.000Z","1652495760",
"2551","22b77d7829c68dcd","E2:1F:7B:35:CC:08","48.75","5","0.7102272727272727","0","160","2022-05-14T02:37:00.000Z","1652495820",
"2551","22b77d7829c68dcd","E2:1F:7B:35:CC:08","53.75","7","0.78125","0","160","2022-05-14T02:38:00.000Z","1652495880",
"2551","22b77d7829c68dcd","E2:1F:7B:35:CC:08","57.5","9","0.8223684210526315","0","160","2022-05-14T02:39:00.000Z","1652495940",
"2551","22b77d7829c68dcd","E2:1F:7B:35:CC:08","86.25","7","0.9765625","0","160","2022-05-14T02:40:00.000Z","1652496000",
"2551","22b77d7829c68dcd","E2:1F:7B:35:CC:08","91.25","6","0.8680555555555556","0","160","2022-05-14T02:41:00.000Z","1652496060",
"2551","22b77d7829c68dcd","E2:1F:7B:35:CC:08","97.5","3","0.78125","0","160","2022-05-14T02:42:00.000Z","1652496120",
"2551","22b77d7829c68dcd","E2:1F:7B:35:CC:08","96.25","6","0.9191176470588235","0","160","2022-05-14T02:43:00.000Z","1652496180",
"2551","22b77d7829c68dcd","E2:1F:7B:35:CC:08","100","5","0.9765625","0","160","2022-05-14T02:44:00.000Z","1652496240",
"2551","22b77d7829c68dcd","E2:1F:7B:35:CC:08","100","6","1.0416666666666667","0","160","2022-05-14T02:45:00.000Z","1652496300",
"2551","22b77d7829c68dcd","E2:1F:7B:35:CC:08","100","6","1.2019230769230769","0","160","2022-05-14T02:46:00.000Z","1652496360",
"2551","22b77d7829c68dcd","E2:1F:7B:35:CC:08","100","7","1.3020833333333333","0","160","2022-05-14T02:47:00.000Z","1652496420",
"2551","22b77d7829c68dcd","E2:1F:7B:35:CC:08","100","7","1.4204545454545454","0","160","2022-05-14T02:48:00.000Z","1652496480",
"2551","22b77d7829c68dcd","E2:1F:7B:35:CC:08","100","2","1.2019230769230769","0","160","2022-05-14T02:49:00.000Z","1652496540",
"2551","22b77d7829c68dcd","E2:1F:7B:35:CC:08","100","9","1.5625","0","160","2022-05-14T02:50:00.000Z","1652496600",
"2551","22b77d7829c68dcd","E2:1F:7B:35:CC:08","100","6","1.5625","0","160","2022-05-14T02:51:00.000Z","1652496660",
"2551","22b77d7829c68dcd","E2:1F:7B:35:CC:08","100","9","1.5625","0","160","2022-05-14T02:52:00.000Z","1652496720",
"2551","22b77d7829c68dcd","E2:1F:7B:35:CC:08","100","10","1.7361111111111112","0","160","2022-05-14T02:53:00.000Z","1652496780",
"2551","22b77d7829c68dcd","E2:1F:7B:35:CC:08","100","6","1.7361111111111112","0","160","2022-05-14T02:54:00.000Z","1652496840",
"2551","22b77d7829c68dcd","E2:1F:7B:35:CC:08","100","4","1.7361111111111112","0","160","2022-05-14T02:55:00.000Z","1652496900",
"2551","22b77d7829c68dcd","E2:1F:7B:35:CC:08","100","8","1.953125","0","160","2022-05-14T02:56:00.000Z","1652496960",
"2551","22b77d7829c68dcd","E2:1F:7B:35:CC:08","93.75","10","1.953125","0","160","2022-05-14T02:57:00.000Z","1652497020",
"2551","22b77d7829c68dcd","E2:1F:7B:35:CC:08","100","10","2.232142857142857","0","160","2022-05-14T02:58:00.000Z","1652497080",
"2551","22b77d7829c68dcd","E2:1F:7B:35:CC:08","100","10","2.232142857142857","0","160","2022-05-14T02:59:00.000Z","1652497140",
"2551","22b77d7829c68dcd","E2:1F:7B:35:CC:08","95","5","2.232142857142857","0","160","2022-05-14T03:00:00.000Z","1652497200",
"2551","22b77d7829c68dcd","E2:1F:7B:35:CC:08","100","10","2.6041666666666665","0","160","2022-05-14T03:01:00.000Z","1652497260",
"2551","22b77d7829c68dcd","E2:1F:7B:35:CC:08","93.75","6","2.6041666666666665","0","160","2022-05-14T03:02:00.000Z","1652497320",
"2551","22b77d7829c68dcd","E2:1F:7B:35:CC:08","93.75","8","2.6041666666666665","0","160","2022-05-14T03:03:00.000Z","1652497380",
"2551","22b77d7829c68dcd","E2:1F:7B:35:CC:08","100","5","2.6041666666666665","0","160","2022-05-14T03:04:00.000Z","1652497440",
"2551","22b77d7829c68dcd","E2:1F:7B:35:CC:08","88.75","7","2.6041666666666665","0","160","2022-05-14T03:05:00.000Z","1652497500",
"2551","22b77d7829c68dcd","E2:1F:7B:35:CC:08","90","6","3.125","0","160","2022-05-14T03:06:00.000Z","1652497560",
"2551","22b77d7829c68dcd","E2:1F:7B:35:CC:08","87.5","5","2.6041666666666665","0","160","2022-05-14T03:07:00.000Z","1652497620",
"2551","22b77d7829c68dcd","E2:1F:7B:35:CC:08","91.25","8","2.6041666666666665","0","160","2022-05-14T03:08:00.000Z","1652497680",
"2551","22b77d7829c68dcd","E2:1F:7B:35:CC:08","100","4","2.6041666666666665","0","160","2022-05-14T03:09:00.000Z","1652497740",
"2551","22b77d7829c68dcd","E2:1F:7B:35:CC:08","100","6","3.125","0","160","2022-05-14T03:10:00.000Z","1652497800",
"2551","22b77d7829c68dcd","E2:1F:7B:35:CC:08","100","8","3.125","0","160","2022-05-14T03:11:00.000Z","1652497860",
"2551","22b77d7829c68dcd","E2:1F:7B:35:CC:08","100","6","2.6041666666666665","0","160","2022-05-14T03:12:00.000Z","1652497920",
"2551","22b77d7829c68dcd","E2:1F:7B:35:CC:08","100","7","1.953125","0","160","2022-05-14T03:13:00.000Z","1652497980",
"2551","22b77d7829c68dcd","E2:1F:7B:35:CC:08","82.5","2","1.953125","0","160","2022-05-14T03:14:00.000Z","1652498040",
"2551","22b77d7829c68dcd","E2:1F:7B:35:CC:08","55","1","1.953125","0","160","2022-05-14T03:15:00.000Z","1652498100",
"2551","22b77d7829c68dcd","E2:1F:7B:35:CC:08","37.5","0","1.7361111111111112","0","160","2022-05-14T03:16:00.000Z","1652498160",
"2551","22b77d7829c68dcd","E2:1F:7B:35:CC:08","28.75","0","1.5625","0","160","2022-05-14T03:17:00.000Z","1652498220",
"2551","22b77d7829c68dcd","E2:1F:7B:35:CC:08","22.5","0","1.5625","0","160","2022-05-14T03:18:00.000Z","1652498280",
"2551","22b77d7829c68dcd","E2:1F:7B:35:CC:08","18.75","0","1.5625","0","160","2022-05-14T03:19:00.000Z","1652498340",
"2551","22b77d7829c68dcd","E2:1F:7B:35:CC:08","16.25","0","1.4204545454545454","0","160","2022-05-14T03:20:00.000Z","1652498400",
"2551","22b77d7829c68dcd","E2:1F:7B:35:CC:08","13.75","0","1.4204545454545454","0","160","2022-05-14T03:21:00.000Z","1652498460",
"2551","22b77d7829c68dcd","E2:1F:7B:35:CC:08","41.25","0","1.2019230769230769","0","160","2022-05-14T03:22:00.000Z","1652498520",
"2551","22b77d7829c68dcd","E2:1F:7B:35:CC:08","31.25","0","1.2019230769230769","0","160","2022-05-14T03:23:00.000Z","1652498580",
"2551","22b77d7829c68dcd","E2:1F:7B:35:CC:08","16.25","0","1.1160714285714286","0","160","2022-05-14T03:24:00.000Z","1652498640",
"2551","22b77d7829c68dcd","E2:1F:7B:35:CC:08","13.75","0","1.1160714285714286","0","160","2022-05-14T03:25:00.000Z","1652498700",
"2551","22b77d7829c68dcd","E2:1F:7B:35:CC:08","11.25","0","1.1160714285714286","0","160","2022-05-14T03:26:00.000Z","1652498760",
"2551","22b77d7829c68dcd","E2:1F:7B:35:CC:08","13.75","0","1.0416666666666667","0","160","2022-05-14T03:27:00.000Z","1652498820",
"2551","22b77d7829c68dcd","E2:1F:7B:35:CC:08","10","0","1.0416666666666667","0","160","2022-05-14T03:28:00.000Z","1652498880",
"2551","22b77d7829c68dcd","E2:1F:7B:35:CC:08","8.75","0","1.0416666666666667","0","160","2022-05-14T03:29:00.000Z","1652498940",
"2551","22b77d7829c68dcd","E2:1F:7B:35:CC:08","8.75","0","0.8680555555555556","2","160","2022-05-14T03:30:00.000Z","1652499000",
"2551","22b77d7829c68dcd","E2:1F:7B:35:CC:08","26.25","4","0.8680555555555556","1","160","2022-05-14T03:31:00.000Z","1652499060",
"2551","22b77d7829c68dcd","E2:1F:7B:35:CC:08","16.25","1","0.9191176470588235","0","160","2022-05-14T03:32:00.000Z","1652499120",
"2551","22b77d7829c68dcd","E2:1F:7B:35:CC:08","11.25","0","0.9191176470588235","0","160","2022-05-14T03:33:00.000Z","1652499180",
"2551","22b77d7829c68dcd","E2:1F:7B:35:CC:08","8.75","0","0.8680555555555556","0","160","2022-05-14T03:34:00.000Z","1652499240",
"2551","22b77d7829c68dcd","E2:1F:7B:35:CC:08","7.5","0","0.8680555555555556","0","160","2022-05-14T03:35:00.000Z","1652499300",
"2551","22b77d7829c68dcd","E2:1F:7B:35:CC:08","6.25","0","0.8680555555555556","0","160","2022-05-14T03:36:00.000Z","1652499360",
"2551","22b77d7829c68dcd","E2:1F:7B:35:CC:08","6.25","0","0.7102272727272727","0","160","2022-05-14T03:37:00.000Z","1652499420",
"2551","22b77d7829c68dcd","E2:1F:7B:35:CC:08","6.25","0","0.7102272727272727","0","160","2022-05-14T03:38:00.000Z","1652499480",
"2551","22b77d7829c68dcd","E2:1F:7B:35:CC:08","5","0","0.7102272727272727","0","160","2022-05-14T03:39:00.000Z","1652499540",
"2551","22b77d7829c68dcd","E2:1F:7B:35:CC:08","5","0","0.5787037037037037","0","160","2022-05-14T03:40:00.000Z","1652499600",
"2551","22b77d7829c68dcd","E2:1F:7B:35:CC:08","5","0","0.5787037037037037","0","160","2022-05-14T03:41:00.000Z","1652499660",
"2551","22b77d7829c68dcd","E2:1F:7B:35:CC:08","5","0","0.5580357142857143","0","160","2022-05-14T03:42:00.000Z","1652499720",
"2551","22b77d7829c68dcd","E2:1F:7B:35:CC:08","5","0","0.5580357142857143","0","160","2022-05-14T03:43:00.000Z","1652499780",
"2551","22b77d7829c68dcd","E2:1F:7B:35:CC:08","6.25","0","0.5580357142857143","0","160","2022-05-14T03:44:00.000Z","1652499840",
"2551","22b77d7829c68dcd","E2:1F:7B:35:CC:08","7.5","0","0.5580357142857143","0","160","2022-05-14T03:45:00.000Z","1652499900",
"2551","22b77d7829c68dcd","E2:1F:7B:35:CC:08","5","0","0.5580357142857143","0","160","2022-05-14T03:46:00.000Z","1652499960",
"2551","22b77d7829c68dcd","E2:1F:7B:35:CC:08","5","0","0.5580357142857143","0","160","2022-05-14T03:47:00.000Z","1652500020",
"2551","22b77d7829c68dcd","E2:1F:7B:35:CC:08","3.75","0","0.5580357142857143","0","160","2022-05-14T03:48:00.000Z","1652500080",
"2551","22b77d7829c68dcd","E2:1F:7B:35:CC:08","5","0","0.5580357142857143","0","160","2022-05-14T03:49:00.000Z","1652500140",
"2551","22b77d7829c68dcd","E2:1F:7B:35:CC:08","6.25","1","0.4340277777777778","0","160","2022-05-14T03:50:00.000Z","1652500200",
"2551","22b77d7829c68dcd","E2:1F:7B:35:CC:08","21.25","1","0.5787037037037037","0","160","2022-05-14T03:51:00.000Z","1652500260",
"2551","22b77d7829c68dcd","E2:1F:7B:35:CC:08","13.75","0","0.625","0","160","2022-05-14T03:52:00.000Z","1652500320",
"2551","22b77d7829c68dcd","E2:1F:7B:35:CC:08","8.75","0","0.625","0","160","2022-05-14T03:53:00.000Z","1652500380",
"2551","22b77d7829c68dcd","E2:1F:7B:35:CC:08","5","0","0.625","0","160","2022-05-14T03:54:00.000Z","1652500440",
"2551","22b77d7829c68dcd","E2:1F:7B:35:CC:08","5","0","0.625","0","160","2022-05-14T03:55:00.000Z","1652500500",
"2551","22b77d7829c68dcd","E2:1F:7B:35:CC:08","7.5","0","0.625","0","160","2022-05-14T03:56:00.000Z","1652500560",
"2551","22b77d7829c68dcd","E2:1F:7B:35:CC:08","5","0","0.4340277777777778","1","160","2022-05-14T03:57:00.000Z","1652500620",
"2551","22b77d7829c68dcd","E2:1F:7B:35:CC:08","11.25","1","0.4734848484848485","0","160","2022-05-14T03:58:00.000Z","1652500680",
"2551","22b77d7829c68dcd","E2:1F:7B:35:CC:08","7.5","0","0.4734848484848485","0","160","2022-05-14T03:59:00.000Z","1652500740",
"2551","22b77d7829c68dcd","E2:1F:7B:35:CC:08","6.25","0","0.4734848484848485","0","160","2022-05-14T04:00:00.000Z","1652500800",
"2551","22b77d7829c68dcd","E2:1F:7B:35:CC:08","5","0","0.4734848484848485","0","160","2022-05-14T04:01:00.000Z","1652500860",
"2551","22b77d7829c68dcd","E2:1F:7B:35:CC:08","3.75","0","0.4734848484848485","0","160","2022-05-14T04:02:00.000Z","1652500920",
"2551","22b77d7829c68dcd","E2:1F:7B:35:CC:08","10","0","0.6510416666666666","0","160","2022-05-14T04:03:00.000Z","1652500980",
"2551","22b77d7829c68dcd","E2:1F:7B:35:CC:08","12.5","0","0.7102272727272727","0","160","2022-05-14T04:04:00.000Z","1652501040",
"2551","22b77d7829c68dcd","E2:1F:7B:35:CC:08","7.5","0","0.7102272727272727","0","160","2022-05-14T04:05:00.000Z","1652501100",
"2551","22b77d7829c68dcd","E2:1F:7B:35:CC:08","3.75","0","0.7440476190476191","0","160","2022-05-14T04:06:00.000Z","1652501160",
"2551","22b77d7829c68dcd","E2:1F:7B:35:CC:08","3.75","0","0.7440476190476191","0","160","2022-05-14T04:07:00.000Z","1652501220",
"2551","22b77d7829c68dcd","E2:1F:7B:35:CC:08","3.75","0","0.7440476190476191","0","160","2022-05-14T04:08:00.000Z","1652501280",
"2551","22b77d7829c68dcd","E2:1F:7B:35:CC:08","11.25","0","0.5040322580645161","0","160","2022-05-14T04:09:00.000Z","1652501340",
"2551","22b77d7829c68dcd","E2:1F:7B:35:CC:08","6.25","0","0.5208333333333334","0","160","2022-05-14T04:10:00.000Z","1652501400",
"2551","22b77d7829c68dcd","E2:1F:7B:35:CC:08","6.25","0","0.5208333333333334","0","160","2022-05-14T04:11:00.000Z","1652501460",
"2551","22b77d7829c68dcd","E2:1F:7B:35:CC:08","20","0","0.5787037037037037","0","160","2022-05-14T04:12:00.000Z","1652501520",
"2551","22b77d7829c68dcd","E2:1F:7B:35:CC:08","12.5","0","0.625","0","160","2022-05-14T04:13:00.000Z","1652501580",
"2551","22b77d7829c68dcd","E2:1F:7B:35:CC:08","6.25","0","0.625","0","160","2022-05-14T04:14:00.000Z","1652501640",
"2551","22b77d7829c68dcd","E2:1F:7B:35:CC:08","2.5","0","0.625","0","160","2022-05-14T04:15:00.000Z","1652501700",
"2551","22b77d7829c68dcd","E2:1F:7B:35:CC:08","2.5","0","0.6510416666666666","0","160","2022-05-14T04:16:00.000Z","1652501760",
"2551","22b77d7829c68dcd","E2:1F:7B:35:CC:08","6.25","0","0.5208333333333334","0","160","2022-05-14T04:17:00.000Z","1652501820",
"2551","22b77d7829c68dcd","E2:1F:7B:35:CC:08","15","0","0.5580357142857143","0","160","2022-05-14T04:18:00.000Z","1652501880",
"2551","22b77d7829c68dcd","E2:1F:7B:35:CC:08","17.5","0","0.625","1","160","2022-05-14T04:19:00.000Z","1652501940",
"2551","22b77d7829c68dcd","E2:1F:7B:35:CC:08","11.25","0","0.6510416666666666","0","160","2022-05-14T04:20:00.000Z","1652502000",
"2551","22b77d7829c68dcd","E2:1F:7B:35:CC:08","5","0","0.6793478260869565","0","160","2022-05-14T04:21:00.000Z","1652502060",
"2551","22b77d7829c68dcd","E2:1F:7B:35:CC:08","2.5","0","0.6793478260869565","0","160","2022-05-14T04:22:00.000Z","1652502120",
"2551","22b77d7829c68dcd","E2:1F:7B:35:CC:08","1.25","0","0.7102272727272727","0","160","2022-05-14T04:23:00.000Z","1652502180",
"2551","22b77d7829c68dcd","E2:1F:7B:35:CC:08","2.5","0","0.7102272727272727","0","160","2022-05-14T04:24:00.000Z","1652502240",
"2551","22b77d7829c68dcd","E2:1F:7B:35:CC:08","2.5","0","0.7102272727272727","0","160","2022-05-14T04:25:00.000Z","1652502300",
"2551","22b77d7829c68dcd","E2:1F:7B:35:CC:08","1.25","0","0.7440476190476191","0","160","2022-05-14T04:26:00.000Z","1652502360",
"2551","22b77d7829c68dcd","E2:1F:7B:35:CC:08","2.5","0","0.7440476190476191","0","160","2022-05-14T04:27:00.000Z","1652502420",
"2551","22b77d7829c68dcd","E2:1F:7B:35:CC:08","2.5","0","0.7440476190476191","0","160","2022-05-14T04:28:00.000Z","1652502480",
"2551","22b77d7829c68dcd","E2:1F:7B:35:CC:08","27.5","1","0.78125","1","160","2022-05-14T04:29:00.000Z","1652502540",
"2551","22b77d7829c68dcd","E2:1F:7B:35:CC:08","16.25","0","0.8223684210526315","0","160","2022-05-14T04:30:00.000Z","1652502600",
"2551","22b77d7829c68dcd","E2:1F:7B:35:CC:08","7.5","0","0.8223684210526315","0","160","2022-05-14T04:31:00.000Z","1652502660",
"2551","22b77d7829c68dcd","E2:1F:7B:35:CC:08","3.75","0","0.8223684210526315","0","160","2022-05-14T04:32:00.000Z","1652502720",
"2551","22b77d7829c68dcd","E2:1F:7B:35:CC:08","3.75","0","0.8680555555555556","0","160","2022-05-14T04:33:00.000Z","1652502780",
"2551","22b77d7829c68dcd","E2:1F:7B:35:CC:08","2.5","0","0.8680555555555556","0","160","2022-05-14T04:34:00.000Z","1652502840",
"2551","22b77d7829c68dcd","E2:1F:7B:35:CC:08","2.5","0","0.8680555555555556","0","160","2022-05-14T04:35:00.000Z","1652502900",
"2551","22b77d7829c68dcd","E2:1F:7B:35:CC:08","2.5","0","0.9191176470588235","0","160","2022-05-14T04:36:00.000Z","1652502960",
"2551","22b77d7829c68dcd","E2:1F:7B:35:CC:08","2.5","0","0.9191176470588235","0","160","2022-05-14T04:37:00.000Z","1652503020",
"2551","22b77d7829c68dcd","E2:1F:7B:35:CC:08","2.5","0","0.9191176470588235","0","160","2022-05-14T04:38:00.000Z","1652503080",
"2551","22b77d7829c68dcd","E2:1F:7B:35:CC:08","5","0","0.9765625","0","160","2022-05-14T04:39:00.000Z","1652503140",
"2551","22b77d7829c68dcd","E2:1F:7B:35:CC:08","5","0","0.9765625","0","160","2022-05-14T04:40:00.000Z","1652503200",
"2551","22b77d7829c68dcd","E2:1F:7B:35:CC:08","3.75","0","0.9765625","0","160","2022-05-14T04:41:00.000Z","1652503260",
"2551","22b77d7829c68dcd","E2:1F:7B:35:CC:08","13.75","1","0.78125","5","160","2022-05-14T04:42:00.000Z","1652503320",
"2551","22b77d7829c68dcd","E2:1F:7B:35:CC:08","11.25","0","0.8223684210526315","0","160","2022-05-14T04:43:00.000Z","1652503380",
"2551","22b77d7829c68dcd","E2:1F:7B:35:CC:08","5","0","0.8223684210526315","0","160","2022-05-14T04:44:00.000Z","1652503440",
"2551","22b77d7829c68dcd","E2:1F:7B:35:CC:08","2.5","0","0.5040322580645161","0","160","2022-05-14T04:45:00.000Z","1652503500",
"2551","22b77d7829c68dcd","E2:1F:7B:35:CC:08","23.75","2","0.6510416666666666","0","160","2022-05-14T04:46:00.000Z","1652503560",
"2551","22b77d7829c68dcd","E2:1F:7B:35:CC:08","18.75","1","0.7102272727272727","0","160","2022-05-14T04:47:00.000Z","1652503620",
"2551","22b77d7829c68dcd","E2:1F:7B:35:CC:08","8.75","0","0.7102272727272727","0","160","2022-05-14T04:48:00.000Z","1652503680",
"2551","22b77d7829c68dcd","E2:1F:7B:35:CC:08","32.5","6","0.9191176470588235","0","160","2022-05-14T04:49:00.000Z","1652503740",
"2551","22b77d7829c68dcd","E2:1F:7B:35:CC:08","32.5","4","0.9191176470588235","0","160","2022-05-14T04:50:00.000Z","1652503800",
"2551","22b77d7829c68dcd","E2:1F:7B:35:CC:08","38.75","6","0.9765625","0","160","2022-05-14T04:51:00.000Z","1652503860",
"2551","22b77d7829c68dcd","E2:1F:7B:35:CC:08","31.25","0","0.9191176470588235","0","160","2022-05-14T04:52:00.000Z","1652503920",
"2551","22b77d7829c68dcd","E2:1F:7B:35:CC:08","25","2","0.78125","0","160","2022-05-14T04:53:00.000Z","1652503980",
"2551","22b77d7829c68dcd","E2:1F:7B:35:CC:08","15","0","0.78125","0","160","2022-05-14T04:54:00.000Z","1652504040",
"2551","22b77d7829c68dcd","E2:1F:7B:35:CC:08","6.25","0","0.78125","0","160","2022-05-14T04:55:00.000Z","1652504100",
"2551","22b77d7829c68dcd","E2:1F:7B:35:CC:08","5","0","0.78125","0","160","2022-05-14T04:56:00.000Z","1652504160",
"2551","22b77d7829c68dcd","E2:1F:7B:35:CC:08","5","0","0.8223684210526315","0","160","2022-05-14T04:57:00.000Z","1652504220",
"2551","22b77d7829c68dcd","E2:1F:7B:35:CC:08","5","0","0.8223684210526315","0","160","2022-05-14T04:58:00.000Z","1652504280",
"2551","22b77d7829c68dcd","E2:1F:7B:35:CC:08","5","0","0.8223684210526315","0","160","2022-05-14T04:59:00.000Z","1652504340",
"2551","22b77d7829c68dcd","E2:1F:7B:35:CC:08","5","0","0.5208333333333334","0","160","2022-05-14T05:00:00.000Z","1652504400",
"2551","22b77d7829c68dcd","E2:1F:7B:35:CC:08","13.75","2","0.9191176470588235","0","160","2022-05-14T05:01:00.000Z","1652504460",
"2551","22b77d7829c68dcd","E2:1F:7B:35:CC:08","11.25","0","0.9765625","0","160","2022-05-14T05:02:00.000Z","1652504520",
"2551","22b77d7829c68dcd","E2:1F:7B:35:CC:08","8.75","0","0.7440476190476191","0","160","2022-05-14T05:03:00.000Z","1652504580",
"2551","22b77d7829c68dcd","E2:1F:7B:35:CC:08","7.5","0","0.78125","0","160","2022-05-14T05:04:00.000Z","1652504640",
"2551","22b77d7829c68dcd","E2:1F:7B:35:CC:08","16.25","2","0.5208333333333334","1","160","2022-05-14T05:05:00.000Z","1652504700",
"2551","22b77d7829c68dcd","E2:1F:7B:35:CC:08","18.75","0","0.5580357142857143","0","160","2022-05-14T05:06:00.000Z","1652504760",
"2551","22b77d7829c68dcd","E2:1F:7B:35:CC:08","15","0","0.5787037037037037","0","160","2022-05-14T05:07:00.000Z","1652504820",
"2551","22b77d7829c68dcd","E2:1F:7B:35:CC:08","12.5","0","0.5787037037037037","0","160","2022-05-14T05:08:00.000Z","1652504880",
"2551","22b77d7829c68dcd","E2:1F:7B:35:CC:08","12.5","0","0.6009615384615384","0","160","2022-05-14T05:09:00.000Z","1652504940",
"2551","22b77d7829c68dcd","E2:1F:7B:35:CC:08","11.25","0","0.6009615384615384","0","160","2022-05-14T05:10:00.000Z","1652505000",
"2551","22b77d7829c68dcd","E2:1F:7B:35:CC:08","11.25","0","0.6009615384615384","0","160","2022-05-14T05:11:00.000Z","1652505060",
"2551","22b77d7829c68dcd","E2:1F:7B:35:CC:08","11.25","0","0.6009615384615384","0","160","2022-05-14T05:12:00.000Z","1652505120",
"2551","22b77d7829c68dcd","E2:1F:7B:35:CC:08","10","0","0.625","0","160","2022-05-14T05:13:00.000Z","1652505180",
"2551","22b77d7829c68dcd","E2:1F:7B:35:CC:08","11.25","0","0.625","0","160","2022-05-14T05:14:00.000Z","1652505240",
"2551","22b77d7829c68dcd","E2:1F:7B:35:CC:08","12.5","0","0.625","0","160","2022-05-14T05:15:00.000Z","1652505300",
"2551","22b77d7829c68dcd","E2:1F:7B:35:CC:08","30","8","0.8223684210526315","0","160","2022-05-14T05:16:00.000Z","1652505360",
"2551","22b77d7829c68dcd","E2:1F:7B:35:CC:08","47.5","5","0.6009615384615384","0","160","2022-05-14T05:17:00.000Z","1652505420",
"2551","22b77d7829c68dcd","E2:1F:7B:35:CC:08","28.75","0","0.6009615384615384","0","160","2022-05-14T05:18:00.000Z","1652505480",
"2551","22b77d7829c68dcd","E2:1F:7B:35:CC:08","22.5","1","0.6009615384615384","0","160","2022-05-14T05:19:00.000Z","1652505540",
"2551","22b77d7829c68dcd","E2:1F:7B:35:CC:08","26.25","2","0.625","0","160","2022-05-14T05:20:00.000Z","1652505600",
"2551","22b77d7829c68dcd","E2:1F:7B:35:CC:08","31.25","2","0.625","0","160","2022-05-14T05:21:00.000Z","1652505660",
"2551","22b77d7829c68dcd","E2:1F:7B:35:CC:08","26.25","0","0.625","0","160","2022-05-14T05:22:00.000Z","1652505720",
"2551","22b77d7829c68dcd","E2:1F:7B:35:CC:08","17.5","1","0.6793478260869565","0","160","2022-05-14T05:23:00.000Z","1652505780",
"2551","22b77d7829c68dcd","E2:1F:7B:35:CC:08","36.25","5","0.7440476190476191","0","160","2022-05-14T05:24:00.000Z","1652505840",
"2551","22b77d7829c68dcd","E2:1F:7B:35:CC:08","48.75","4","0.78125","0","160","2022-05-14T05:25:00.000Z","1652505900",
"2551","22b77d7829c68dcd","E2:1F:7B:35:CC:08","63.75","6","0.8680555555555556","0","160","2022-05-14T05:26:00.000Z","1652505960",
"2551","22b77d7829c68dcd","E2:1F:7B:35:CC:08","81.25","7","0.9765625","0","160","2022-05-14T05:27:00.000Z","1652506020",
"2551","22b77d7829c68dcd","E2:1F:7B:35:CC:08","80","6","1.0416666666666667","0","160","2022-05-14T05:28:00.000Z","1652506080",
"2551","22b77d7829c68dcd","E2:1F:7B:35:CC:08","95","6","1.0416666666666667","0","160","2022-05-14T05:29:00.000Z","1652506140",
"2551","22b77d7829c68dcd","E2:1F:7B:35:CC:08","100","6","1.2019230769230769","0","160","2022-05-14T05:30:00.000Z","1652506200",
"2551","22b77d7829c68dcd","E2:1F:7B:35:CC:08","100","5","1.3020833333333333","0","160","2022-05-14T05:31:00.000Z","1652506260",
"2551","22b77d7829c68dcd","E2:1F:7B:35:CC:08","93.75","4","1.3020833333333333","0","160","2022-05-14T05:32:00.000Z","1652506320",
"2551","22b77d7829c68dcd","E2:1F:7B:35:CC:08","100","8","1.5625","0","160","2022-05-14T05:33:00.000Z","1652506380",
"2551","22b77d7829c68dcd","E2:1F:7B:35:CC:08","100","6","1.5625","0","160","2022-05-14T05:34:00.000Z","1652506440",
"2551","22b77d7829c68dcd","E2:1F:7B:35:CC:08","100","8","1.7361111111111112","0","160","2022-05-14T05:35:00.000Z","1652506500",
"2551","22b77d7829c68dcd","E2:1F:7B:35:CC:08","100","7","1.7361111111111112","0","160","2022-05-14T05:36:00.000Z","1652506560",
"2551","22b77d7829c68dcd","E2:1F:7B:35:CC:08","97.5","9","1.953125","0","160","2022-05-14T05:37:00.000Z","1652506620",
"2551","22b77d7829c68dcd","E2:1F:7B:35:CC:08","100","6","1.953125","0","160","2022-05-14T05:38:00.000Z","1652506680",
"2551","22b77d7829c68dcd","E2:1F:7B:35:CC:08","100","6","1.953125","0","160","2022-05-14T05:39:00.000Z","1652506740",
"2551","22b77d7829c68dcd","E2:1F:7B:35:CC:08","100","6","2.232142857142857","0","160","2022-05-14T05:40:00.000Z","1652506800",
"2551","22b77d7829c68dcd","E2:1F:7B:35:CC:08","100","6","2.232142857142857","0","160","2022-05-14T05:41:00.000Z","1652506860",
"2551","22b77d7829c68dcd","E2:1F:7B:35:CC:08","100","6","2.232142857142857","0","160","2022-05-14T05:42:00.000Z","1652506920",
"2551","22b77d7829c68dcd","E2:1F:7B:35:CC:08","98.75","7","2.232142857142857","0","160","2022-05-14T05:43:00.000Z","1652506980",
"2551","22b77d7829c68dcd","E2:1F:7B:35:CC:08","100","6","2.232142857142857","0","160","2022-05-14T05:44:00.000Z","1652507040",
"2551","22b77d7829c68dcd","E2:1F:7B:35:CC:08","93.75","4","1.5625","0","160","2022-05-14T05:45:00.000Z","1652507100",
"2551","22b77d7829c68dcd","E2:1F:7B:35:CC:08","76.25","0","1.2019230769230769","0","160","2022-05-14T05:46:00.000Z","1652507160",
"2551","22b77d7829c68dcd","E2:1F:7B:35:CC:08","82.5","1","1.0416666666666667","1","160","2022-05-14T05:47:00.000Z","1652507220",
"2551","22b77d7829c68dcd","E2:1F:7B:35:CC:08","70","6","1.2019230769230769","0","160","2022-05-14T05:48:00.000Z","1652507280",
"2551","22b77d7829c68dcd","E2:1F:7B:35:CC:08","60","3","1.3020833333333333","0","160","2022-05-14T05:49:00.000Z","1652507340",
"2551","22b77d7829c68dcd","E2:1F:7B:35:CC:08","78.75","4","1.4204545454545454","0","160","2022-05-14T05:50:00.000Z","1652507400",
"2551","22b77d7829c68dcd","E2:1F:7B:35:CC:08","93.75","1","1.3020833333333333","0","160","2022-05-14T05:51:00.000Z","1652507460",
"2551","22b77d7829c68dcd","E2:1F:7B:35:CC:08","71.25","1","1.2019230769230769","0","160","2022-05-14T05:52:00.000Z","1652507520",
"2551","22b77d7829c68dcd","E2:1F:7B:35:CC:08","48.75","1","1.2019230769230769","0","160","2022-05-14T05:53:00.000Z","1652507580",
"2551","22b77d7829c68dcd","E2:1F:7B:35:CC:08","33.75","0","1.1160714285714286","0","160","2022-05-14T05:54:00.000Z","1652507640",
"2551","22b77d7829c68dcd","E2:1F:7B:35:CC:08","23.75","0","1.0416666666666667","0","160","2022-05-14T05:55:00.000Z","1652507700",
"2551","22b77d7829c68dcd","E2:1F:7B:35:CC:08","27.5","2","1.0416666666666667","0","160","2022-05-14T05:56:00.000Z","1652507760",
"2551","22b77d7829c68dcd","E2:1F:7B:35:CC:08","31.25","0","1.0416666666666667","0","160","2022-05-14T05:57:00.000Z","1652507820",
"2551","22b77d7829c68dcd","E2:1F:7B:35:CC:08","31.25","2","0.9191176470588235","1","160","2022-05-14T05:58:00.000Z","1652507880",
"2551","22b77d7829c68dcd","E2:1F:7B:35:CC:08","48.75","3","1.0416666666666667","0","160","2022-05-14T05:59:00.000Z","1652507940",
"2551","22b77d7829c68dcd","E2:1F:7B:35:CC:08","35","0","1.0416666666666667","0","160","2022-05-14T06:00:00.000Z","1652508000",
"2551","22b77d7829c68dcd","E2:1F:7B:35:CC:08","33.75","1","1.0416666666666667","0","160","2022-05-14T06:01:00.000Z","1652508060",
"2551","22b77d7829c68dcd","E2:1F:7B:35:CC:08","25","0","0.9765625","0","160","2022-05-14T06:02:00.000Z","1652508120",
"2551","22b77d7829c68dcd","E2:1F:7B:35:CC:08","17.5","0","0.9765625","0","160","2022-05-14T06:03:00.000Z","1652508180",
"2551","22b77d7829c68dcd","E2:1F:7B:35:CC:08","13.75","0","0.9191176470588235","0","160","2022-05-14T06:04:00.000Z","1652508240",
"2551","22b77d7829c68dcd","E2:1F:7B:35:CC:08","18.75","0","0.9765625","0","160","2022-05-14T06:05:00.000Z","1652508300",
"2551","22b77d7829c68dcd","E2:1F:7B:35:CC:08","28.75","4","1.2019230769230769","0","160","2022-05-14T06:06:00.000Z","1652508360",
"2551","22b77d7829c68dcd","E2:1F:7B:35:CC:08","20","0","1.3020833333333333","0","160","2022-05-14T06:07:00.000Z","1652508420",
"2551","22b77d7829c68dcd","E2:1F:7B:35:CC:08","12.5","0","1.3020833333333333","0","160","2022-05-14T06:08:00.000Z","1652508480",
"2551","22b77d7829c68dcd","E2:1F:7B:35:CC:08","17.5","1","0.6009615384615384","0","160","2022-05-14T06:09:00.000Z","1652508540",
"2551","22b77d7829c68dcd","E2:1F:7B:35:CC:08","43.75","4","0.6793478260869565","0","160","2022-05-14T06:10:00.000Z","1652508600",
"2551","22b77d7829c68dcd","E2:1F:7B:35:CC:08","45","6","0.7102272727272727","0","160","2022-05-14T06:11:00.000Z","1652508660",
"2551","22b77d7829c68dcd","E2:1F:7B:35:CC:08","71.25","5","0.8223684210526315","0","160","2022-05-14T06:12:00.000Z","1652508720",
"2551","22b77d7829c68dcd","E2:1F:7B:35:CC:08","98.75","5","0.9191176470588235","0","160","2022-05-14T06:13:00.000Z","1652508780",
"2551","22b77d7829c68dcd","E2:1F:7B:35:CC:08","92.5","2","0.8223684210526315","0","160","2022-05-14T06:14:00.000Z","1652508840",
"2551","22b77d7829c68dcd","E2:1F:7B:35:CC:08","66.25","2","0.8680555555555556","0","160","2022-05-14T06:15:00.000Z","1652508900",
"2551","22b77d7829c68dcd","E2:1F:7B:35:CC:08","63.75","2","0.8680555555555556","0","160","2022-05-14T06:16:00.000Z","1652508960",
"2551","22b77d7829c68dcd","E2:1F:7B:35:CC:08","55","1","0.8223684210526315","0","160","2022-05-14T06:17:00.000Z","1652509020",
"2551","22b77d7829c68dcd","E2:1F:7B:35:CC:08","41.25","1","0.78125","0","160","2022-05-14T06:18:00.000Z","1652509080",
"2551","22b77d7829c68dcd","E2:1F:7B:35:CC:08","30","1","0.7440476190476191","0","160","2022-05-14T06:19:00.000Z","1652509140",
"2551","22b77d7829c68dcd","E2:1F:7B:35:CC:08","25","3","0.6793478260869565","1","160","2022-05-14T06:20:00.000Z","1652509200",
"2551","22b77d7829c68dcd","E2:1F:7B:35:CC:08","45","4","0.78125","0","160","2022-05-14T06:21:00.000Z","1652509260",
"2551","22b77d7829c68dcd","E2:1F:7B:35:CC:08","50","6","0.8680555555555556","0","160","2022-05-14T06:22:00.000Z","1652509320",
"2551","22b77d7829c68dcd","E2:1F:7B:35:CC:08","70","7","1.0416666666666667","0","160","2022-05-14T06:23:00.000Z","1652509380",
"2551","22b77d7829c68dcd","E2:1F:7B:35:CC:08","80","2","1.0416666666666667","0","160","2022-05-14T06:24:00.000Z","1652509440",
"2551","22b77d7829c68dcd","E2:1F:7B:35:CC:08","93.75","2","0.9765625","0","160","2022-05-14T06:25:00.000Z","1652509500",
"2551","22b77d7829c68dcd","E2:1F:7B:35:CC:08","72.5","3","1.0416666666666667","0","160","2022-05-14T06:26:00.000Z","1652509560",
"2551","22b77d7829c68dcd","E2:1F:7B:35:CC:08","46.25","0","0.9765625","0","160","2022-05-14T06:27:00.000Z","1652509620",
"2551","22b77d7829c68dcd","E2:1F:7B:35:CC:08","26.25","0","0.9191176470588235","0","160","2022-05-14T06:28:00.000Z","1652509680",
"2551","22b77d7829c68dcd","E2:1F:7B:35:CC:08","22.5","0","0.9191176470588235","0","160","2022-05-14T06:29:00.000Z","1652509740",
"2551","22b77d7829c68dcd","E2:1F:7B:35:CC:08","22.5","2","0.9765625","0","160","2022-05-14T06:30:00.000Z","1652509800",
"2551","22b77d7829c68dcd","E2:1F:7B:35:CC:08","20","1","0.78125","1","160","2022-05-14T06:31:00.000Z","1652509860",
"2551","22b77d7829c68dcd","E2:1F:7B:35:CC:08","16.25","0","0.8680555555555556","0","160","2022-05-14T06:32:00.000Z","1652509920",
"2551","22b77d7829c68dcd","E2:1F:7B:35:CC:08","8.75","0","0.8680555555555556","0","160","2022-05-14T06:33:00.000Z","1652509980",
"2551","22b77d7829c68dcd","E2:1F:7B:35:CC:08","8.75","0","0.8680555555555556","0","160","2022-05-14T06:34:00.000Z","1652510040",
"2551","22b77d7829c68dcd","E2:1F:7B:35:CC:08","10","0","0.8680555555555556","0","160","2022-05-14T06:35:00.000Z","1652510100",
"2551","22b77d7829c68dcd","E2:1F:7B:35:CC:08","10","0","0.8680555555555556","0","160","2022-05-14T06:36:00.000Z","1652510160",
"2551","22b77d7829c68dcd","E2:1F:7B:35:CC:08","10","0","0.8680555555555556","0","160","2022-05-14T06:37:00.000Z","1652510220",
"2551","22b77d7829c68dcd","E2:1F:7B:35:CC:08","10","0","0.8680555555555556","0","160","2022-05-14T06:38:00.000Z","1652510280",
"2551","22b77d7829c68dcd","E2:1F:7B:35:CC:08","11.25","0","0.8680555555555556","0","160","2022-05-14T06:39:00.000Z","1652510340",
"2551","22b77d7829c68dcd","E2:1F:7B:35:CC:08","15","1","0.9191176470588235","0","160","2022-05-14T06:40:00.000Z","1652510400",
"2551","22b77d7829c68dcd","E2:1F:7B:35:CC:08","22.5","3","0.6009615384615384","0","160","2022-05-14T06:41:00.000Z","1652510460",
"2551","22b77d7829c68dcd","E2:1F:7B:35:CC:08","61.25","2","0.8223684210526315","0","160","2022-05-14T06:42:00.000Z","1652510520",
"2551","22b77d7829c68dcd","E2:1F:7B:35:CC:08","51.25","6","0.9191176470588235","0","160","2022-05-14T06:43:00.000Z","1652510580",
"2551","22b77d7829c68dcd","E2:1F:7B:35:CC:08","55","5","1.0416666666666667","0","160","2022-05-14T06:44:00.000Z","1652510640",
"2551","22b77d7829c68dcd","E2:1F:7B:35:CC:08","52.5","0","0.9765625","0","160","2022-05-14T06:45:00.000Z","1652510700",
"2551","22b77d7829c68dcd","E2:1F:7B:35:CC:08","50","1","0.5387931034482759","2","160","2022-05-14T06:46:00.000Z","1652510760",
"2551","22b77d7829c68dcd","E2:1F:7B:35:CC:08","43.75","2","0.5787037037037037","0","160","2022-05-14T06:47:00.000Z","1652510820",
"2551","22b77d7829c68dcd","E2:1F:7B:35:CC:08","31.25","0","0.5387931034482759","0","160","2022-05-14T06:48:00.000Z","1652510880",
"2551","22b77d7829c68dcd","E2:1F:7B:35:CC:08","17.5","0","0.5387931034482759","0","160","2022-05-14T06:49:00.000Z","1652510940",
"2551","22b77d7829c68dcd","E2:1F:7B:35:CC:08","11.25","0","0.5387931034482759","0","160","2022-05-14T06:50:00.000Z","1652511000",
"2551","22b77d7829c68dcd","E2:1F:7B:35:CC:08","16.25","0","0.45955882352941174","0","160","2022-05-14T06:51:00.000Z","1652511060",
"2551","22b77d7829c68dcd","E2:1F:7B:35:CC:08","23.75","2","0.48828125","0","160","2022-05-14T06:52:00.000Z","1652511120",
"2551","22b77d7829c68dcd","E2:1F:7B:35:CC:08","20","0","0.48828125","0","160","2022-05-14T06:53:00.000Z","1652511180",
"2551","22b77d7829c68dcd","E2:1F:7B:35:CC:08","13.75","0","0.5040322580645161","0","160","2022-05-14T06:54:00.000Z","1652511240",
"2551","22b77d7829c68dcd","E2:1F:7B:35:CC:08","16.25","0","0.48828125","0","160","2022-05-14T06:55:00.000Z","1652511300",
"2551","22b77d7829c68dcd","E2:1F:7B:35:CC:08","10","0","0.48828125","0","160","2022-05-14T06:56:00.000Z","1652511360",
"2551","22b77d7829c68dcd","E2:1F:7B:35:CC:08","12.5","0","0.48828125","0","160","2022-05-14T06:57:00.000Z","1652511420",
"2551","22b77d7829c68dcd","E2:1F:7B:35:CC:08","20","2","0.48828125","0","160","2022-05-14T06:58:00.000Z","1652511480",
"2551","22b77d7829c68dcd","E2:1F:7B:35:CC:08","11.25","0","0.48828125","0","160","2022-05-14T06:59:00.000Z","1652511540",
"2551","22b77d7829c68dcd","E2:1F:7B:35:CC:08","13.75","0","0.4734848484848485","0","160","2022-05-14T07:00:00.000Z","1652511600",
"2551","22b77d7829c68dcd","E2:1F:7B:35:CC:08","12.5","0","0.4734848484848485","0","160","2022-05-14T07:01:00.000Z","1652511660",
"2551","22b77d7829c68dcd","E2:1F:7B:35:CC:08","12.5","0","0.4734848484848485","0","160","2022-05-14T07:02:00.000Z","1652511720",
"2551","22b77d7829c68dcd","E2:1F:7B:35:CC:08","17.5","0","0.48828125","0","160","2022-05-14T07:03:00.000Z","1652511780",
"2551","22b77d7829c68dcd","E2:1F:7B:35:CC:08","15","0","0.4734848484848485","0","160","2022-05-14T07:04:00.000Z","1652511840",
"2551","22b77d7829c68dcd","E2:1F:7B:35:CC:08","18.75","1","0.48828125","0","160","2022-05-14T07:05:00.000Z","1652511900",
"2551","22b77d7829c68dcd","E2:1F:7B:35:CC:08","20","0","0.38109756097560976","0","160","2022-05-14T07:06:00.000Z","1652511960",
"2551","22b77d7829c68dcd","E2:1F:7B:35:CC:08","18.75","1","0.4734848484848485","0","160","2022-05-14T07:07:00.000Z","1652512020",
"2551","22b77d7829c68dcd","E2:1F:7B:35:CC:08","26.25","2","0.5387931034482759","0","160","2022-05-14T07:08:00.000Z","1652512080",
"2551","22b77d7829c68dcd","E2:1F:7B:35:CC:08","21.25","0","0.5040322580645161","0","160","2022-05-14T07:09:00.000Z","1652512140",
"2551","22b77d7829c68dcd","E2:1F:7B:35:CC:08","11.25","0","0.5208333333333334","0","160","2022-05-14T07:10:00.000Z","1652512200",
"2551","22b77d7829c68dcd","E2:1F:7B:35:CC:08","5","0","0.5387931034482759","0","160","2022-05-14T07:11:00.000Z","1652512260",
"2551","22b77d7829c68dcd","E2:1F:7B:35:CC:08","3.75","0","0.5387931034482759","0","160","2022-05-14T07:12:00.000Z","1652512320",
"2551","22b77d7829c68dcd","E2:1F:7B:35:CC:08","2.5","0","0.5580357142857143","0","160","2022-05-14T07:13:00.000Z","1652512380",
"2551","22b77d7829c68dcd","E2:1F:7B:35:CC:08","8.75","0","0.4340277777777778","0","160","2022-05-14T07:14:00.000Z","1652512440",
"2551","22b77d7829c68dcd","E2:1F:7B:35:CC:08","13.75","0","0.4734848484848485","1","160","2022-05-14T07:15:00.000Z","1652512500",
"2551","22b77d7829c68dcd","E2:1F:7B:35:CC:08","8.75","0","0.4734848484848485","0","160","2022-05-14T07:16:00.000Z","1652512560",
"2551","22b77d7829c68dcd","E2:1F:7B:35:CC:08","6.25","0","0.4734848484848485","0","160","2022-05-14T07:17:00.000Z","1652512620",
"2551","22b77d7829c68dcd","E2:1F:7B:35:CC:08","7.5","0","0.45955882352941174","0","160","2022-05-14T07:18:00.000Z","1652512680",
"2551","22b77d7829c68dcd","E2:1F:7B:35:CC:08","12.5","0","0.44642857142857145","0","160","2022-05-14T07:19:00.000Z","1652512740",
"2551","22b77d7829c68dcd","E2:1F:7B:35:CC:08","15","1","0.2840909090909091","0","160","2022-05-14T07:20:00.000Z","1652512800",
"2551","22b77d7829c68dcd","E2:1F:7B:35:CC:08","31.25","4","0.31887755102040816","0","160","2022-05-14T07:21:00.000Z","1652512860",
"2551","22b77d7829c68dcd","E2:1F:7B:35:CC:08","20","1","0.3324468085106383","0","160","2022-05-14T07:22:00.000Z","1652512920",
"2551","22b77d7829c68dcd","E2:1F:7B:35:CC:08","37.5","3","0.2332089552238806","0","160","2022-05-14T07:23:00.000Z","1652512980",
"2551","22b77d7829c68dcd","E2:1F:7B:35:CC:08","86.25","11","0.37202380952380953","0","160","2022-05-14T07:24:00.000Z","1652513040",
"2551","22b77d7829c68dcd","E2:1F:7B:35:CC:08","76.25","2","0.37202380952380953","0","160","2022-05-14T07:25:00.000Z","1652513100",
"2551","22b77d7829c68dcd","E2:1F:7B:35:CC:08","62.5","2","0.40064102564102566","0","160","2022-05-14T07:26:00.000Z","1652513160",
"2551","22b77d7829c68dcd","E2:1F:7B:35:CC:08","47.5","2","0.41118421052631576","0","160","2022-05-14T07:27:00.000Z","1652513220",
"2551","22b77d7829c68dcd","E2:1F:7B:35:CC:08","31.25","0","0.40064102564102566","0","160","2022-05-14T07:28:00.000Z","1652513280",
"2551","22b77d7829c68dcd","E2:1F:7B:35:CC:08","20","0","0.390625","0","160","2022-05-14T07:29:00.000Z","1652513340",
"2551","22b77d7829c68dcd","E2:1F:7B:35:CC:08","16.25","0","0.37202380952380953","0","160","2022-05-14T07:30:00.000Z","1652513400",
"2551","22b77d7829c68dcd","E2:1F:7B:35:CC:08","31.25","3","0.4340277777777778","0","160","2022-05-14T07:31:00.000Z","1652513460",
"2551","22b77d7829c68dcd","E2:1F:7B:35:CC:08","58.75","3","0.37202380952380953","1","160","2022-05-14T07:32:00.000Z","1652513520",
"2551","22b77d7829c68dcd","E2:1F:7B:35:CC:08","45","1","0.41118421052631576","0","160","2022-05-14T07:33:00.000Z","1652513580",
"2551","22b77d7829c68dcd","E2:1F:7B:35:CC:08","25","0","0.41118421052631576","0","160","2022-05-14T07:34:00.000Z","1652513640",
"2551","22b77d7829c68dcd","E2:1F:7B:35:CC:08","50","5","0.41118421052631576","0","160","2022-05-14T07:35:00.000Z","1652513700",
"2551","22b77d7829c68dcd","E2:1F:7B:35:CC:08","65","8","0.5387931034482759","1","160","2022-05-14T07:36:00.000Z","1652513760",
"2551","22b77d7829c68dcd","E2:1F:7B:35:CC:08","68.75","10","0.6009615384615384","0","160","2022-05-14T07:37:00.000Z","1652513820",
"2551","22b77d7829c68dcd","E2:1F:7B:35:CC:08","77.5","5","0.390625","1","160","2022-05-14T07:38:00.000Z","1652513880",
"2551","22b77d7829c68dcd","E2:1F:7B:35:CC:08","88.19875776397515","7","0.390625","0","161","2022-05-14T07:43:00.000Z","1652514180",
"2551","22b77d7829c68dcd","E2:1F:7B:35:CC:08","47.20496894409938","0","0.37202380952380953","0","161","2022-05-14T07:44:00.000Z","1652514240",
"2551","22b77d7829c68dcd","E2:1F:7B:35:CC:08","21.11801242236025","0","0.35511363636363635","0","161","2022-05-14T07:45:00.000Z","1652514300",
"2551","22b77d7829c68dcd","E2:1F:7B:35:CC:08","23.60248447204969","0","0.3472222222222222","0","161","2022-05-14T07:46:00.000Z","1652514360",
"2551","22b77d7829c68dcd","E2:1F:7B:35:CC:08","17.391304347826086","0","0.3125","2","161","2022-05-14T07:47:00.000Z","1652514420",
"2551","22b77d7829c68dcd","E2:1F:7B:35:CC:08","21.11801242236025","1","0.2741228070175439","0","161","2022-05-14T07:48:00.000Z","1652514480",
"2551","22b77d7829c68dcd","E2:1F:7B:35:CC:08","58.38509316770186","7","0.3125","1","161","2022-05-14T07:49:00.000Z","1652514540",
"2551","22b77d7829c68dcd","E2:1F:7B:35:CC:08","52.17391304347826","3","0.37202380952380953","0","161","2022-05-14T07:50:00.000Z","1652514600",
"2551","22b77d7829c68dcd","E2:1F:7B:35:CC:08","31.055900621118013","0","0.41118421052631576","0","161","2022-05-14T07:51:00.000Z","1652514660",
"2551","22b77d7829c68dcd","E2:1F:7B:35:CC:08","16.149068322981368","0","0.4340277777777778","0","161","2022-05-14T07:52:00.000Z","1652514720",
"2551","22b77d7829c68dcd","E2:1F:7B:35:CC:08","8.695652173913043","0","0.44642857142857145","0","161","2022-05-14T07:53:00.000Z","1652514780",
"2551","22b77d7829c68dcd","E2:1F:7B:35:CC:08","6.211180124223603","0","0.45955882352941174","0","161","2022-05-14T07:54:00.000Z","1652514840",
"2551","22b77d7829c68dcd","E2:1F:7B:35:CC:08","7.453416149068323","0","0.4340277777777778","0","161","2022-05-14T07:55:00.000Z","1652514900",
"2551","22b77d7829c68dcd","E2:1F:7B:35:CC:08","24.84472049689441","3","0.48828125","0","161","2022-05-14T07:56:00.000Z","1652514960",
"2551","22b77d7829c68dcd","E2:1F:7B:35:CC:08","13.664596273291925","0","0.48828125","0","161","2022-05-14T07:57:00.000Z","1652515020",
"2551","22b77d7829c68dcd","E2:1F:7B:35:CC:08","4.968944099378882","0","0.48828125","0","161","2022-05-14T07:58:00.000Z","1652515080",
"2551","22b77d7829c68dcd","E2:1F:7B:35:CC:08","13.664596273291925","0","0.45955882352941174","0","161","2022-05-14T07:59:00.000Z","1652515140",
"2551","22b77d7829c68dcd","E2:1F:7B:35:CC:08","14.906832298136646","0","0.35511363636363635","1","161","2022-05-14T08:00:00.000Z","1652515200",
"2551","22b77d7829c68dcd","E2:1F:7B:35:CC:08","16.149068322981368","3","0.3255208333333333","1","161","2022-05-14T08:01:00.000Z","1652515260",
"2551","22b77d7829c68dcd","E2:1F:7B:35:CC:08","31.055900621118013","5","0.37202380952380953","2","161","2022-05-14T08:02:00.000Z","1652515320",
"2551","22b77d7829c68dcd","E2:1F:7B:35:CC:08","57.142857142857146","11","0.5040322580645161","21","161","2022-05-14T08:03:00.000Z","1652515380",
"2551","22b77d7829c68dcd","E2:1F:7B:35:CC:08","60.869565217391305","3","0.48828125","5","161","2022-05-14T08:04:00.000Z","1652515440",
"2551","22b77d7829c68dcd","E2:1F:7B:35:CC:08","62.11180124223603","5","0.5040322580645161","11","161","2022-05-14T08:05:00.000Z","1652515500",
"2551","22b77d7829c68dcd","E2:1F:7B:35:CC:08","62.11180124223603","0","0.22644927536231885","12","161","2022-05-14T08:06:00.000Z","1652515560",
"2551","22b77d7829c68dcd","E2:1F:7B:35:CC:08","74.53416149068323","9","0.2648305084745763","1","161","2022-05-14T08:07:00.000Z","1652515620",
"2551","22b77d7829c68dcd","E2:1F:7B:35:CC:08","73.2919254658385","0","0.21114864864864866","14","161","2022-05-14T08:08:00.000Z","1652515680",
"2551","22b77d7829c68dcd","E2:1F:7B:35:CC:08","72.04968944099379","0","0.125","11","161","2022-05-14T08:09:00.000Z","1652515740",
"2551","22b77d7829c68dcd","E2:1F:7B:35:CC:08","68.32298136645963","8","0.22007042253521128","9","161","2022-05-14T08:10:00.000Z","1652515800",
"2551","22b77d7829c68dcd","E2:1F:7B:35:CC:08","68.32298136645963","0","0.1816860465116279","18","161","2022-05-14T08:11:00.000Z","1652515860",
"2551","22b77d7829c68dcd","E2:1F:7B:35:CC:08","63.35403726708075","0","0.16276041666666666","15","161","2022-05-14T08:12:00.000Z","1652515920",
"2551","22b77d7829c68dcd","E2:1F:7B:35:CC:08","63.35403726708075","0","0.14204545454545456","16","161","2022-05-14T08:13:00.000Z","1652515980",
"2551","22b77d7829c68dcd","E2:1F:7B:35:CC:08","70.80745341614907","6","0.2741228070175439","5","161","2022-05-14T08:14:00.000Z","1652516040",
"2551","22b77d7829c68dcd","E2:1F:7B:35:CC:08","73.2919254658385","0","0.21114864864864866","4","161","2022-05-14T08:15:00.000Z","1652516100",
"2551","22b77d7829c68dcd","E2:1F:7B:35:CC:08","74.53416149068323","0","0.22007042253521128","9","161","2022-05-14T08:16:00.000Z","1652516160",
"2551","22b77d7829c68dcd","E2:1F:7B:35:CC:08","80.74534161490683","3","0.19290123456790123","11","161","2022-05-14T08:17:00.000Z","1652516220",
"2551","22b77d7829c68dcd","E2:1F:7B:35:CC:08","93.16770186335404","3","0.24801587301587302","4","161","2022-05-14T08:18:00.000Z","1652516280",
"2551","22b77d7829c68dcd","E2:1F:7B:35:CC:08","88.19875776397515","0","0.15943877551020408","1","161","2022-05-14T08:19:00.000Z","1652516340",
"2551","22b77d7829c68dcd","E2:1F:7B:35:CC:08","86.95652173913044","5","0.1736111111111111","0","161","2022-05-14T08:20:00.000Z","1652516400",
"2551","22b77d7829c68dcd","E2:1F:7B:35:CC:08","85.71428571428571","12","0.35511363636363635","1","161","2022-05-14T08:21:00.000Z","1652516460",
"2551","22b77d7829c68dcd","E2:1F:7B:35:CC:08","62.11180124223603","2","0.2840909090909091","1","161","2022-05-14T08:22:00.000Z","1652516520",
"2551","22b77d7829c68dcd","E2:1F:7B:35:CC:08","55.900621118012424","6","0.15782828282828282","4","161","2022-05-14T08:23:00.000Z","1652516580",
"2551","22b77d7829c68dcd","E2:1F:7B:35:CC:08","53.41614906832298","0","0.1547029702970297","5","161","2022-05-14T08:24:00.000Z","1652516640",
"2551","22b77d7829c68dcd","E2:1F:7B:35:CC:08","55.900621118012424","4","0.31887755102040816","1","161","2022-05-14T08:25:00.000Z","1652516700",
"2551","22b77d7829c68dcd","E2:1F:7B:35:CC:08","55.900621118012424","0","0.1736111111111111","8","161","2022-05-14T08:26:00.000Z","1652516760",
"2551","22b77d7829c68dcd","E2:1F:7B:35:CC:08","57.142857142857146","7","0.19778481012658228","8","161","2022-05-14T08:27:00.000Z","1652516820",
"2551","22b77d7829c68dcd","E2:1F:7B:35:CC:08","74.53416149068323","6","0.3255208333333333","15","161","2022-05-14T08:28:00.000Z","1652516880",
"2551","22b77d7829c68dcd","E2:1F:7B:35:CC:08","72.04968944099379","5","0.3472222222222222","16","161","2022-05-14T08:29:00.000Z","1652516940",
"2551","22b77d7829c68dcd","E2:1F:7B:35:CC:08","86.95652173913044","6","0.294811320754717","12","161","2022-05-14T08:30:00.000Z","1652517000",
"2551","22b77d7829c68dcd","E2:1F:7B:35:CC:08","83.22981366459628","5","0.2840909090909091","9","161","2022-05-14T08:31:00.000Z","1652517060",
"2551","22b77d7829c68dcd","E2:1F:7B:35:CC:08","77.01863354037268","0","0.21114864864864866","25","161","2022-05-14T08:32:00.000Z","1652517120",
"2551","22b77d7829c68dcd","E2:1F:7B:35:CC:08","65.83850931677019","2","0.3004807692307692","2","161","2022-05-14T08:33:00.000Z","1652517180",
"2551","22b77d7829c68dcd","E2:1F:7B:35:CC:08","67.0807453416149","5","0.21114864864864866","4","161","2022-05-14T08:34:00.000Z","1652517240",
"2551","22b77d7829c68dcd","E2:1F:7B:35:CC:08","63.35403726708075","3","0.21404109589041095","2","161","2022-05-14T08:35:00.000Z","1652517300",
"2551","22b77d7829c68dcd","E2:1F:7B:35:CC:08","40.993788819875775","0","0.20833333333333334","2","161","2022-05-14T08:36:00.000Z","1652517360",
"2551","22b77d7829c68dcd","E2:1F:7B:35:CC:08","33.54037267080745","0","0.20559210526315788","1","161","2022-05-14T08:37:00.000Z","1652517420",
"2551","22b77d7829c68dcd","E2:1F:7B:35:CC:08","32.298136645962735","18","0.21404109589041095","5","161","2022-05-14T08:38:00.000Z","1652517480",
"2551","22b77d7829c68dcd","E2:1F:7B:35:CC:08","34.78260869565217","18","0.244140625","14","161","2022-05-14T08:39:00.000Z","1652517540",
"2551","22b77d7829c68dcd","E2:1F:7B:35:CC:08","40.993788819875775","8","0.20833333333333334","1","161","2022-05-14T08:40:00.000Z","1652517600",
"2551","22b77d7829c68dcd","E2:1F:7B:35:CC:08","58.38509316770186","5","0.22321428571428573","1","161","2022-05-14T08:41:00.000Z","1652517660",
"2551","22b77d7829c68dcd","E2:1F:7B:35:CC:08","64.59627329192547","7","0.2604166666666667","2","161","2022-05-14T08:42:00.000Z","1652517720",
"2551","22b77d7829c68dcd","E2:1F:7B:35:CC:08","72.04968944099379","6","0.390625","4","161","2022-05-14T08:43:00.000Z","1652517780",
"2551","22b77d7829c68dcd","E2:1F:7B:35:CC:08","62.11180124223603","4","0.38109756097560976","2","161","2022-05-14T08:44:00.000Z","1652517840",
"2551","22b77d7829c68dcd","E2:1F:7B:35:CC:08","80.74534161490683","6","0.44642857142857145","2","161","2022-05-14T08:45:00.000Z","1652517900",
"2551","22b77d7829c68dcd","E2:1F:7B:35:CC:08","64.59627329192547","6","0.4222972972972973","0","161","2022-05-14T08:46:00.000Z","1652517960",
"2551","22b77d7829c68dcd","E2:1F:7B:35:CC:08","60.869565217391305","5","0.4734848484848485","5","161","2022-05-14T08:47:00.000Z","1652518020",
"2551","22b77d7829c68dcd","E2:1F:7B:35:CC:08","64.59627329192547","4","0.48828125","8","161","2022-05-14T08:48:00.000Z","1652518080",
"2551","22b77d7829c68dcd","E2:1F:7B:35:CC:08","44.72049689440994","2","0.5040322580645161","5","161","2022-05-14T08:49:00.000Z","1652518140",
"2551","22b77d7829c68dcd","E2:1F:7B:35:CC:08","24.84472049689441","3","0.3324468085106383","4","161","2022-05-14T08:50:00.000Z","1652518200",
"2551","22b77d7829c68dcd","E2:1F:7B:35:CC:08","33.54037267080745","6","0.4222972972972973","0","161","2022-05-14T08:51:00.000Z","1652518260",
"2551","22b77d7829c68dcd","E2:1F:7B:35:CC:08","50.93167701863354","5","0.5787037037037037","4","161","2022-05-14T08:52:00.000Z","1652518320",
"2551","22b77d7829c68dcd","E2:1F:7B:35:CC:08","62.11180124223603","3","0.4340277777777778","1","161","2022-05-14T08:53:00.000Z","1652518380",
"2551","22b77d7829c68dcd","E2:1F:7B:35:CC:08","86.95652173913044","7","0.4734848484848485","2","161","2022-05-14T08:54:00.000Z","1652518440",
"2551","22b77d7829c68dcd","E2:1F:7B:35:CC:08","95.65217391304348","4","0.41118421052631576","7","161","2022-05-14T08:55:00.000Z","1652518500",
"2551","22b77d7829c68dcd","E2:1F:7B:35:CC:08","95.65217391304348","0","0.23674242424242425","7","161","2022-05-14T08:56:00.000Z","1652518560",
"2551","22b77d7829c68dcd","E2:1F:7B:35:CC:08","95.65217391304348","0","0.13020833333333334","5","161","2022-05-14T08:57:00.000Z","1652518620",
"2551","22b77d7829c68dcd","E2:1F:7B:35:CC:08","100","0","0.244140625","21","161","2022-05-14T08:58:00.000Z","1652518680",
"2551","22b77d7829c68dcd","E2:1F:7B:35:CC:08","100","3","0.3324468085106383","14","161","2022-05-14T08:59:00.000Z","1652518740",
"2551","22b77d7829c68dcd","E2:1F:7B:35:CC:08","100","6","0.48828125","2","161","2022-05-14T09:00:00.000Z","1652518800",
"2551","22b77d7829c68dcd","E2:1F:7B:35:CC:08","100","5","0.5787037037037037","2","161","2022-05-14T09:01:00.000Z","1652518860",
"2551","22b77d7829c68dcd","E2:1F:7B:35:CC:08","67.0807453416149","4","0.5787037037037037","0","161","2022-05-14T09:02:00.000Z","1652518920",
"2551","22b77d7829c68dcd","E2:1F:7B:35:CC:08","60.869565217391305","8","0.5387931034482759","9","161","2022-05-14T09:03:00.000Z","1652518980",
"2551","22b77d7829c68dcd","E2:1F:7B:35:CC:08","74.53416149068323","8","0.5580357142857143","16","161","2022-05-14T09:04:00.000Z","1652519040",
"2551","22b77d7829c68dcd","E2:1F:7B:35:CC:08","69.56521739130434","5","0.625","4","161","2022-05-14T09:05:00.000Z","1652519100",
"2551","22b77d7829c68dcd","E2:1F:7B:35:CC:08","64.59627329192547","0","0.33967391304347827","8","161","2022-05-14T09:06:00.000Z","1652519160",
"2551","22b77d7829c68dcd","E2:1F:7B:35:CC:08","58.38509316770186","1","0.390625","2","161","2022-05-14T09:07:00.000Z","1652519220",
"2551","22b77d7829c68dcd","E2:1F:7B:35:CC:08","58.38509316770186","0","0.28935185185185186","1","161","2022-05-14T09:08:00.000Z","1652519280",
"2551","22b77d7829c68dcd","E2:1F:7B:35:CC:08","60.869565217391305","0","0.48828125","15","161","2022-05-14T09:09:00.000Z","1652519340",
"2551","22b77d7829c68dcd","E2:1F:7B:35:CC:08","64.59627329192547","0","0.6793478260869565","8","161","2022-05-14T09:10:00.000Z","1652519400",
"2551","22b77d7829c68dcd","E2:1F:7B:35:CC:08","63.35403726708075","0","0.44642857142857145","12","161","2022-05-14T09:11:00.000Z","1652519460",
"2551","22b77d7829c68dcd","E2:1F:7B:35:CC:08","64.59627329192547","7","0.45955882352941174","1","161","2022-05-14T09:12:00.000Z","1652519520",
"2551","22b77d7829c68dcd","E2:1F:7B:35:CC:08","65.83850931677019","6","0.44642857142857145","2","161","2022-05-14T09:13:00.000Z","1652519580",
"2551","22b77d7829c68dcd","E2:1F:7B:35:CC:08","58.38509316770186","4","0.8223684210526315","1","161","2022-05-14T09:14:00.000Z","1652519640",
"2551","22b77d7829c68dcd","E2:1F:7B:35:CC:08","45.962732919254655","2","0.9191176470588235","0","161","2022-05-14T09:15:00.000Z","1652519700",
"2551","22b77d7829c68dcd","E2:1F:7B:35:CC:08","26.08695652173913","0","0.8223684210526315","2","161","2022-05-14T09:16:00.000Z","1652519760",
"2551","22b77d7829c68dcd","E2:1F:7B:35:CC:08","22.36024844720497","3","0.6793478260869565","2","161","2022-05-14T09:17:00.000Z","1652519820",
"2551","22b77d7829c68dcd","E2:1F:7B:35:CC:08","32.298136645962735","3","0.625","0","161","2022-05-14T09:18:00.000Z","1652519880",
"2551","22b77d7829c68dcd","E2:1F:7B:35:CC:08","31.055900621118013","0","0.5580357142857143","2","161","2022-05-14T09:19:00.000Z","1652519940",
"2551","22b77d7829c68dcd","E2:1F:7B:35:CC:08","34.78260869565217","3","0.7440476190476191","1","161","2022-05-14T09:20:00.000Z","1652520000",
"2551","22b77d7829c68dcd","E2:1F:7B:35:CC:08","39.75155279503105","0","0.7102272727272727","1","161","2022-05-14T09:21:00.000Z","1652520060",
"2551","22b77d7829c68dcd","E2:1F:7B:35:CC:08","40.993788819875775","1","0.625","5","161","2022-05-14T09:22:00.000Z","1652520120",
"2551","22b77d7829c68dcd","E2:1F:7B:35:CC:08","40.993788819875775","3","0.7102272727272727","2","161","2022-05-14T09:23:00.000Z","1652520180",
"2551","22b77d7829c68dcd","E2:1F:7B:35:CC:08","29.81366459627329","2","0.7102272727272727","0","161","2022-05-14T09:24:00.000Z","1652520240",
"2551","22b77d7829c68dcd","E2:1F:7B:35:CC:08","44.72049689440994","1","0.6510416666666666","0","161","2022-05-14T09:25:00.000Z","1652520300",
"2551","22b77d7829c68dcd","E2:1F:7B:35:CC:08","63.35403726708075","2","0.4734848484848485","1","161","2022-05-14T09:26:00.000Z","1652520360",
"2551","22b77d7829c68dcd","E2:1F:7B:35:CC:08","69.56521739130434","7","0.38109756097560976","1","161","2022-05-14T09:27:00.000Z","1652520420",
"2551","22b77d7829c68dcd","E2:1F:7B:35:CC:08","81.98757763975155","6","0.40064102564102566","8","161","2022-05-14T09:28:00.000Z","1652520480",
"2551","22b77d7829c68dcd","E2:1F:7B:35:CC:08","75.77639751552795","7","0.5580357142857143","7","161","2022-05-14T09:29:00.000Z","1652520540",
"2551","22b77d7829c68dcd","E2:1F:7B:35:CC:08","77.01863354037268","3","0.390625","4","161","2022-05-14T09:30:00.000Z","1652520600",
"2551","22b77d7829c68dcd","E2:1F:7B:35:CC:08","78.26086956521739","0","0.2604166666666667","11","161","2022-05-14T09:31:00.000Z","1652520660",
"2551","22b77d7829c68dcd","E2:1F:7B:35:CC:08","73.2919254658385","5","0.31887755102040816","5","161","2022-05-14T09:32:00.000Z","1652520720",
"2551","22b77d7829c68dcd","E2:1F:7B:35:CC:08","79.5031055900621","10","0.12400793650793651","5","161","2022-05-14T09:33:00.000Z","1652520780",
"2551","22b77d7829c68dcd","E2:1F:7B:35:CC:08","88.19875776397515","0","0.390625","0","161","2022-05-14T09:34:00.000Z","1652520840",
"2551","22b77d7829c68dcd","E2:1F:7B:35:CC:08","100","5","0.4222972972972973","1","161","2022-05-14T09:35:00.000Z","1652520900",
"2551","22b77d7829c68dcd","E2:1F:7B:35:CC:08","69.56521739130434","1","0.3633720930232558","0","161","2022-05-14T09:36:00.000Z","1652520960",
"2551","22b77d7829c68dcd","E2:1F:7B:35:CC:08","74.53416149068323","10","0.3255208333333333","0","161","2022-05-14T09:37:00.000Z","1652521020",
"2551","22b77d7829c68dcd","E2:1F:7B:35:CC:08","100","10","0.4222972972972973","0","161","2022-05-14T09:38:00.000Z","1652521080",
"2551","22b77d7829c68dcd","E2:1F:7B:35:CC:08","100","9","0.38109756097560976","0","161","2022-05-14T09:39:00.000Z","1652521140",
"2551","22b77d7829c68dcd","E2:1F:7B:35:CC:08","100","0","0.19290123456790123","2","161","2022-05-14T09:40:00.000Z","1652521200",
"2551","22b77d7829c68dcd","E2:1F:7B:35:CC:08","98.13664596273291","4","0.18825301204819278","4","161","2022-05-14T09:41:00.000Z","1652521260",
"2551","22b77d7829c68dcd","E2:1F:7B:35:CC:08","100","6","0.3472222222222222","1","161","2022-05-14T09:42:00.000Z","1652521320",
"2551","22b77d7829c68dcd","E2:1F:7B:35:CC:08","100","10","0.33967391304347827","4","161","2022-05-14T09:43:00.000Z","1652521380",
"2551","22b77d7829c68dcd","E2:1F:7B:35:CC:08","80.74534161490683","3","0.23674242424242425","0","161","2022-05-14T09:46:00.000Z","1652521560",
"2551","22b77d7829c68dcd","E2:1F:7B:35:CC:08","71.60493827160494","8","0.18825301204819278","0","162","2022-05-14T09:48:00.000Z","1652521680",
"2551","22b77d7829c68dcd","E2:1F:7B:35:CC:08","66.66666666666667","3","3.90625","15","162","2022-05-14T09:49:00.000Z","1652521740",
"2551","22b77d7829c68dcd","E2:1F:7B:35:CC:08","61.72839506172839","3","5.208333333333333","4","162","2022-05-14T09:50:00.000Z","1652521800",
"2551","22b77d7829c68dcd","E2:1F:7B:35:CC:08","55.55555555555556","3","3.125","0","162","2022-05-14T09:51:00.000Z","1652521860",
"2551","22b77d7829c68dcd","E2:1F:7B:35:CC:08","60.49382716049383","0","2.232142857142857","1","162","2022-05-14T09:52:00.000Z","1652521920",
"2551","22b77d7829c68dcd","E2:1F:7B:35:CC:08","60.49382716049383","0","1.7361111111111112","0","162","2022-05-14T09:53:00.000Z","1652521980",
"2551","22b77d7829c68dcd","E2:1F:7B:35:CC:08","65.4320987654321","3","1.5625","0","162","2022-05-14T09:54:00.000Z","1652522040",
"2551","22b77d7829c68dcd","E2:1F:7B:35:CC:08","80.24691358024691","4","1.3020833333333333","1","162","2022-05-14T09:55:00.000Z","1652522100",
"2551","22b77d7829c68dcd","E2:1F:7B:35:CC:08","85.18518518518519","1","1.0416666666666667","1","162","2022-05-14T09:56:00.000Z","1652522160",
"2551","22b77d7829c68dcd","E2:1F:7B:35:CC:08","76.54320987654322","1","0.8680555555555556","0","162","2022-05-14T09:57:00.000Z","1652522220",
"2551","22b77d7829c68dcd","E2:1F:7B:35:CC:08","67.90123456790124","5","0.7102272727272727","7","162","2022-05-14T09:58:00.000Z","1652522280",
"2551","22b77d7829c68dcd","E2:1F:7B:35:CC:08","60.49382716049383","6","0.8680555555555556","0","162","2022-05-14T09:59:00.000Z","1652522340",
"2551","22b77d7829c68dcd","E2:1F:7B:35:CC:08","65.4320987654321","4","0.6510416666666666","9","162","2022-05-14T10:00:00.000Z","1652522400",
"2551","22b77d7829c68dcd","E2:1F:7B:35:CC:08","49.382716049382715","0","0.5580357142857143","0","162","2022-05-14T10:01:00.000Z","1652522460",
"2551","22b77d7829c68dcd","E2:1F:7B:35:CC:08","41.97530864197531","0","0.5040322580645161","1","162","2022-05-14T10:02:00.000Z","1652522520",
"2551","22b77d7829c68dcd","E2:1F:7B:35:CC:08","38.27160493827161","3","0.5208333333333334","1","162","2022-05-14T10:03:00.000Z","1652522580",
"2551","22b77d7829c68dcd","E2:1F:7B:35:CC:08","45.67901234567901","6","0.5387931034482759","4","162","2022-05-14T10:04:00.000Z","1652522640",
"2551","22b77d7829c68dcd","E2:1F:7B:35:CC:08","51.851851851851855","5","0.7102272727272727","1","162","2022-05-14T10:05:00.000Z","1652522700",
"2551","22b77d7829c68dcd","E2:1F:7B:35:CC:08","27.160493827160494","0","0.7440476190476191","0","162","2022-05-14T10:06:00.000Z","1652522760",
"2551","22b77d7829c68dcd","E2:1F:7B:35:CC:08","17.28395061728395","0","0.4734848484848485","0","162","2022-05-14T10:07:00.000Z","1652522820",
"2551","22b77d7829c68dcd","E2:1F:7B:35:CC:08","22.22222222222222","2","0.6009615384615384","1","162","2022-05-14T10:08:00.000Z","1652522880",
"2551","22b77d7829c68dcd","E2:1F:7B:35:CC:08","25.925925925925927","0","0.5387931034482759","4","162","2022-05-14T10:09:00.000Z","1652522940",
"2551","22b77d7829c68dcd","E2:1F:7B:35:CC:08","29.62962962962963","2","0.6510416666666666","8","162","2022-05-14T10:10:00.000Z","1652523000",
"2551","22b77d7829c68dcd","E2:1F:7B:35:CC:08","38.27160493827161","5","0.6793478260869565","14","162","2022-05-14T10:11:00.000Z","1652523060",
"2551","22b77d7829c68dcd","E2:1F:7B:35:CC:08","44.44444444444444","4","0.6793478260869565","8","162","2022-05-14T10:12:00.000Z","1652523120",
"2551","22b77d7829c68dcd","E2:1F:7B:35:CC:08","40.74074074074074","1","0.48828125","2","162","2022-05-14T10:13:00.000Z","1652523180",
"2551","22b77d7829c68dcd","E2:1F:7B:35:CC:08","38.27160493827161","8","0.6009615384615384","2","162","2022-05-14T10:14:00.000Z","1652523240",
"2551","22b77d7829c68dcd","E2:1F:7B:35:CC:08","38.27160493827161","3","0.625","1","162","2022-05-14T10:15:00.000Z","1652523300",
"2551","22b77d7829c68dcd","E2:1F:7B:35:CC:08","41.97530864197531","5","0.6009615384615384","1","162","2022-05-14T10:16:00.000Z","1652523360",
"2551","22b77d7829c68dcd","E2:1F:7B:35:CC:08","43.20987654320987","0","0.7440476190476191","12","162","2022-05-14T10:17:00.000Z","1652523420",
"2551","22b77d7829c68dcd","E2:1F:7B:35:CC:08","50.617283950617285","4","0.5787037037037037","22","162","2022-05-14T10:18:00.000Z","1652523480",
"2551","22b77d7829c68dcd","E2:1F:7B:35:CC:08","59.25925925925926","8","0.7440476190476191","5","162","2022-05-14T10:19:00.000Z","1652523540",
"2551","22b77d7829c68dcd","E2:1F:7B:35:CC:08","100","8","0.6510416666666666","7","162","2022-05-14T10:20:00.000Z","1652523600",
"2551","22b77d7829c68dcd","E2:1F:7B:35:CC:08","98.76543209876543","3","0.9191176470588235","5","162","2022-05-14T10:21:00.000Z","1652523660",
"2551","22b77d7829c68dcd","E2:1F:7B:35:CC:08","95.06172839506173","8","0.8223684210526315","18","162","2022-05-14T10:22:00.000Z","1652523720",
"2551","22b77d7829c68dcd","E2:1F:7B:35:CC:08","79.01234567901234","4","0.8223684210526315","7","162","2022-05-14T10:23:00.000Z","1652523780",
"2551","22b77d7829c68dcd","E2:1F:7B:35:CC:08","100","6","0.5787037037037037","9","162","2022-05-14T10:24:00.000Z","1652523840",
"2551","22b77d7829c68dcd","E2:1F:7B:35:CC:08","100","0","0.16801075268817203","8","162","2022-05-14T10:25:00.000Z","1652523900",
"2551","22b77d7829c68dcd","E2:1F:7B:35:CC:08","100","0","0.16276041666666666","0","162","2022-05-14T10:27:00.000Z","1652524020",
"2551","22b77d7829c68dcd","E2:1F:7B:35:CC:08","100","6","0.33967391304347827","2","162","2022-05-14T10:28:00.000Z","1652524080",
"2551","22b77d7829c68dcd","E2:1F:7B:35:CC:08","100","8","0.41118421052631576","0","162","2022-05-14T10:29:00.000Z","1652524140",
"2551","22b77d7829c68dcd","E2:1F:7B:35:CC:08","100","10","0.5787037037037037","1","162","2022-05-14T10:30:00.000Z","1652524200",
"2551","22b77d7829c68dcd","E2:1F:7B:35:CC:08","100","5","0.9765625","1","162","2022-05-14T10:31:00.000Z","1652524260",
"2551","22b77d7829c68dcd","E2:1F:7B:35:CC:08","100","8","0.6793478260869565","7","162","2022-05-14T10:32:00.000Z","1652524320",
"2551","22b77d7829c68dcd","E2:1F:7B:35:CC:08","100","2","0.6793478260869565","12","162","2022-05-14T10:33:00.000Z","1652524380",
"2551","22b77d7829c68dcd","E2:1F:7B:35:CC:08","100","0","0.5208333333333334","8","162","2022-05-14T10:34:00.000Z","1652524440",
"2551","22b77d7829c68dcd","E2:1F:7B:35:CC:08","100","9","0.5040322580645161","5","162","2022-05-14T10:35:00.000Z","1652524500",
"2551","22b77d7829c68dcd","E2:1F:7B:35:CC:08","100","4","0.5787037037037037","0","162","2022-05-14T10:36:00.000Z","1652524560",
"2551","22b77d7829c68dcd","E2:1F:7B:35:CC:08","100","0","0.3324468085106383","7","162","2022-05-14T10:37:00.000Z","1652524620",
"2551","22b77d7829c68dcd","E2:1F:7B:35:CC:08","100","3","0.15318627450980393","4","162","2022-05-14T10:38:00.000Z","1652524680",
"2551","22b77d7829c68dcd","E2:1F:7B:35:CC:08","100","0","0.31887755102040816","15","162","2022-05-14T10:39:00.000Z","1652524740",
"2551","22b77d7829c68dcd","E2:1F:7B:35:CC:08","100","5","0.6793478260869565","7","162","2022-05-14T10:40:00.000Z","1652524800",
"2551","22b77d7829c68dcd","E2:1F:7B:35:CC:08","100","8","0.5787037037037037","2","162","2022-05-14T10:41:00.000Z","1652524860",
"2551","22b77d7829c68dcd","E2:1F:7B:35:CC:08","100","9","0.7102272727272727","16","162","2022-05-14T10:42:00.000Z","1652524920",
"2551","22b77d7829c68dcd","E2:1F:7B:35:CC:08","100","6","0.7440476190476191","1","162","2022-05-14T10:43:00.000Z","1652524980",
"2551","22b77d7829c68dcd","E2:1F:7B:35:CC:08","100","3","0.6009615384615384","12","162","2022-05-14T10:44:00.000Z","1652525040",
"2551","22b77d7829c68dcd","E2:1F:7B:35:CC:08","100","5","0.9765625","5","162","2022-05-14T10:45:00.000Z","1652525100",
"2551","22b77d7829c68dcd","E2:1F:7B:35:CC:08","100","9","0.6009615384615384","1","162","2022-05-14T10:46:00.000Z","1652525160",
"2551","22b77d7829c68dcd","E2:1F:7B:35:CC:08","100","9","0.6510416666666666","11","162","2022-05-14T10:47:00.000Z","1652525220",
"2551","22b77d7829c68dcd","E2:1F:7B:35:CC:08","100","9","1.0416666666666667","2","162","2022-05-14T10:48:00.000Z","1652525280",
"2551","22b77d7829c68dcd","E2:1F:7B:35:CC:08","100","7","0.7102272727272727","0","162","2022-05-14T10:49:00.000Z","1652525340",
"2551","22b77d7829c68dcd","E2:1F:7B:35:CC:08","100","7","0.9765625","1","162","2022-05-14T10:50:00.000Z","1652525400",
"2551","22b77d7829c68dcd","E2:1F:7B:35:CC:08","100","11","0.78125","2","162","2022-05-14T10:51:00.000Z","1652525460",
"2551","22b77d7829c68dcd","E2:1F:7B:35:CC:08","100","6","0.8223684210526315","1","162","2022-05-14T10:52:00.000Z","1652525520",
"2551","22b77d7829c68dcd","E2:1F:7B:35:CC:08","96.29629629629629","7","1.0416666666666667","8","162","2022-05-14T10:53:00.000Z","1652525580",
"2551","22b77d7829c68dcd","E2:1F:7B:35:CC:08","46.91358024691358","1","0.9765625","5","162","2022-05-14T10:54:00.000Z","1652525640",
"2551","22b77d7829c68dcd","E2:1F:7B:35:CC:08","40.74074074074074","2","0.78125","11","162","2022-05-14T10:55:00.000Z","1652525700",
"2551","22b77d7829c68dcd","E2:1F:7B:35:CC:08","41.97530864197531","0","0.7102272727272727","1","162","2022-05-14T10:56:00.000Z","1652525760",
"2551","22b77d7829c68dcd","E2:1F:7B:35:CC:08","64.19753086419753","7","0.9765625","4","162","2022-05-14T10:57:00.000Z","1652525820",
"2551","22b77d7829c68dcd","E2:1F:7B:35:CC:08","54.32098765432099","4","1.1160714285714286","0","162","2022-05-14T10:58:00.000Z","1652525880",
"2551","22b77d7829c68dcd","E2:1F:7B:35:CC:08","38.27160493827161","2","1.1160714285714286","0","162","2022-05-14T10:59:00.000Z","1652525940",
"2551","22b77d7829c68dcd","E2:1F:7B:35:CC:08","41.97530864197531","0","0.9765625","0","162","2022-05-14T11:00:00.000Z","1652526000",
"2551","22b77d7829c68dcd","E2:1F:7B:35:CC:08","50.617283950617285","7","0.9765625","2","162","2022-05-14T11:01:00.000Z","1652526060",
"2551","22b77d7829c68dcd","E2:1F:7B:35:CC:08","61.72839506172839","4","1.1160714285714286","0","162","2022-05-14T11:02:00.000Z","1652526120",
"2551","22b77d7829c68dcd","E2:1F:7B:35:CC:08","81.48148148148148","1","0.1736111111111111","1","162","2022-05-14T11:03:00.000Z","1652526180",
"2551","22b77d7829c68dcd","E2:1F:7B:35:CC:08","100","10","0.37202380952380953","1","162","2022-05-14T11:04:00.000Z","1652526240",
"2551","22b77d7829c68dcd","E2:1F:7B:35:CC:08","100","6","0.5208333333333334","4","162","2022-05-14T11:05:00.000Z","1652526300",
"2551","22b77d7829c68dcd","E2:1F:7B:35:CC:08","69.1358024691358","7","0.5787037037037037","0","162","2022-05-14T11:06:00.000Z","1652526360",
"2551","22b77d7829c68dcd","E2:1F:7B:35:CC:08","32.098765432098766","1","0.625","0","162","2022-05-14T11:07:00.000Z","1652526420",
"2551","22b77d7829c68dcd","E2:1F:7B:35:CC:08","19.753086419753085","0","0.6009615384615384","0","162","2022-05-14T11:08:00.000Z","1652526480",
"2551","22b77d7829c68dcd","E2:1F:7B:35:CC:08","8.641975308641975","0","0.625","0","162","2022-05-14T11:09:00.000Z","1652526540",
"2551","22b77d7829c68dcd","E2:1F:7B:35:CC:08","12.345679012345679","0","0.6510416666666666","0","162","2022-05-14T11:10:00.000Z","1652526600",
"2551","22b77d7829c68dcd","E2:1F:7B:35:CC:08","6.172839506172839","0","0.6793478260869565","0","162","2022-05-14T11:11:00.000Z","1652526660",
"2551","22b77d7829c68dcd","E2:1F:7B:35:CC:08","20.987654320987655","2","0.7440476190476191","2","162","2022-05-14T11:12:00.000Z","1652526720",
"2551","22b77d7829c68dcd","E2:1F:7B:35:CC:08","43.20987654320987","2","0.78125","0","162","2022-05-14T11:13:00.000Z","1652526780",
"2551","22b77d7829c68dcd","E2:1F:7B:35:CC:08","34.5679012345679","1","0.3004807692307692","0","162","2022-05-14T11:14:00.000Z","1652526840",
"2551","22b77d7829c68dcd","E2:1F:7B:35:CC:08","100","8","0.625","0","162","2022-05-14T11:15:00.000Z","1652526900",
"2551","22b77d7829c68dcd","E2:1F:7B:35:CC:08","53.08641975308642","0","0.7102272727272727","0","162","2022-05-14T11:16:00.000Z","1652526960",
"2551","22b77d7829c68dcd","E2:1F:7B:35:CC:08","19.753086419753085","0","0.6793478260869565","0","162","2022-05-14T11:17:00.000Z","1652527020",
"2551","22b77d7829c68dcd","E2:1F:7B:35:CC:08","7.407407407407407","0","0.6793478260869565","0","162","2022-05-14T11:18:00.000Z","1652527080",
"2551","22b77d7829c68dcd","E2:1F:7B:35:CC:08","4.938271604938271","0","0.6793478260869565","0","162","2022-05-14T11:19:00.000Z","1652527140",
"2551","22b77d7829c68dcd","E2:1F:7B:35:CC:08","9.876543209876543","0","0.6793478260869565","0","162","2022-05-14T11:20:00.000Z","1652527200",
"2551","22b77d7829c68dcd","E2:1F:7B:35:CC:08","9.876543209876543","0","0.6793478260869565","0","162","2022-05-14T11:21:00.000Z","1652527260",
"2551","22b77d7829c68dcd","E2:1F:7B:35:CC:08","11.11111111111111","0","0.6510416666666666","0","162","2022-05-14T11:22:00.000Z","1652527320",
"2551","22b77d7829c68dcd","E2:1F:7B:35:CC:08","24.691358024691358","3","0.7102272727272727","1","162","2022-05-14T11:23:00.000Z","1652527380",
"2551","22b77d7829c68dcd","E2:1F:7B:35:CC:08","20.987654320987655","0","0.7102272727272727","2","162","2022-05-14T11:24:00.000Z","1652527440",
"2551","22b77d7829c68dcd","E2:1F:7B:35:CC:08","18.51851851851852","2","0.7102272727272727","15","162","2022-05-14T11:25:00.000Z","1652527500",
"2551","22b77d7829c68dcd","E2:1F:7B:35:CC:08","23.45679012345679","1","0.78125","12","162","2022-05-14T11:26:00.000Z","1652527560",
"2551","22b77d7829c68dcd","E2:1F:7B:35:CC:08","51.851851851851855","5","0.9191176470588235","25","162","2022-05-14T11:27:00.000Z","1652527620",
"2551","22b77d7829c68dcd","E2:1F:7B:35:CC:08","56.79012345679013","5","0.8223684210526315","18","162","2022-05-14T11:28:00.000Z","1652527680",
"2551","22b77d7829c68dcd","E2:1F:7B:35:CC:08","49.382716049382715","3","0.8680555555555556","15","162","2022-05-14T11:29:00.000Z","1652527740",
"2551","22b77d7829c68dcd","E2:1F:7B:35:CC:08","50.617283950617285","3","0.78125","25","162","2022-05-14T11:30:00.000Z","1652527800",
"2551","22b77d7829c68dcd","E2:1F:7B:35:CC:08","69.1358024691358","6","0.8223684210526315","35","162","2022-05-14T11:31:00.000Z","1652527860",
"2551","22b77d7829c68dcd","E2:1F:7B:35:CC:08","67.90123456790124","3","0.78125","12","162","2022-05-14T11:32:00.000Z","1652527920",
"2551","22b77d7829c68dcd","E2:1F:7B:35:CC:08","66.66666666666667","0","0.27901785714285715","8","162","2022-05-14T11:33:00.000Z","1652527980",
"2551","22b77d7829c68dcd","E2:1F:7B:35:CC:08","65.4320987654321","18","0.5040322580645161","9","162","2022-05-14T11:34:00.000Z","1652528040",
"2551","22b77d7829c68dcd","E2:1F:7B:35:CC:08","66.66666666666667","5","0.5580357142857143","9","162","2022-05-14T11:35:00.000Z","1652528100",
"2551","22b77d7829c68dcd","E2:1F:7B:35:CC:08","76.54320987654322","6","0.48828125","5","162","2022-05-14T11:36:00.000Z","1652528160",
"2551","22b77d7829c68dcd","E2:1F:7B:35:CC:08","82.71604938271605","9","0.44642857142857145","1","162","2022-05-14T11:37:00.000Z","1652528220",
"2551","22b77d7829c68dcd","E2:1F:7B:35:CC:08","83.95061728395062","0","0.20292207792207792","25","162","2022-05-14T11:39:00.000Z","1652528340",
"2551","22b77d7829c68dcd","E2:1F:7B:35:CC:08","92.5925925925926","7","0.2840909090909091","18","162","2022-05-14T11:40:00.000Z","1652528400",
"2551","22b77d7829c68dcd","E2:1F:7B:35:CC:08","86.41975308641975","5","0.18601190476190477","23","162","2022-05-14T11:41:00.000Z","1652528460",
"2551","22b77d7829c68dcd","E2:1F:7B:35:CC:08","83.95061728395062","7","0.3633720930232558","25","162","2022-05-14T11:42:00.000Z","1652528520",
"2551","22b77d7829c68dcd","E2:1F:7B:35:CC:08","74.07407407407408","4","0.4222972972972973","2","162","2022-05-14T11:43:00.000Z","1652528580",
"2551","22b77d7829c68dcd","E2:1F:7B:35:CC:08","55.55555555555556","7","0.4734848484848485","29","162","2022-05-14T11:44:00.000Z","1652528640",
"2551","22b77d7829c68dcd","E2:1F:7B:35:CC:08","46.91358024691358","4","0.45955882352941174","12","162","2022-05-14T11:45:00.000Z","1652528700",
"2551","22b77d7829c68dcd","E2:1F:7B:35:CC:08","45.67901234567901","9","0.4340277777777778","8","162","2022-05-14T11:46:00.000Z","1652528760",
"2551","22b77d7829c68dcd","E2:1F:7B:35:CC:08","48.148148148148145","9","0.5040322580645161","16","162","2022-05-14T11:47:00.000Z","1652528820",
"2551","22b77d7829c68dcd","E2:1F:7B:35:CC:08","66.66666666666667","9","0.5580357142857143","7","162","2022-05-14T11:48:00.000Z","1652528880",
"2551","22b77d7829c68dcd","E2:1F:7B:35:CC:08","56.79012345679013","7","0.5787037037037037","5","162","2022-05-14T11:49:00.000Z","1652528940",
"2551","22b77d7829c68dcd","E2:1F:7B:35:CC:08","50.617283950617285","2","0.5580357142857143","9","162","2022-05-14T11:50:00.000Z","1652529000",
"2551","22b77d7829c68dcd","E2:1F:7B:35:CC:08","53.08641975308642","11","0.625","26","162","2022-05-14T11:51:00.000Z","1652529060",
"2551","22b77d7829c68dcd","E2:1F:7B:35:CC:08","49.382716049382715","4","0.6510416666666666","9","162","2022-05-14T11:52:00.000Z","1652529120",
"2551","22b77d7829c68dcd","E2:1F:7B:35:CC:08","48.148148148148145","6","0.6793478260869565","7","162","2022-05-14T11:53:00.000Z","1652529180",
"2551","22b77d7829c68dcd","E2:1F:7B:35:CC:08","67.90123456790124","7","0.7440476190476191","18","162","2022-05-14T11:54:00.000Z","1652529240",
"2551","22b77d7829c68dcd","E2:1F:7B:35:CC:08","67.90123456790124","0","0.5387931034482759","18","162","2022-05-14T11:55:00.000Z","1652529300",
"2551","22b77d7829c68dcd","E2:1F:7B:35:CC:08","61.72839506172839","8","0.7102272727272727","15","162","2022-05-14T11:56:00.000Z","1652529360",
"2551","22b77d7829c68dcd","E2:1F:7B:35:CC:08","62.96296296296296","5","0.2741228070175439","11","162","2022-05-14T11:57:00.000Z","1652529420",
"2551","22b77d7829c68dcd","E2:1F:7B:35:CC:08","74.07407407407408","8","0.38109756097560976","1","162","2022-05-14T11:58:00.000Z","1652529480",
"2551","22b77d7829c68dcd","E2:1F:7B:35:CC:08","60.49382716049383","1","0.44642857142857145","2","162","2022-05-14T11:59:00.000Z","1652529540",
"2551","22b77d7829c68dcd","E2:1F:7B:35:CC:08","62.96296296296296","6","0.4734848484848485","8","162","2022-05-14T12:00:00.000Z","1652529600",
"2551","22b77d7829c68dcd","E2:1F:7B:35:CC:08","92.5925925925926","8","0.6793478260869565","9","162","2022-05-14T12:01:00.000Z","1652529660",
"2551","22b77d7829c68dcd","E2:1F:7B:35:CC:08","65.4320987654321","5","0.7440476190476191","8","162","2022-05-14T12:02:00.000Z","1652529720",
"2551","22b77d7829c68dcd","E2:1F:7B:35:CC:08","65.4320987654321","4","0.8223684210526315","2","162","2022-05-14T12:03:00.000Z","1652529780",
"2551","22b77d7829c68dcd","E2:1F:7B:35:CC:08","66.66666666666667","7","0.5580357142857143","7","162","2022-05-14T12:04:00.000Z","1652529840",
"2551","22b77d7829c68dcd","E2:1F:7B:35:CC:08","100","6","0.625","7","162","2022-05-14T12:05:00.000Z","1652529900",
"2551","22b77d7829c68dcd","E2:1F:7B:35:CC:08","100","8","NULL","21","162","2022-05-14T12:06:00.000Z","1652529960",
"2551","22b77d7829c68dcd","E2:1F:7B:35:CC:08","100","0","3.125","0","162","2022-05-14T12:07:00.000Z","1652530020",
"2551","22b77d7829c68dcd","E2:1F:7B:35:CC:08","100","0","3.125","0","162","2022-05-14T12:08:00.000Z","1652530080",
"2551","22b77d7829c68dcd","E2:1F:7B:35:CC:08","100","4","1.0416666666666667","8","162","2022-05-14T12:09:00.000Z","1652530140",
"2551","22b77d7829c68dcd","E2:1F:7B:35:CC:08","90.12345679012346","1","1.2019230769230769","2","162","2022-05-14T12:10:00.000Z","1652530200",
"2551","22b77d7829c68dcd","E2:1F:7B:35:CC:08","92.5925925925926","2","1.2019230769230769","1","162","2022-05-14T12:11:00.000Z","1652530260",
"2551","22b77d7829c68dcd","E2:1F:7B:35:CC:08","97.53086419753086","8","1.5625","4","162","2022-05-14T12:12:00.000Z","1652530320",
"2551","22b77d7829c68dcd","E2:1F:7B:35:CC:08","71.60493827160494","5","0.8680555555555556","1","162","2022-05-14T12:13:00.000Z","1652530380",
"2551","22b77d7829c68dcd","E2:1F:7B:35:CC:08","77.77777777777777","6","1.3020833333333333","1","162","2022-05-14T12:14:00.000Z","1652530440",
"2551","22b77d7829c68dcd","E2:1F:7B:35:CC:08","49.382716049382715","3","1.5625","0","162","2022-05-14T12:15:00.000Z","1652530500",
"2551","22b77d7829c68dcd","E2:1F:7B:35:CC:08","43.20987654320987","1","1.0416666666666667","1","162","2022-05-14T12:16:00.000Z","1652530560",
"2551","22b77d7829c68dcd","E2:1F:7B:35:CC:08","71.60493827160494","1","1.2019230769230769","2","162","2022-05-14T12:17:00.000Z","1652530620",
"2551","22b77d7829c68dcd","E2:1F:7B:35:CC:08","91.35802469135803","4","1.1160714285714286","2","162","2022-05-14T12:18:00.000Z","1652530680",
"2551","22b77d7829c68dcd","E2:1F:7B:35:CC:08","77.77777777777777","2","1.3020833333333333","8","162","2022-05-14T12:19:00.000Z","1652530740",
"2551","22b77d7829c68dcd","E2:1F:7B:35:CC:08","65.4320987654321","8","1.3020833333333333","0","162","2022-05-14T12:20:00.000Z","1652530800",
"2551","22b77d7829c68dcd","E2:1F:7B:35:CC:08","49.382716049382715","0","1.3020833333333333","11","162","2022-05-14T12:21:00.000Z","1652530860",
"2551","22b77d7829c68dcd","E2:1F:7B:35:CC:08","58.02469135802469","3","1.4204545454545454","9","162","2022-05-14T12:22:00.000Z","1652530920",
"2551","22b77d7829c68dcd","E2:1F:7B:35:CC:08","59.25925925925926","10","1.7361111111111112","4","162","2022-05-14T12:23:00.000Z","1652530980",
"2551","22b77d7829c68dcd","E2:1F:7B:35:CC:08","66.66666666666667","6","1.953125","1","162","2022-05-14T12:24:00.000Z","1652531040",
"2551","22b77d7829c68dcd","E2:1F:7B:35:CC:08","80.24691358024691","7","2.232142857142857","4","162","2022-05-14T12:25:00.000Z","1652531100",
"2551","22b77d7829c68dcd","E2:1F:7B:35:CC:08","82.71604938271605","4","1.4204545454545454","0","162","2022-05-14T12:26:00.000Z","1652531160",
"2551","22b77d7829c68dcd","E2:1F:7B:35:CC:08","72.8395061728395","1","1.4204545454545454","0","162","2022-05-14T12:27:00.000Z","1652531220",
"2551","22b77d7829c68dcd","E2:1F:7B:35:CC:08","60.49382716049383","0","1.3020833333333333","1","162","2022-05-14T12:28:00.000Z","1652531280",
"2551","22b77d7829c68dcd","E2:1F:7B:35:CC:08","35.80246913580247","0","1.2019230769230769","0","162","2022-05-14T12:29:00.000Z","1652531340",
"2551","22b77d7829c68dcd","E2:1F:7B:35:CC:08","66.66666666666667","3","1.3020833333333333","0","162","2022-05-14T12:30:00.000Z","1652531400",
"2551","22b77d7829c68dcd","E2:1F:7B:35:CC:08","53.08641975308642","5","0.9191176470588235","5","162","2022-05-14T12:31:00.000Z","1652531460",
"2551","22b77d7829c68dcd","E2:1F:7B:35:CC:08","53.08641975308642","10","0.9765625","15","162","2022-05-14T12:32:00.000Z","1652531520",
"2551","22b77d7829c68dcd","E2:1F:7B:35:CC:08","56.79012345679013","3","0.9765625","0","162","2022-05-14T12:33:00.000Z","1652531580",
"2551","22b77d7829c68dcd","E2:1F:7B:35:CC:08","69.1358024691358","5","1.2019230769230769","0","162","2022-05-14T12:34:00.000Z","1652531640",
"2551","22b77d7829c68dcd","E2:1F:7B:35:CC:08","65.4320987654321","5","1.5625","4","162","2022-05-14T12:35:00.000Z","1652531700",
"2551","22b77d7829c68dcd","E2:1F:7B:35:CC:08","50.617283950617285","1","1.4204545454545454","4","162","2022-05-14T12:36:00.000Z","1652531760",
"2551","22b77d7829c68dcd","E2:1F:7B:35:CC:08","44.44444444444444","1","1.4204545454545454","1","162","2022-05-14T12:37:00.000Z","1652531820",
"2551","22b77d7829c68dcd","E2:1F:7B:35:CC:08","40.74074074074074","10","1.4204545454545454","2","162","2022-05-14T12:38:00.000Z","1652531880",
"2551","22b77d7829c68dcd","E2:1F:7B:35:CC:08","69.1358024691358","8","1.4204545454545454","7","162","2022-05-14T12:39:00.000Z","1652531940",
"2551","22b77d7829c68dcd","E2:1F:7B:35:CC:08","62.96296296296296","1","1.7361111111111112","2","162","2022-05-14T12:40:00.000Z","1652532000",
"2551","22b77d7829c68dcd","E2:1F:7B:35:CC:08","30.864197530864196","0","1.7361111111111112","0","162","2022-05-14T12:41:00.000Z","1652532060",
"2551","22b77d7829c68dcd","E2:1F:7B:35:CC:08","29.62962962962963","1","1.2019230769230769","1","162","2022-05-14T12:42:00.000Z","1652532120",
"2551","22b77d7829c68dcd","E2:1F:7B:35:CC:08","54.32098765432099","1","1.4204545454545454","0","162","2022-05-14T12:43:00.000Z","1652532180",
"2551","22b77d7829c68dcd","E2:1F:7B:35:CC:08","48.148148148148145","5","1.1160714285714286","7","162","2022-05-14T12:44:00.000Z","1652532240",
"2551","22b77d7829c68dcd","E2:1F:7B:35:CC:08","40.74074074074074","0","0.9765625","0","162","2022-05-14T12:45:00.000Z","1652532300",
"2551","22b77d7829c68dcd","E2:1F:7B:35:CC:08","56.79012345679013","5","1.1160714285714286","2","162","2022-05-14T12:46:00.000Z","1652532360",
"2551","22b77d7829c68dcd","E2:1F:7B:35:CC:08","37.03703703703704","1","0.7440476190476191","0","162","2022-05-14T12:47:00.000Z","1652532420",
"2551","22b77d7829c68dcd","E2:1F:7B:35:CC:08","34.5679012345679","1","0.9191176470588235","0","162","2022-05-14T12:48:00.000Z","1652532480",
"2551","22b77d7829c68dcd","E2:1F:7B:35:CC:08","44.44444444444444","3","1.1160714285714286","0","162","2022-05-14T12:49:00.000Z","1652532540",
"2551","22b77d7829c68dcd","E2:1F:7B:35:CC:08","29.62962962962963","0","1.0416666666666667","0","162","2022-05-14T12:50:00.000Z","1652532600",
"2551","22b77d7829c68dcd","E2:1F:7B:35:CC:08","18.51851851851852","1","1.0416666666666667","0","162","2022-05-14T12:51:00.000Z","1652532660",
"2551","22b77d7829c68dcd","E2:1F:7B:35:CC:08","29.62962962962963","1","1.2019230769230769","0","162","2022-05-14T12:52:00.000Z","1652532720",
"2551","22b77d7829c68dcd","E2:1F:7B:35:CC:08","38.27160493827161","2","1.3020833333333333","0","162","2022-05-14T12:53:00.000Z","1652532780",
"2551","22b77d7829c68dcd","E2:1F:7B:35:CC:08","34.5679012345679","2","1.2019230769230769","0","162","2022-05-14T12:54:00.000Z","1652532840",
"2551","22b77d7829c68dcd","E2:1F:7B:35:CC:08","60.49382716049383","2","0.9765625","4","162","2022-05-14T12:55:00.000Z","1652532900",
"2551","22b77d7829c68dcd","E2:1F:7B:35:CC:08","100","5","1.4204545454545454","0","162","2022-05-14T12:56:00.000Z","1652532960",
"2551","22b77d7829c68dcd","E2:1F:7B:35:CC:08","100","2","0.9765625","2","162","2022-05-14T12:57:00.000Z","1652533020",
"2551","22b77d7829c68dcd","E2:1F:7B:35:CC:08","96.29629629629629","8","0.9765625","1","162","2022-05-14T12:58:00.000Z","1652533080",
"2551","22b77d7829c68dcd","E2:1F:7B:35:CC:08","96.29629629629629","6","1.2019230769230769","11","162","2022-05-14T12:59:00.000Z","1652533140",
"2551","22b77d7829c68dcd","E2:1F:7B:35:CC:08","87.65432098765432","1","1.2019230769230769","5","162","2022-05-14T13:00:00.000Z","1652533200",
"2551","22b77d7829c68dcd","E2:1F:7B:35:CC:08","83.95061728395062","7","1.1160714285714286","5","162","2022-05-14T13:01:00.000Z","1652533260",
"2551","22b77d7829c68dcd","E2:1F:7B:35:CC:08","66.66666666666667","3","1.3020833333333333","2","162","2022-05-14T13:02:00.000Z","1652533320",
"2551","22b77d7829c68dcd","E2:1F:7B:35:CC:08","66.66666666666667","4","0.8680555555555556","1","162","2022-05-14T13:03:00.000Z","1652533380",
"2551","22b77d7829c68dcd","E2:1F:7B:35:CC:08","72.8395061728395","4","1.4204545454545454","1","162","2022-05-14T13:04:00.000Z","1652533440",
"2551","22b77d7829c68dcd","E2:1F:7B:35:CC:08","48.148148148148145","0","1.4204545454545454","0","162","2022-05-14T13:05:00.000Z","1652533500",
"2551","22b77d7829c68dcd","E2:1F:7B:35:CC:08","39.50617283950617","3","1.2019230769230769","2","162","2022-05-14T13:06:00.000Z","1652533560",
"2551","22b77d7829c68dcd","E2:1F:7B:35:CC:08","24.691358024691358","0","1.1160714285714286","0","162","2022-05-14T13:07:00.000Z","1652533620",
"2551","22b77d7829c68dcd","E2:1F:7B:35:CC:08","20.987654320987655","0","1.1160714285714286","1","162","2022-05-14T13:08:00.000Z","1652533680",
"2551","22b77d7829c68dcd","E2:1F:7B:35:CC:08","28.395061728395063","2","1.0416666666666667","0","162","2022-05-14T13:09:00.000Z","1652533740",
"2551","22b77d7829c68dcd","E2:1F:7B:35:CC:08","41.97530864197531","1","1.3020833333333333","0","162","2022-05-14T13:10:00.000Z","1652533800",
"2551","22b77d7829c68dcd","E2:1F:7B:35:CC:08","33.333333333333336","0","1.1160714285714286","0","162","2022-05-14T13:11:00.000Z","1652533860",
"2551","22b77d7829c68dcd","E2:1F:7B:35:CC:08","32.098765432098766","2","1.1160714285714286","0","162","2022-05-14T13:12:00.000Z","1652533920",
"2551","22b77d7829c68dcd","E2:1F:7B:35:CC:08","19.753086419753085","1","1.1160714285714286","0","162","2022-05-14T13:13:00.000Z","1652533980",
"2551","22b77d7829c68dcd","E2:1F:7B:35:CC:08","17.28395061728395","0","1.1160714285714286","0","162","2022-05-14T13:14:00.000Z","1652534040",
"2551","22b77d7829c68dcd","E2:1F:7B:35:CC:08","29.62962962962963","3","1.2019230769230769","2","162","2022-05-14T13:15:00.000Z","1652534100",
"2551","22b77d7829c68dcd","E2:1F:7B:35:CC:08","51.851851851851855","5","0.8223684210526315","0","162","2022-05-14T13:16:00.000Z","1652534160",
"2551","22b77d7829c68dcd","E2:1F:7B:35:CC:08","46.91358024691358","2","1.5625","11","162","2022-05-14T13:17:00.000Z","1652534220",
"2551","22b77d7829c68dcd","E2:1F:7B:35:CC:08","43.20987654320987","1","1.3020833333333333","0","162","2022-05-14T13:18:00.000Z","1652534280",
"2551","22b77d7829c68dcd","E2:1F:7B:35:CC:08","44.44444444444444","5","1.3020833333333333","8","162","2022-05-14T13:19:00.000Z","1652534340",
"2551","22b77d7829c68dcd","E2:1F:7B:35:CC:08","59.25925925925926","2","1.1160714285714286","0","162","2022-05-14T13:20:00.000Z","1652534400",
"2551","22b77d7829c68dcd","E2:1F:7B:35:CC:08","40.74074074074074","0","0.9765625","0","162","2022-05-14T13:21:00.000Z","1652534460",
"2551","22b77d7829c68dcd","E2:1F:7B:35:CC:08","19.753086419753085","0","0.625","1","162","2022-05-14T13:22:00.000Z","1652534520",
"2551","22b77d7829c68dcd","E2:1F:7B:35:CC:08","18.51851851851852","0","1.0416666666666667","1","162","2022-05-14T13:23:00.000Z","1652534580",
"2551","22b77d7829c68dcd","E2:1F:7B:35:CC:08","14.814814814814815","0","1.0416666666666667","0","162","2022-05-14T13:24:00.000Z","1652534640",
"2551","22b77d7829c68dcd","E2:1F:7B:35:CC:08","25.925925925925927","4","1.2019230769230769","0","162","2022-05-14T13:25:00.000Z","1652534700",
"2551","22b77d7829c68dcd","E2:1F:7B:35:CC:08","39.50617283950617","2","1.2019230769230769","1","162","2022-05-14T13:26:00.000Z","1652534760",
"2551","22b77d7829c68dcd","E2:1F:7B:35:CC:08","32.098765432098766","0","1.2019230769230769","0","162","2022-05-14T13:27:00.000Z","1652534820",
"2551","22b77d7829c68dcd","E2:1F:7B:35:CC:08","25.925925925925927","0","1.1160714285714286","0","162","2022-05-14T13:28:00.000Z","1652534880",
"2551","22b77d7829c68dcd","E2:1F:7B:35:CC:08","18.51851851851852","0","1.1160714285714286","0","162","2022-05-14T13:29:00.000Z","1652534940",
"2551","22b77d7829c68dcd","E2:1F:7B:35:CC:08","18.51851851851852","2","1.1160714285714286","0","162","2022-05-14T13:30:00.000Z","1652535000",
"2551","22b77d7829c68dcd","E2:1F:7B:35:CC:08","34.5679012345679","4","1.2019230769230769","0","162","2022-05-14T13:31:00.000Z","1652535060",
"2551","22b77d7829c68dcd","E2:1F:7B:35:CC:08","75.30864197530865","3","1.953125","0","162","2022-05-14T13:32:00.000Z","1652535120",
"2551","22b77d7829c68dcd","E2:1F:7B:35:CC:08","74.07407407407408","2","1.2019230769230769","0","162","2022-05-14T13:33:00.000Z","1652535180",
"2551","22b77d7829c68dcd","E2:1F:7B:35:CC:08","48.148148148148145","0","1.1160714285714286","0","162","2022-05-14T13:34:00.000Z","1652535240",
"2551","22b77d7829c68dcd","E2:1F:7B:35:CC:08","32.098765432098766","0","1.0416666666666667","0","162","2022-05-14T13:35:00.000Z","1652535300",
"2551","22b77d7829c68dcd","E2:1F:7B:35:CC:08","23.45679012345679","0","1.0416666666666667","0","162","2022-05-14T13:36:00.000Z","1652535360",
"2551","22b77d7829c68dcd","E2:1F:7B:35:CC:08","24.691358024691358","0","1.1160714285714286","0","162","2022-05-14T13:37:00.000Z","1652535420",
"2551","22b77d7829c68dcd","E2:1F:7B:35:CC:08","22.22222222222222","0","0.9765625","1","162","2022-05-14T13:38:00.000Z","1652535480",
"2551","22b77d7829c68dcd","E2:1F:7B:35:CC:08","32.098765432098766","0","1.0416666666666667","0","162","2022-05-14T13:39:00.000Z","1652535540",
"2551","22b77d7829c68dcd","E2:1F:7B:35:CC:08","22.22222222222222","0","1.0416666666666667","0","162","2022-05-14T13:40:00.000Z","1652535600",
"2551","22b77d7829c68dcd","E2:1F:7B:35:CC:08","45.67901234567901","7","1.3020833333333333","5","162","2022-05-14T13:41:00.000Z","1652535660",
"2551","22b77d7829c68dcd","E2:1F:7B:35:CC:08","46.91358024691358","1","1.4204545454545454","1","162","2022-05-14T13:42:00.000Z","1652535720",
"2551","22b77d7829c68dcd","E2:1F:7B:35:CC:08","51.851851851851855","3","1.4204545454545454","4","162","2022-05-14T13:43:00.000Z","1652535780",
"2551","22b77d7829c68dcd","E2:1F:7B:35:CC:08","55.55555555555556","2","1.2019230769230769","8","162","2022-05-14T13:44:00.000Z","1652535840",
"2551","22b77d7829c68dcd","E2:1F:7B:35:CC:08","59.25925925925926","3","1.2019230769230769","0","162","2022-05-14T13:45:00.000Z","1652535900",
"2551","22b77d7829c68dcd","E2:1F:7B:35:CC:08","60.49382716049383","1","1.2019230769230769","9","162","2022-05-14T13:46:00.000Z","1652535960",
"2551","22b77d7829c68dcd","E2:1F:7B:35:CC:08","58.02469135802469","4","1.4204545454545454","5","162","2022-05-14T13:47:00.000Z","1652536020",
"2551","22b77d7829c68dcd","E2:1F:7B:35:CC:08","58.02469135802469","3","1.3020833333333333","5","162","2022-05-14T13:48:00.000Z","1652536080",
"2551","22b77d7829c68dcd","E2:1F:7B:35:CC:08","65.4320987654321","1","1.4204545454545454","5","162","2022-05-14T13:49:00.000Z","1652536140",
"2551","22b77d7829c68dcd","E2:1F:7B:35:CC:08","55.55555555555556","1","1.4204545454545454","7","162","2022-05-14T13:50:00.000Z","1652536200",
"2551","22b77d7829c68dcd","E2:1F:7B:35:CC:08","44.44444444444444","0","1.4204545454545454","7","162","2022-05-14T13:51:00.000Z","1652536260",
"2551","22b77d7829c68dcd","E2:1F:7B:35:CC:08","71.60493827160494","4","1.4204545454545454","12","162","2022-05-14T13:52:00.000Z","1652536320",
"2551","22b77d7829c68dcd","E2:1F:7B:35:CC:08","54.32098765432099","3","1.4204545454545454","1","162","2022-05-14T13:53:00.000Z","1652536380",
"2551","22b77d7829c68dcd","E2:1F:7B:35:CC:08","41.97530864197531","1","1.4204545454545454","1","162","2022-05-14T13:54:00.000Z","1652536440",
"2551","22b77d7829c68dcd","E2:1F:7B:35:CC:08","39.50617283950617","3","1.5625","5","162","2022-05-14T13:55:00.000Z","1652536500",
"2551","22b77d7829c68dcd","E2:1F:7B:35:CC:08","44.44444444444444","1","1.2019230769230769","1","162","2022-05-14T13:56:00.000Z","1652536560",
"2551","22b77d7829c68dcd","E2:1F:7B:35:CC:08","49.382716049382715","3","1.3020833333333333","5","162","2022-05-14T13:57:00.000Z","1652536620",
"2551","22b77d7829c68dcd","E2:1F:7B:35:CC:08","64.19753086419753","6","1.4204545454545454","5","162","2022-05-14T13:58:00.000Z","1652536680",
"2551","22b77d7829c68dcd","E2:1F:7B:35:CC:08","87.65432098765432","5","1.2019230769230769","2","162","2022-05-14T13:59:00.000Z","1652536740",
"2551","22b77d7829c68dcd","E2:1F:7B:35:CC:08","54.32098765432099","2","1.3020833333333333","0","162","2022-05-14T14:00:00.000Z","1652536800",
"2551","22b77d7829c68dcd","E2:1F:7B:35:CC:08","32.098765432098766","0","1.3020833333333333","1","162","2022-05-14T14:01:00.000Z","1652536860",
"2551","22b77d7829c68dcd","E2:1F:7B:35:CC:08","30.864197530864196","4","1.4204545454545454","7","162","2022-05-14T14:02:00.000Z","1652536920",
"2551","22b77d7829c68dcd","E2:1F:7B:35:CC:08","37.03703703703704","1","1.5625","0","162","2022-05-14T14:03:00.000Z","1652536980",
"2551","22b77d7829c68dcd","E2:1F:7B:35:CC:08","29.62962962962963","0","1.4204545454545454","0","162","2022-05-14T14:04:00.000Z","1652537040",
"2551","22b77d7829c68dcd","E2:1F:7B:35:CC:08","27.160493827160494","2","1.5625","0","162","2022-05-14T14:05:00.000Z","1652537100",
"2551","22b77d7829c68dcd","E2:1F:7B:35:CC:08","25.925925925925927","0","1.4204545454545454","1","162","2022-05-14T14:06:00.000Z","1652537160",
"2551","22b77d7829c68dcd","E2:1F:7B:35:CC:08","29.62962962962963","0","1.3020833333333333","0","162","2022-05-14T14:07:00.000Z","1652537220",
"2551","22b77d7829c68dcd","E2:1F:7B:35:CC:08","38.27160493827161","2","1.2019230769230769","0","162","2022-05-14T14:08:00.000Z","1652537280",
"2551","22b77d7829c68dcd","E2:1F:7B:35:CC:08","27.160493827160494","0","1.2019230769230769","0","162","2022-05-14T14:09:00.000Z","1652537340",
"2551","22b77d7829c68dcd","E2:1F:7B:35:CC:08","18.51851851851852","0","1.3020833333333333","0","162","2022-05-14T14:10:00.000Z","1652537400",
"2551","22b77d7829c68dcd","E2:1F:7B:35:CC:08","18.51851851851852","0","1.2019230769230769","23","162","2022-05-14T14:11:00.000Z","1652537460",
"2551","22b77d7829c68dcd","E2:1F:7B:35:CC:08","23.45679012345679","2","0.78125","4","162","2022-05-14T14:12:00.000Z","1652537520",
"2551","22b77d7829c68dcd","E2:1F:7B:35:CC:08","25.925925925925927","10","0.9191176470588235","8","162","2022-05-14T14:13:00.000Z","1652537580",
"2551","22b77d7829c68dcd","E2:1F:7B:35:CC:08","44.44444444444444","6","0.9765625","7","162","2022-05-14T14:14:00.000Z","1652537640",
"2551","22b77d7829c68dcd","E2:1F:7B:35:CC:08","43.20987654320987","1","0.18382352941176472","7","162","2022-05-14T14:15:00.000Z","1652537700",
"2551","22b77d7829c68dcd","E2:1F:7B:35:CC:08","43.20987654320987","0","0.22977941176470587","23","162","2022-05-14T14:16:00.000Z","1652537760",
"2551","22b77d7829c68dcd","E2:1F:7B:35:CC:08","45.67901234567901","0","3.125","23","162","2022-05-14T14:18:00.000Z","1652537880",
"2551","22b77d7829c68dcd","E2:1F:7B:35:CC:08","45.67901234567901","0","2.6041666666666665","21","162","2022-05-14T14:19:00.000Z","1652537940",
"2551","22b77d7829c68dcd","E2:1F:7B:35:CC:08","46.91358024691358","4","2.232142857142857","14","162","2022-05-14T14:20:00.000Z","1652538000",
"2551","22b77d7829c68dcd","E2:1F:7B:35:CC:08","51.851851851851855","1","1.7361111111111112","21","162","2022-05-14T14:21:00.000Z","1652538060",
"2551","22b77d7829c68dcd","E2:1F:7B:35:CC:08","53.08641975308642","2","1.5625","25","162","2022-05-14T14:22:00.000Z","1652538120",
"2551","22b77d7829c68dcd","E2:1F:7B:35:CC:08","50.617283950617285","1","1.5625","18","162","2022-05-14T14:23:00.000Z","1652538180",
"2551","22b77d7829c68dcd","E2:1F:7B:35:CC:08","75.30864197530865","2","1.5625","11","162","2022-05-14T14:24:00.000Z","1652538240",
"2551","22b77d7829c68dcd","E2:1F:7B:35:CC:08","77.77777777777777","0","0.9765625","16","162","2022-05-14T14:25:00.000Z","1652538300",
"2551","22b77d7829c68dcd","E2:1F:7B:35:CC:08","82.71604938271605","1","1.1160714285714286","2","162","2022-05-14T14:26:00.000Z","1652538360",
"2551","22b77d7829c68dcd","E2:1F:7B:35:CC:08","81.48148148148148","3","0.8223684210526315","5","162","2022-05-14T14:27:00.000Z","1652538420",
"2551","22b77d7829c68dcd","E2:1F:7B:35:CC:08","88.88888888888889","1","0.8223684210526315","0","162","2022-05-14T14:28:00.000Z","1652538480",
"2551","22b77d7829c68dcd","E2:1F:7B:35:CC:08","87.65432098765432","6","0.8223684210526315","0","162","2022-05-14T14:29:00.000Z","1652538540",
"2551","22b77d7829c68dcd","E2:1F:7B:35:CC:08","67.90123456790124","4","0.7440476190476191","0","162","2022-05-14T14:30:00.000Z","1652538600",
"2551","22b77d7829c68dcd","E2:1F:7B:35:CC:08","60.49382716049383","5","0.7102272727272727","1","162","2022-05-14T14:31:00.000Z","1652538660",
"2551","22b77d7829c68dcd","E2:1F:7B:35:CC:08","51.851851851851855","2","0.5040322580645161","1","162","2022-05-14T14:32:00.000Z","1652538720",
"2551","22b77d7829c68dcd","E2:1F:7B:35:CC:08","48.148148148148145","5","0.38109756097560976","2","162","2022-05-14T14:33:00.000Z","1652538780",
"2551","22b77d7829c68dcd","E2:1F:7B:35:CC:08","41.97530864197531","3","0.40064102564102566","1","162","2022-05-14T14:34:00.000Z","1652538840",
"2551","22b77d7829c68dcd","E2:1F:7B:35:CC:08","38.27160493827161","4","0.4734848484848485","0","162","2022-05-14T14:35:00.000Z","1652538900",
"2551","22b77d7829c68dcd","E2:1F:7B:35:CC:08","37.03703703703704","3","0.38109756097560976","0","162","2022-05-14T14:36:00.000Z","1652538960",
"2551","22b77d7829c68dcd","E2:1F:7B:35:CC:08","33.333333333333336","3","0.8223684210526315","2","162","2022-05-14T14:37:00.000Z","1652539020",
"2551","22b77d7829c68dcd","E2:1F:7B:35:CC:08","27.160493827160494","0","0.48828125","0","162","2022-05-14T14:38:00.000Z","1652539080",
"2551","22b77d7829c68dcd","E2:1F:7B:35:CC:08","30.864197530864196","1","0.6510416666666666","4","162","2022-05-14T14:39:00.000Z","1652539140",
"2551","22b77d7829c68dcd","E2:1F:7B:35:CC:08","39.50617283950617","1","0.7440476190476191","4","162","2022-05-14T14:40:00.000Z","1652539200",
"2551","22b77d7829c68dcd","E2:1F:7B:35:CC:08","44.44444444444444","3","0.625","8","162","2022-05-14T14:41:00.000Z","1652539260",
"2551","22b77d7829c68dcd","E2:1F:7B:35:CC:08","39.50617283950617","5","0.6510416666666666","1","162","2022-05-14T14:42:00.000Z","1652539320",
"2551","22b77d7829c68dcd","E2:1F:7B:35:CC:08","22.22222222222222","0","0.6510416666666666","0","162","2022-05-14T14:43:00.000Z","1652539380",
"2551","22b77d7829c68dcd","E2:1F:7B:35:CC:08","37.03703703703704","1","0.6009615384615384","0","162","2022-05-14T14:44:00.000Z","1652539440",
"2551","22b77d7829c68dcd","E2:1F:7B:35:CC:08","45.67901234567901","2","0.5787037037037037","0","162","2022-05-14T14:45:00.000Z","1652539500",
"2551","22b77d7829c68dcd","E2:1F:7B:35:CC:08","41.97530864197531","4","0.31887755102040816","2","162","2022-05-14T14:46:00.000Z","1652539560",
"2551","22b77d7829c68dcd","E2:1F:7B:35:CC:08","44.44444444444444","7","0.5387931034482759","0","162","2022-05-14T14:47:00.000Z","1652539620",
"2551","22b77d7829c68dcd","E2:1F:7B:35:CC:08","38.27160493827161","2","0.5787037037037037","1","162","2022-05-14T14:48:00.000Z","1652539680",
"2551","22b77d7829c68dcd","E2:1F:7B:35:CC:08","17.28395061728395","0","0.5787037037037037","0","162","2022-05-14T14:49:00.000Z","1652539740",
"2551","22b77d7829c68dcd","E2:1F:7B:35:CC:08","18.51851851851852","1","0.625","0","162","2022-05-14T14:50:00.000Z","1652539800",
"2551","22b77d7829c68dcd","E2:1F:7B:35:CC:08","29.62962962962963","2","0.625","0","162","2022-05-14T14:51:00.000Z","1652539860",
"2551","22b77d7829c68dcd","E2:1F:7B:35:CC:08","48.148148148148145","1","0.7440476190476191","0","162","2022-05-14T14:52:00.000Z","1652539920",
"2551","22b77d7829c68dcd","E2:1F:7B:35:CC:08","33.333333333333336","1","0.625","0","162","2022-05-14T14:53:00.000Z","1652539980",
"2551","22b77d7829c68dcd","E2:1F:7B:35:CC:08","28.395061728395063","0","0.5040322580645161","0","162","2022-05-14T14:54:00.000Z","1652540040",
"2551","22b77d7829c68dcd","E2:1F:7B:35:CC:08","29.62962962962963","0","0.48828125","12","162","2022-05-14T14:55:00.000Z","1652540100",
"2551","22b77d7829c68dcd","E2:1F:7B:35:CC:08","44.44444444444444","13","0.24801587301587302","8","162","2022-05-14T14:56:00.000Z","1652540160",
"2551","22b77d7829c68dcd","E2:1F:7B:35:CC:08","100","9","0.44642857142857145","0","162","2022-05-14T14:57:00.000Z","1652540220",
"2551","22b77d7829c68dcd","E2:1F:7B:35:CC:08","100","6","0.5208333333333334","0","162","2022-05-14T14:58:00.000Z","1652540280",
"2551","22b77d7829c68dcd","E2:1F:7B:35:CC:08","65.4320987654321","5","0.6510416666666666","0","162","2022-05-14T14:59:00.000Z","1652540340",
"2551","22b77d7829c68dcd","E2:1F:7B:35:CC:08","41.97530864197531","1","0.7102272727272727","1","162","2022-05-14T15:00:00.000Z","1652540400",
"2551","22b77d7829c68dcd","E2:1F:7B:35:CC:08","33.333333333333336","0","0.78125","4","162","2022-05-14T15:01:00.000Z","1652540460",
"2551","22b77d7829c68dcd","E2:1F:7B:35:CC:08","48.148148148148145","5","0.9765625","14","162","2022-05-14T15:02:00.000Z","1652540520",
"2551","22b77d7829c68dcd","E2:1F:7B:35:CC:08","33.333333333333336","1","0.9765625","2","162","2022-05-14T15:03:00.000Z","1652540580",
"2551","22b77d7829c68dcd","E2:1F:7B:35:CC:08","45.67901234567901","3","1.0416666666666667","1","162","2022-05-14T15:04:00.000Z","1652540640",
"2551","22b77d7829c68dcd","E2:1F:7B:35:CC:08","50.617283950617285","2","1.0416666666666667","18","162","2022-05-14T15:05:00.000Z","1652540700",
"2551","22b77d7829c68dcd","E2:1F:7B:35:CC:08","34.5679012345679","2","1.1160714285714286","12","162","2022-05-14T15:06:00.000Z","1652540760",
"2551","22b77d7829c68dcd","E2:1F:7B:35:CC:08","30.864197530864196","3","1.1160714285714286","7","162","2022-05-14T15:07:00.000Z","1652540820",
"2551","22b77d7829c68dcd","E2:1F:7B:35:CC:08","34.5679012345679","2","1.2019230769230769","0","162","2022-05-14T15:08:00.000Z","1652540880",
"2551","22b77d7829c68dcd","E2:1F:7B:35:CC:08","51.851851851851855","6","0.1474056603773585","1","162","2022-05-14T15:09:00.000Z","1652540940",
"2551","22b77d7829c68dcd","E2:1F:7B:35:CC:08","100","3","0.16108247422680413","0","162","2022-05-14T15:10:00.000Z","1652541000",
"2551","22b77d7829c68dcd","E2:1F:7B:35:CC:08","93.82716049382717","8","0.26939655172413796","1","162","2022-05-14T15:11:00.000Z","1652541060",
"2551","22b77d7829c68dcd","E2:1F:7B:35:CC:08","71.60493827160494","8","0.3472222222222222","0","162","2022-05-14T15:12:00.000Z","1652541120",
"2551","22b77d7829c68dcd","E2:1F:7B:35:CC:08","100","5","0.3255208333333333","2","162","2022-05-14T15:13:00.000Z","1652541180",
"2551","22b77d7829c68dcd","E2:1F:7B:35:CC:08","100","9","0.44642857142857145","2","162","2022-05-14T15:14:00.000Z","1652541240",
"2551","22b77d7829c68dcd","E2:1F:7B:35:CC:08","81.48148148148148","2","0.4734848484848485","0","162","2022-05-14T15:15:00.000Z","1652541300",
"2551","22b77d7829c68dcd","E2:1F:7B:35:CC:08","65.4320987654321","0","0.5787037037037037","0","162","2022-05-14T15:16:00.000Z","1652541360",
"2551","22b77d7829c68dcd","E2:1F:7B:35:CC:08","87.65432098765432","6","0.6009615384615384","0","162","2022-05-14T15:19:00.000Z","1652541540",
"2551","22b77d7829c68dcd","E2:1F:7B:35:CC:08","66.66666666666667","4","0.5787037037037037","2","162","2022-05-14T15:20:00.000Z","1652541600",
"2551","22b77d7829c68dcd","E2:1F:7B:35:CC:08","88.88888888888889","3","0.3472222222222222","0","162","2022-05-14T15:22:00.000Z","1652541720",
"2551","22b77d7829c68dcd","E2:1F:7B:35:CC:08","56.79012345679013","1","0.44642857142857145","0","162","2022-05-14T15:23:00.000Z","1652541780",
"2551","22b77d7829c68dcd","E2:1F:7B:35:CC:08","46.91358024691358","3","0.40064102564102566","0","162","2022-05-14T15:24:00.000Z","1652541840",
"2551","22b77d7829c68dcd","E2:1F:7B:35:CC:08","53.08641975308642","4","0.45955882352941174","0","162","2022-05-14T15:26:00.000Z","1652541960",
"2551","22b77d7829c68dcd","E2:1F:7B:35:CC:08","74.07407407407408","8","0.5040322580645161","0","162","2022-05-14T15:28:00.000Z","1652542080",
"2551","22b77d7829c68dcd","E2:1F:7B:35:CC:08","51.851851851851855","1","0.5787037037037037","0","162","2022-05-14T15:29:00.000Z","1652542140",
"2551","22b77d7829c68dcd","E2:1F:7B:35:CC:08","29.62962962962963","1","0.625","0","162","2022-05-14T15:31:00.000Z","1652542260",
"2551","22b77d7829c68dcd","E2:1F:7B:35:CC:08","70.37037037037037","1","0.5580357142857143","1","162","2022-05-14T15:32:00.000Z","1652542320",
"2551","22b77d7829c68dcd","E2:1F:7B:35:CC:08","61.72839506172839","4","0.6510416666666666","0","162","2022-05-14T15:34:00.000Z","1652542440",
"2551","22b77d7829c68dcd","E2:1F:7B:35:CC:08","43.20987654320987","1","0.625","0","162","2022-05-14T15:35:00.000Z","1652542500",
"2551","22b77d7829c68dcd","E2:1F:7B:35:CC:08","41.97530864197531","0","0.5040322580645161","0","162","2022-05-14T15:36:00.000Z","1652542560",
"2551","22b77d7829c68dcd","E2:1F:7B:35:CC:08","35.80246913580247","0","0.6009615384615384","0","162","2022-05-14T15:38:00.000Z","1652542680",
"2551","22b77d7829c68dcd","E2:1F:7B:35:CC:08","50","4","0.7102272727272727","0","164","2022-05-14T15:40:00.000Z","1652542800",
"2551","22b77d7829c68dcd","E2:1F:7B:35:CC:08","47.5609756097561","6","0.3472222222222222","1","164","2022-05-14T15:42:00.000Z","1652542920",
"2551","22b77d7829c68dcd","E2:1F:7B:35:CC:08","85.36585365853658","9","0.3472222222222222","0","164","2022-05-14T15:43:00.000Z","1652542980",
"2551","22b77d7829c68dcd","E2:1F:7B:35:CC:08","84.14634146341463","0","0.294811320754717","2","164","2022-05-14T15:44:00.000Z","1652543040",
"2551","22b77d7829c68dcd","E2:1F:7B:35:CC:08","100","13","0.5787037037037037","0","164","2022-05-14T15:45:00.000Z","1652543100",
"2551","22b77d7829c68dcd","E2:1F:7B:35:CC:08","100","0","0.5387931034482759","8","164","2022-05-14T15:46:00.000Z","1652543160",
"2551","22b77d7829c68dcd","E2:1F:7B:35:CC:08","97.5609756097561","8","0.44642857142857145","4","164","2022-05-14T15:47:00.000Z","1652543220",
"2551","22b77d7829c68dcd","E2:1F:7B:35:CC:08","92.6829268292683","11","0.5580357142857143","0","164","2022-05-14T15:48:00.000Z","1652543280",
"2551","22b77d7829c68dcd","E2:1F:7B:35:CC:08","80.48780487804878","10","0.8680555555555556","0","164","2022-05-14T15:49:00.000Z","1652543340",
"2551","22b77d7829c68dcd","E2:1F:7B:35:CC:08","67.07317073170732","1","0.8680555555555556","5","164","2022-05-14T15:50:00.000Z","1652543400",
"2551","22b77d7829c68dcd","E2:1F:7B:35:CC:08","87.8048780487805","4","1.1160714285714286","2","164","2022-05-14T15:51:00.000Z","1652543460",
"2551","22b77d7829c68dcd","E2:1F:7B:35:CC:08","81.70731707317073","4","1.3020833333333333","4","164","2022-05-14T15:52:00.000Z","1652543520",
"2551","22b77d7829c68dcd","E2:1F:7B:35:CC:08","60.97560975609756","1","1.2019230769230769","1","164","2022-05-14T15:53:00.000Z","1652543580",
"2551","22b77d7829c68dcd","E2:1F:7B:35:CC:08","51.21951219512195","2","0.6793478260869565","2","164","2022-05-14T15:54:00.000Z","1652543640",
"2551","22b77d7829c68dcd","E2:1F:7B:35:CC:08","68.29268292682927","2","0.9191176470588235","0","164","2022-05-14T15:55:00.000Z","1652543700",
"2551","22b77d7829c68dcd","E2:1F:7B:35:CC:08","34.146341463414636","0","0.9191176470588235","0","164","2022-05-14T15:56:00.000Z","1652543760",
"2551","22b77d7829c68dcd","E2:1F:7B:35:CC:08","18.29268292682927","0","0.9765625","0","164","2022-05-14T15:57:00.000Z","1652543820",
"2551","22b77d7829c68dcd","E2:1F:7B:35:CC:08","20.73170731707317","3","0.9765625","2","164","2022-05-14T15:58:00.000Z","1652543880",
"2551","22b77d7829c68dcd","E2:1F:7B:35:CC:08","21.951219512195124","1","0.6793478260869565","1","164","2022-05-14T15:59:00.000Z","1652543940",
"2551","22b77d7829c68dcd","E2:1F:7B:35:CC:08","68.29268292682927","8","1.1160714285714286","1","164","2022-05-14T16:00:00.000Z","1652544000",
"2551","22b77d7829c68dcd","E2:1F:7B:35:CC:08","93.90243902439025","7","1.0416666666666667","0","164","2022-05-14T16:01:00.000Z","1652544060",
"2551","22b77d7829c68dcd","E2:1F:7B:35:CC:08","54.8780487804878","1","0.8680555555555556","0","164","2022-05-14T16:02:00.000Z","1652544120",
"2551","22b77d7829c68dcd","E2:1F:7B:35:CC:08","29.26829268292683","0","0.9191176470588235","0","164","2022-05-14T16:03:00.000Z","1652544180",
"2551","22b77d7829c68dcd","E2:1F:7B:35:CC:08","21.951219512195124","0","0.8223684210526315","0","164","2022-05-14T16:04:00.000Z","1652544240",
"2551","22b77d7829c68dcd","E2:1F:7B:35:CC:08","29.26829268292683","2","1.0416666666666667","0","164","2022-05-14T16:05:00.000Z","1652544300",
"2551","22b77d7829c68dcd","E2:1F:7B:35:CC:08","28.048780487804876","0","0.9765625","0","164","2022-05-14T16:06:00.000Z","1652544360",
"2551","22b77d7829c68dcd","E2:1F:7B:35:CC:08","37.80487804878049","2","0.6793478260869565","0","164","2022-05-14T16:07:00.000Z","1652544420",
"2551","22b77d7829c68dcd","E2:1F:7B:35:CC:08","62.19512195121951","9","0.6510416666666666","1","164","2022-05-14T16:08:00.000Z","1652544480",
"2551","22b77d7829c68dcd","E2:1F:7B:35:CC:08","67.07317073170732","0","0.3255208333333333","1","164","2022-05-14T16:09:00.000Z","1652544540",
"2551","22b77d7829c68dcd","E2:1F:7B:35:CC:08","78.04878048780488","5","0.6009615384615384","2","164","2022-05-14T16:10:00.000Z","1652544600",
"2551","22b77d7829c68dcd","E2:1F:7B:35:CC:08","100","4","0.31887755102040816","8","164","2022-05-14T16:11:00.000Z","1652544660",
"2551","22b77d7829c68dcd","E2:1F:7B:35:CC:08","100","8","0.40064102564102566","25","164","2022-05-14T16:12:00.000Z","1652544720",
"2551","22b77d7829c68dcd","E2:1F:7B:35:CC:08","100","2","0.3633720930232558","0","164","2022-05-14T16:13:00.000Z","1652544780",
"2551","22b77d7829c68dcd","E2:1F:7B:35:CC:08","64.63414634146342","0","0.31887755102040816","0","164","2022-05-14T16:14:00.000Z","1652544840",
"2551","22b77d7829c68dcd","E2:1F:7B:35:CC:08","46.34146341463415","0","2.232142857142857","12","164","2022-05-14T16:17:00.000Z","1652545020",
"2551","22b77d7829c68dcd","E2:1F:7B:35:CC:08","46.34146341463415","0","1.5625","7","164","2022-05-14T16:18:00.000Z","1652545080",
"2551","22b77d7829c68dcd","E2:1F:7B:35:CC:08","43.90243902439025","5","1.1160714285714286","4","164","2022-05-14T16:19:00.000Z","1652545140",
"2551","22b77d7829c68dcd","E2:1F:7B:35:CC:08","56.09756097560975","6","0.78125","11","164","2022-05-14T16:20:00.000Z","1652545200",
"2551","22b77d7829c68dcd","E2:1F:7B:35:CC:08","65.85365853658537","2","0.78125","15","164","2022-05-14T16:21:00.000Z","1652545260",
"2551","22b77d7829c68dcd","E2:1F:7B:35:CC:08","51.21951219512195","0","0.8223684210526315","1","164","2022-05-14T16:22:00.000Z","1652545320",
"2551","22b77d7829c68dcd","E2:1F:7B:35:CC:08","56.09756097560975","2","0.8223684210526315","2","164","2022-05-14T16:23:00.000Z","1652545380",
"2551","22b77d7829c68dcd","E2:1F:7B:35:CC:08","39.02439024390244","2","0.8680555555555556","0","164","2022-05-14T16:24:00.000Z","1652545440",
"2551","22b77d7829c68dcd","E2:1F:7B:35:CC:08","28.048780487804876","0","0.8680555555555556","19","164","2022-05-14T16:25:00.000Z","1652545500",
"2551","22b77d7829c68dcd","E2:1F:7B:35:CC:08","39.02439024390244","3","0.8680555555555556","0","164","2022-05-14T16:26:00.000Z","1652545560",
"2551","22b77d7829c68dcd","E2:1F:7B:35:CC:08","25.609756097560975","0","0.9191176470588235","0","164","2022-05-14T16:27:00.000Z","1652545620",
"2551","22b77d7829c68dcd","E2:1F:7B:35:CC:08","17.073170731707318","0","0.9765625","0","164","2022-05-14T16:28:00.000Z","1652545680",
"2551","22b77d7829c68dcd","E2:1F:7B:35:CC:08","9.75609756097561","0","0.9191176470588235","1","164","2022-05-14T16:29:00.000Z","1652545740",
"2551","22b77d7829c68dcd","E2:1F:7B:35:CC:08","32.926829268292686","4","1.0416666666666667","0","164","2022-05-14T16:30:00.000Z","1652545800",
"2551","22b77d7829c68dcd","E2:1F:7B:35:CC:08","30.48780487804878","1","1.1160714285714286","0","164","2022-05-14T16:31:00.000Z","1652545860",
"2551","22b77d7829c68dcd","E2:1F:7B:35:CC:08","28.048780487804876","0","0.9765625","0","164","2022-05-14T16:32:00.000Z","1652545920",
"2551","22b77d7829c68dcd","E2:1F:7B:35:CC:08","21.951219512195124","0","0.9765625","0","164","2022-05-14T16:33:00.000Z","1652545980",
"2551","22b77d7829c68dcd","E2:1F:7B:35:CC:08","28.048780487804876","3","1.0416666666666667","0","164","2022-05-14T16:34:00.000Z","1652546040",
"2551","22b77d7829c68dcd","E2:1F:7B:35:CC:08","20.73170731707317","0","1.0416666666666667","1","164","2022-05-14T16:35:00.000Z","1652546100",
"2551","22b77d7829c68dcd","E2:1F:7B:35:CC:08","30.48780487804878","2","1.1160714285714286","4","164","2022-05-14T16:36:00.000Z","1652546160",
"2551","22b77d7829c68dcd","E2:1F:7B:35:CC:08","28.048780487804876","3","1.1160714285714286","5","164","2022-05-14T16:37:00.000Z","1652546220",
"2551","22b77d7829c68dcd","E2:1F:7B:35:CC:08","45.1219512195122","5","0.4734848484848485","0","164","2022-05-14T16:38:00.000Z","1652546280",
"2551","22b77d7829c68dcd","E2:1F:7B:35:CC:08","51.21951219512195","8","0.625","0","164","2022-05-14T16:39:00.000Z","1652546340",
"2551","22b77d7829c68dcd","E2:1F:7B:35:CC:08","69.51219512195122","7","0.8680555555555556","2","164","2022-05-14T16:40:00.000Z","1652546400",
"2551","22b77d7829c68dcd","E2:1F:7B:35:CC:08","73.17073170731707","0","0.9765625","7","164","2022-05-14T16:41:00.000Z","1652546460",
"2551","22b77d7829c68dcd","E2:1F:7B:35:CC:08","79.26829268292683","0","0.9191176470588235","0","164","2022-05-14T16:42:00.000Z","1652546520",
"2551","22b77d7829c68dcd","E2:1F:7B:35:CC:08","81.70731707317073","8","1.0416666666666667","14","164","2022-05-14T16:43:00.000Z","1652546580",
"2551","22b77d7829c68dcd","E2:1F:7B:35:CC:08","78.04878048780488","7","1.1160714285714286","2","164","2022-05-14T16:44:00.000Z","1652546640",
"2551","22b77d7829c68dcd","E2:1F:7B:35:CC:08","76.82926829268293","7","1.3020833333333333","11","164","2022-05-14T16:45:00.000Z","1652546700",
"2551","22b77d7829c68dcd","E2:1F:7B:35:CC:08","79.26829268292683","7","1.0416666666666667","12","164","2022-05-14T16:46:00.000Z","1652546760",
"2551","22b77d7829c68dcd","E2:1F:7B:35:CC:08","78.04878048780488","10","0.625","7","164","2022-05-14T16:47:00.000Z","1652546820",
"2551","22b77d7829c68dcd","E2:1F:7B:35:CC:08","81.70731707317073","4","1.5625","1","164","2022-05-14T16:48:00.000Z","1652546880",
"2551","22b77d7829c68dcd","E2:1F:7B:35:CC:08","73.17073170731707","8","1.1160714285714286","4","164","2022-05-14T16:49:00.000Z","1652546940",
"2551","22b77d7829c68dcd","E2:1F:7B:35:CC:08","68.29268292682927","0","0.9765625","0","164","2022-05-14T16:50:00.000Z","1652547000",
"2551","22b77d7829c68dcd","E2:1F:7B:35:CC:08","67.07317073170732","8","1.4204545454545454","5","164","2022-05-14T16:51:00.000Z","1652547060",
"2551","22b77d7829c68dcd","E2:1F:7B:35:CC:08","76.82926829268293","0","1.5625","4","164","2022-05-14T16:52:00.000Z","1652547120",
"2551","22b77d7829c68dcd","E2:1F:7B:35:CC:08","87.8048780487805","8","0.7440476190476191","2","164","2022-05-14T16:53:00.000Z","1652547180",
"2551","22b77d7829c68dcd","E2:1F:7B:35:CC:08","87.8048780487805","9","0.8680555555555556","0","164","2022-05-14T16:54:00.000Z","1652547240",
"2551","22b77d7829c68dcd","E2:1F:7B:35:CC:08","70.73170731707317","5","0.9191176470588235","1","164","2022-05-14T16:55:00.000Z","1652547300",
"2551","22b77d7829c68dcd","E2:1F:7B:35:CC:08","71.95121951219512","5","0.9191176470588235","0","164","2022-05-14T16:56:00.000Z","1652547360",
"2551","22b77d7829c68dcd","E2:1F:7B:35:CC:08","69.51219512195122","10","0.9191176470588235","0","164","2022-05-14T16:57:00.000Z","1652547420",
"2551","22b77d7829c68dcd","E2:1F:7B:35:CC:08","64.63414634146342","7","1.0416666666666667","0","164","2022-05-14T16:58:00.000Z","1652547480",
"2551","22b77d7829c68dcd","E2:1F:7B:35:CC:08","56.09756097560975","6","1.0416666666666667","0","164","2022-05-14T16:59:00.000Z","1652547540",
"2551","22b77d7829c68dcd","E2:1F:7B:35:CC:08","53.65853658536585","4","1.0416666666666667","1","164","2022-05-14T17:00:00.000Z","1652547600",
"2551","22b77d7829c68dcd","E2:1F:7B:35:CC:08","46.34146341463415","4","0.9765625","0","164","2022-05-14T17:01:00.000Z","1652547660",
"2551","22b77d7829c68dcd","E2:1F:7B:35:CC:08","47.5609756097561","2","1.0416666666666667","0","164","2022-05-14T17:02:00.000Z","1652547720",
"2551","22b77d7829c68dcd","E2:1F:7B:35:CC:08","74.39024390243902","7","0.9191176470588235","0","164","2022-05-14T17:03:00.000Z","1652547780",
"2551","22b77d7829c68dcd","E2:1F:7B:35:CC:08","70.73170731707317","4","0.9191176470588235","1","164","2022-05-14T17:04:00.000Z","1652547840",
"2551","22b77d7829c68dcd","E2:1F:7B:35:CC:08","60.97560975609756","7","0.8680555555555556","0","164","2022-05-14T17:05:00.000Z","1652547900",
"2551","22b77d7829c68dcd","E2:1F:7B:35:CC:08","54.8780487804878","4","0.9765625","1","164","2022-05-14T17:06:00.000Z","1652547960",
"2551","22b77d7829c68dcd","E2:1F:7B:35:CC:08","47.5609756097561","5","0.9191176470588235","0","164","2022-05-14T17:07:00.000Z","1652548020",
"2551","22b77d7829c68dcd","E2:1F:7B:35:CC:08","47.5609756097561","6","0.8680555555555556","1","164","2022-05-14T17:08:00.000Z","1652548080",
"2551","22b77d7829c68dcd","E2:1F:7B:35:CC:08","52.4390243902439","0","0.8223684210526315","1","164","2022-05-14T17:09:00.000Z","1652548140",
"2551","22b77d7829c68dcd","E2:1F:7B:35:CC:08","48.78048780487805","3","0.9765625","1","164","2022-05-14T17:10:00.000Z","1652548200",
"2551","22b77d7829c68dcd","E2:1F:7B:35:CC:08","51.21951219512195","3","1.1160714285714286","1","164","2022-05-14T17:11:00.000Z","1652548260",
"2551","22b77d7829c68dcd","E2:1F:7B:35:CC:08","78.04878048780488","3","0.7102272727272727","8","164","2022-05-14T17:12:00.000Z","1652548320",
"2551","22b77d7829c68dcd","E2:1F:7B:35:CC:08","78.04878048780488","2","0.8680555555555556","0","164","2022-05-14T17:13:00.000Z","1652548380",
"2551","22b77d7829c68dcd","E2:1F:7B:35:CC:08","59.75609756097561","3","0.8680555555555556","0","164","2022-05-14T17:14:00.000Z","1652548440",
"2551","22b77d7829c68dcd","E2:1F:7B:35:CC:08","69.51219512195122","9","0.7440476190476191","0","164","2022-05-14T17:15:00.000Z","1652548500",
"2551","22b77d7829c68dcd","E2:1F:7B:35:CC:08","80.48780487804878","7","0.9191176470588235","0","164","2022-05-14T17:16:00.000Z","1652548560",
"2551","22b77d7829c68dcd","E2:1F:7B:35:CC:08","100","4","1.0416666666666667","0","164","2022-05-14T17:17:00.000Z","1652548620",
"2551","22b77d7829c68dcd","E2:1F:7B:35:CC:08","100","0","1.0416666666666667","1","164","2022-05-14T17:18:00.000Z","1652548680",
"2551","22b77d7829c68dcd","E2:1F:7B:35:CC:08","75.60975609756098","1","0.9191176470588235","0","164","2022-05-14T17:19:00.000Z","1652548740",
"2551","22b77d7829c68dcd","E2:1F:7B:35:CC:08","70.73170731707317","7","0.8680555555555556","0","164","2022-05-14T17:20:00.000Z","1652548800",
"2551","22b77d7829c68dcd","E2:1F:7B:35:CC:08","56.09756097560975","3","0.8223684210526315","2","164","2022-05-14T17:21:00.000Z","1652548860",
"2551","22b77d7829c68dcd","E2:1F:7B:35:CC:08","60.97560975609756","4","0.9191176470588235","1","164","2022-05-14T17:22:00.000Z","1652548920",
"2551","22b77d7829c68dcd","E2:1F:7B:35:CC:08","85.36585365853658","7","0.9765625","0","164","2022-05-14T17:23:00.000Z","1652548980",
"2551","22b77d7829c68dcd","E2:1F:7B:35:CC:08","100","5","0.9765625","0","164","2022-05-14T17:24:00.000Z","1652549040",
"2551","22b77d7829c68dcd","E2:1F:7B:35:CC:08","95.1219512195122","9","0.9191176470588235","0","164","2022-05-14T17:25:00.000Z","1652549100",
"2551","22b77d7829c68dcd","E2:1F:7B:35:CC:08","75.60975609756098","5","0.8680555555555556","0","164","2022-05-14T17:26:00.000Z","1652549160",
"2551","22b77d7829c68dcd","E2:1F:7B:35:CC:08","75.60975609756098","7","0.8223684210526315","0","164","2022-05-14T17:27:00.000Z","1652549220",
"2551","22b77d7829c68dcd","E2:1F:7B:35:CC:08","89.02439024390245","10","1.1160714285714286","5","164","2022-05-14T17:28:00.000Z","1652549280",
"2551","22b77d7829c68dcd","E2:1F:7B:35:CC:08","100","6","0.9765625","19","164","2022-05-14T17:29:00.000Z","1652549340",
"2551","22b77d7829c68dcd","E2:1F:7B:35:CC:08","93.90243902439025","3","1.5625","2","164","2022-05-14T17:30:00.000Z","1652549400",
"2551","22b77d7829c68dcd","E2:1F:7B:35:CC:08","85.36585365853658","6","1.2019230769230769","1","164","2022-05-14T17:31:00.000Z","1652549460",
"2551","22b77d7829c68dcd","E2:1F:7B:35:CC:08","74.39024390243902","3","1.3020833333333333","4","164","2022-05-14T17:32:00.000Z","1652549520",
"2551","22b77d7829c68dcd","E2:1F:7B:35:CC:08","76.82926829268293","5","1.4204545454545454","12","164","2022-05-14T17:33:00.000Z","1652549580",
"2551","22b77d7829c68dcd","E2:1F:7B:35:CC:08","78.04878048780488","8","0.9191176470588235","2","164","2022-05-14T17:34:00.000Z","1652549640",
"2551","22b77d7829c68dcd","E2:1F:7B:35:CC:08","78.04878048780488","6","1.2019230769230769","0","164","2022-05-14T17:35:00.000Z","1652549700",
"2551","22b77d7829c68dcd","E2:1F:7B:35:CC:08","74.39024390243902","7","1.0416666666666667","0","164","2022-05-14T17:36:00.000Z","1652549760",
"2551","22b77d7829c68dcd","E2:1F:7B:35:CC:08","65.85365853658537","6","1.0416666666666667","0","164","2022-05-14T17:37:00.000Z","1652549820",
"2551","22b77d7829c68dcd","E2:1F:7B:35:CC:08","60.97560975609756","6","0.9765625","0","164","2022-05-14T17:38:00.000Z","1652549880",
"2551","22b77d7829c68dcd","E2:1F:7B:35:CC:08","53.65853658536585","5","0.9191176470588235","0","164","2022-05-14T17:39:00.000Z","1652549940",
"2551","22b77d7829c68dcd","E2:1F:7B:35:CC:08","52.4390243902439","1","1.1160714285714286","0","164","2022-05-14T17:40:00.000Z","1652550000",
"2551","22b77d7829c68dcd","E2:1F:7B:35:CC:08","67.07317073170732","5","1.1160714285714286","0","164","2022-05-14T17:41:00.000Z","1652550060",
"2551","22b77d7829c68dcd","E2:1F:7B:35:CC:08","80.48780487804878","6","1.3020833333333333","1","164","2022-05-14T17:42:00.000Z","1652550120",
"2551","22b77d7829c68dcd","E2:1F:7B:35:CC:08","100","3","1.4204545454545454","0","164","2022-05-14T17:43:00.000Z","1652550180",
"2551","22b77d7829c68dcd","E2:1F:7B:35:CC:08","80.48780487804878","1","1.3020833333333333","0","164","2022-05-14T17:44:00.000Z","1652550240",
"2551","22b77d7829c68dcd","E2:1F:7B:35:CC:08","59.75609756097561","1","1.0416666666666667","0","164","2022-05-14T17:45:00.000Z","1652550300",
"2551","22b77d7829c68dcd","E2:1F:7B:35:CC:08","59.75609756097561","1","0.9191176470588235","0","164","2022-05-14T17:46:00.000Z","1652550360",
"2551","22b77d7829c68dcd","E2:1F:7B:35:CC:08","57.31707317073171","3","0.8680555555555556","0","164","2022-05-14T17:47:00.000Z","1652550420",
"2551","22b77d7829c68dcd","E2:1F:7B:35:CC:08","53.65853658536585","10","0.8680555555555556","0","164","2022-05-14T17:48:00.000Z","1652550480",
"2551","22b77d7829c68dcd","E2:1F:7B:35:CC:08","68.29268292682927","8","0.9765625","0","164","2022-05-14T17:49:00.000Z","1652550540",
"2551","22b77d7829c68dcd","E2:1F:7B:35:CC:08","67.07317073170732","5","0.9765625","0","164","2022-05-14T17:50:00.000Z","1652550600",
"2551","22b77d7829c68dcd","E2:1F:7B:35:CC:08","67.07317073170732","2","1.1160714285714286","0","164","2022-05-14T17:51:00.000Z","1652550660",
"2551","22b77d7829c68dcd","E2:1F:7B:35:CC:08","80.48780487804878","4","1.3020833333333333","0","164","2022-05-14T17:52:00.000Z","1652550720",
"2551","22b77d7829c68dcd","E2:1F:7B:35:CC:08","90.2439024390244","3","1.4204545454545454","1","164","2022-05-14T17:53:00.000Z","1652550780",
"2551","22b77d7829c68dcd","E2:1F:7B:35:CC:08","100","3","1.5625","1","164","2022-05-14T17:54:00.000Z","1652550840",
"2551","22b77d7829c68dcd","E2:1F:7B:35:CC:08","100","1","1.3020833333333333","0","164","2022-05-14T17:55:00.000Z","1652550900",
"2551","22b77d7829c68dcd","E2:1F:7B:35:CC:08","91.46341463414635","1","1.2019230769230769","0","164","2022-05-14T17:56:00.000Z","1652550960",
"2551","22b77d7829c68dcd","E2:1F:7B:35:CC:08","79.26829268292683","3","1.3020833333333333","0","164","2022-05-14T17:57:00.000Z","1652551020",
"2551","22b77d7829c68dcd","E2:1F:7B:35:CC:08","69.51219512195122","2","1.2019230769230769","0","164","2022-05-14T17:58:00.000Z","1652551080",
"2551","22b77d7829c68dcd","E2:1F:7B:35:CC:08","80.48780487804878","4","1.3020833333333333","0","164","2022-05-14T17:59:00.000Z","1652551140",
"2551","22b77d7829c68dcd","E2:1F:7B:35:CC:08","96.34146341463415","5","1.3020833333333333","1","164","2022-05-14T18:00:00.000Z","1652551200",
"2551","22b77d7829c68dcd","E2:1F:7B:35:CC:08","100","5","1.5625","1","164","2022-05-14T18:01:00.000Z","1652551260",
"2551","22b77d7829c68dcd","E2:1F:7B:35:CC:08","100","4","1.2019230769230769","1","164","2022-05-14T18:02:00.000Z","1652551320",
"2551","22b77d7829c68dcd","E2:1F:7B:35:CC:08","100","2","0.9191176470588235","0","164","2022-05-14T18:03:00.000Z","1652551380",
"2551","22b77d7829c68dcd","E2:1F:7B:35:CC:08","70.73170731707317","2","0.9765625","0","164","2022-05-14T18:04:00.000Z","1652551440",
"2551","22b77d7829c68dcd","E2:1F:7B:35:CC:08","46.34146341463415","1","0.9191176470588235","0","164","2022-05-14T18:05:00.000Z","1652551500",
"2551","22b77d7829c68dcd","E2:1F:7B:35:CC:08","35.36585365853659","1","0.8680555555555556","0","164","2022-05-14T18:06:00.000Z","1652551560",
"2551","22b77d7829c68dcd","E2:1F:7B:35:CC:08","42.68292682926829","3","1.0416666666666667","0","164","2022-05-14T18:07:00.000Z","1652551620",
"2551","22b77d7829c68dcd","E2:1F:7B:35:CC:08","67.07317073170732","7","1.0416666666666667","0","164","2022-05-14T18:08:00.000Z","1652551680",
"2551","22b77d7829c68dcd","E2:1F:7B:35:CC:08","68.29268292682927","0","1.4204545454545454","8","164","2022-05-14T18:09:00.000Z","1652551740",
"2551","22b77d7829c68dcd","E2:1F:7B:35:CC:08","68.29268292682927","6","0.9765625","16","164","2022-05-14T18:10:00.000Z","1652551800",
"2551","22b77d7829c68dcd","E2:1F:7B:35:CC:08","67.07317073170732","7","0.8680555555555556","2","164","2022-05-14T18:11:00.000Z","1652551860",
"2551","22b77d7829c68dcd","E2:1F:7B:35:CC:08","62.19512195121951","5","0.625","1","164","2022-05-14T18:12:00.000Z","1652551920",
"2551","22b77d7829c68dcd","E2:1F:7B:35:CC:08","76.82926829268293","1","0.6510416666666666","0","164","2022-05-14T18:13:00.000Z","1652551980",
"2551","22b77d7829c68dcd","E2:1F:7B:35:CC:08","100","5","0.9191176470588235","0","164","2022-05-14T18:14:00.000Z","1652552040",
"2551","22b77d7829c68dcd","E2:1F:7B:35:CC:08","74.39024390243902","5","0.9191176470588235","0","164","2022-05-14T18:15:00.000Z","1652552100",
"2551","22b77d7829c68dcd","E2:1F:7B:35:CC:08","67.07317073170732","3","1.0416666666666667","0","164","2022-05-14T18:16:00.000Z","1652552160",
"2551","22b77d7829c68dcd","E2:1F:7B:35:CC:08","75.60975609756098","3","1.2019230769230769","1","164","2022-05-14T18:17:00.000Z","1652552220",
"2551","22b77d7829c68dcd","E2:1F:7B:35:CC:08","82.92682926829268","6","1.2019230769230769","0","164","2022-05-14T18:18:00.000Z","1652552280",
"2551","22b77d7829c68dcd","E2:1F:7B:35:CC:08","68.29268292682927","3","1.2019230769230769","0","164","2022-05-14T18:19:00.000Z","1652552340",
"2551","22b77d7829c68dcd","E2:1F:7B:35:CC:08","57.31707317073171","2","1.0416666666666667","0","164","2022-05-14T18:20:00.000Z","1652552400",
"2551","22b77d7829c68dcd","E2:1F:7B:35:CC:08","67.07317073170732","4","1.0416666666666667","0","164","2022-05-14T18:21:00.000Z","1652552460",
"2551","22b77d7829c68dcd","E2:1F:7B:35:CC:08","100","5","1.5625","0","164","2022-05-14T18:22:00.000Z","1652552520",
"2551","22b77d7829c68dcd","E2:1F:7B:35:CC:08","100","5","1.1160714285714286","0","164","2022-05-14T18:23:00.000Z","1652552580",
"2551","22b77d7829c68dcd","E2:1F:7B:35:CC:08","87.8048780487805","1","0.8680555555555556","0","164","2022-05-14T18:24:00.000Z","1652552640",
"2551","22b77d7829c68dcd","E2:1F:7B:35:CC:08","82.92682926829268","6","1.2019230769230769","1","164","2022-05-14T18:25:00.000Z","1652552700",
"2551","22b77d7829c68dcd","E2:1F:7B:35:CC:08","70.73170731707317","4","1.2019230769230769","0","164","2022-05-14T18:26:00.000Z","1652552760",
"2551","22b77d7829c68dcd","E2:1F:7B:35:CC:08","60.97560975609756","1","1.1160714285714286","0","164","2022-05-14T18:27:00.000Z","1652552820",
"2551","22b77d7829c68dcd","E2:1F:7B:35:CC:08","43.90243902439025","4","1.0416666666666667","0","164","2022-05-14T18:28:00.000Z","1652552880",
"2551","22b77d7829c68dcd","E2:1F:7B:35:CC:08","41.46341463414634","7","1.0416666666666667","0","164","2022-05-14T18:29:00.000Z","1652552940",
"2551","22b77d7829c68dcd","E2:1F:7B:35:CC:08","51.21951219512195","5","1.1160714285714286","0","164","2022-05-14T18:30:00.000Z","1652553000",
"2551","22b77d7829c68dcd","E2:1F:7B:35:CC:08","100","4","1.5625","0","164","2022-05-14T18:31:00.000Z","1652553060",
"2551","22b77d7829c68dcd","E2:1F:7B:35:CC:08","91.46341463414635","3","1.4204545454545454","0","164","2022-05-14T18:32:00.000Z","1652553120",
"2551","22b77d7829c68dcd","E2:1F:7B:35:CC:08","68.29268292682927","3","1.4204545454545454","0","164","2022-05-14T18:33:00.000Z","1652553180",
"2551","22b77d7829c68dcd","E2:1F:7B:35:CC:08","47.5609756097561","2","1.2019230769230769","0","164","2022-05-14T18:34:00.000Z","1652553240",
"2551","22b77d7829c68dcd","E2:1F:7B:35:CC:08","50","3","1.4204545454545454","0","164","2022-05-14T18:35:00.000Z","1652553300",
"2551","22b77d7829c68dcd","E2:1F:7B:35:CC:08","81.70731707317073","3","1.7361111111111112","1","164","2022-05-14T18:36:00.000Z","1652553360",
"2551","22b77d7829c68dcd","E2:1F:7B:35:CC:08","93.90243902439025","1","1.4204545454545454","0","164","2022-05-14T18:37:00.000Z","1652553420",
"2551","22b77d7829c68dcd","E2:1F:7B:35:CC:08","75.60975609756098","1","1.2019230769230769","0","164","2022-05-14T18:38:00.000Z","1652553480",
"2551","22b77d7829c68dcd","E2:1F:7B:35:CC:08","51.21951219512195","3","1.1160714285714286","0","164","2022-05-14T18:39:00.000Z","1652553540",
"2551","22b77d7829c68dcd","E2:1F:7B:35:CC:08","80.48780487804878","6","0.9765625","0","164","2022-05-14T18:40:00.000Z","1652553600",
"2551","22b77d7829c68dcd","E2:1F:7B:35:CC:08","65.85365853658537","2","1.0416666666666667","0","164","2022-05-14T18:41:00.000Z","1652553660",
"2551","22b77d7829c68dcd","E2:1F:7B:35:CC:08","64.63414634146342","6","1.3020833333333333","2","164","2022-05-14T18:42:00.000Z","1652553720",
"2551","22b77d7829c68dcd","E2:1F:7B:35:CC:08","67.07317073170732","2","1.1160714285714286","2","164","2022-05-14T18:43:00.000Z","1652553780",
"2551","22b77d7829c68dcd","E2:1F:7B:35:CC:08","65.85365853658537","6","0.9765625","2","164","2022-05-14T18:44:00.000Z","1652553840",
"2551","22b77d7829c68dcd","E2:1F:7B:35:CC:08","47.5609756097561","4","0.7102272727272727","1","164","2022-05-14T18:45:00.000Z","1652553900",
"2551","22b77d7829c68dcd","E2:1F:7B:35:CC:08","46.34146341463415","7","0.7102272727272727","2","164","2022-05-14T18:46:00.000Z","1652553960",
"2551","22b77d7829c68dcd","E2:1F:7B:35:CC:08","51.21951219512195","6","1.2019230769230769","5","164","2022-05-14T18:47:00.000Z","1652554020",
"2551","22b77d7829c68dcd","E2:1F:7B:35:CC:08","58.53658536585366","7","1.3020833333333333","7","164","2022-05-14T18:48:00.000Z","1652554080",
"2551","22b77d7829c68dcd","E2:1F:7B:35:CC:08","63.41463414634146","1","0.8223684210526315","1","164","2022-05-14T18:49:00.000Z","1652554140",
"2551","22b77d7829c68dcd","E2:1F:7B:35:CC:08","54.8780487804878","7","0.6510416666666666","0","164","2022-05-14T18:50:00.000Z","1652554200",
"2551","22b77d7829c68dcd","E2:1F:7B:35:CC:08","42.68292682926829","2","0.5580357142857143","1","164","2022-05-14T18:51:00.000Z","1652554260",
"2551","22b77d7829c68dcd","E2:1F:7B:35:CC:08","37.80487804878049","2","0.7440476190476191","0","164","2022-05-14T18:52:00.000Z","1652554320",
"2551","22b77d7829c68dcd","E2:1F:7B:35:CC:08","65.85365853658537","6","0.78125","2","164","2022-05-14T18:53:00.000Z","1652554380",
"2551","22b77d7829c68dcd","E2:1F:7B:35:CC:08","81.70731707317073","5","0.9765625","0","164","2022-05-14T18:54:00.000Z","1652554440",
"2551","22b77d7829c68dcd","E2:1F:7B:35:CC:08","73.17073170731707","7","0.9191176470588235","1","164","2022-05-14T18:55:00.000Z","1652554500",
"2551","22b77d7829c68dcd","E2:1F:7B:35:CC:08","54.8780487804878","3","0.9191176470588235","2","164","2022-05-14T18:56:00.000Z","1652554560",
"2551","22b77d7829c68dcd","E2:1F:7B:35:CC:08","62.19512195121951","5","0.8223684210526315","1","164","2022-05-14T18:57:00.000Z","1652554620",
"2551","22b77d7829c68dcd","E2:1F:7B:35:CC:08","62.19512195121951","3","0.8680555555555556","4","164","2022-05-14T18:58:00.000Z","1652554680",
"2551","22b77d7829c68dcd","E2:1F:7B:35:CC:08","74.39024390243902","6","1.0416666666666667","0","164","2022-05-14T18:59:00.000Z","1652554740",
"2551","22b77d7829c68dcd","E2:1F:7B:35:CC:08","76.82926829268293","2","1.2019230769230769","4","164","2022-05-14T19:00:00.000Z","1652554800",
"2551","22b77d7829c68dcd","E2:1F:7B:35:CC:08","79.26829268292683","4","1.7361111111111112","0","164","2022-05-14T19:01:00.000Z","1652554860",
"2551","22b77d7829c68dcd","E2:1F:7B:35:CC:08","84.14634146341463","7","1.5625","0","164","2022-05-14T19:02:00.000Z","1652554920",
"2551","22b77d7829c68dcd","E2:1F:7B:35:CC:08","98.78048780487805","4","1.5625","0","164","2022-05-14T19:03:00.000Z","1652554980",
"2551","22b77d7829c68dcd","E2:1F:7B:35:CC:08","100","5","1.7361111111111112","0","164","2022-05-14T19:04:00.000Z","1652555040",
"2551","22b77d7829c68dcd","E2:1F:7B:35:CC:08","100","6","2.232142857142857","0","164","2022-05-14T19:05:00.000Z","1652555100",
"2551","22b77d7829c68dcd","E2:1F:7B:35:CC:08","85.36585365853658","1","1.7361111111111112","0","164","2022-05-14T19:06:00.000Z","1652555160",
"2551","22b77d7829c68dcd","E2:1F:7B:35:CC:08","56.09756097560975","2","1.7361111111111112","0","164","2022-05-14T19:07:00.000Z","1652555220",
"2551","22b77d7829c68dcd","E2:1F:7B:35:CC:08","42.68292682926829","0","1.5625","0","164","2022-05-14T19:08:00.000Z","1652555280",
"2551","22b77d7829c68dcd","E2:1F:7B:35:CC:08","39.02439024390244","0","1.7361111111111112","0","164","2022-05-14T19:09:00.000Z","1652555340",
"2551","22b77d7829c68dcd","E2:1F:7B:35:CC:08","40.24390243902439","2","1.7361111111111112","0","164","2022-05-14T19:10:00.000Z","1652555400",
"2551","22b77d7829c68dcd","E2:1F:7B:35:CC:08","48.78048780487805","5","2.232142857142857","0","164","2022-05-14T19:11:00.000Z","1652555460",
"2551","22b77d7829c68dcd","E2:1F:7B:35:CC:08","47.5609756097561","4","2.232142857142857","1","164","2022-05-14T19:12:00.000Z","1652555520",
"2551","22b77d7829c68dcd","E2:1F:7B:35:CC:08","57.31707317073171","0","2.6041666666666665","0","164","2022-05-14T19:13:00.000Z","1652555580",
"2551","22b77d7829c68dcd","E2:1F:7B:35:CC:08","43.90243902439025","4","3.125","0","164","2022-05-14T19:14:00.000Z","1652555640",
"2551","22b77d7829c68dcd","E2:1F:7B:35:CC:08","40.24390243902439","1","1.2019230769230769","0","164","2022-05-14T19:15:00.000Z","1652555700",
"2551","22b77d7829c68dcd","E2:1F:7B:35:CC:08","59.75609756097561","4","1.3020833333333333","0","164","2022-05-14T19:16:00.000Z","1652555760",
"2551","22b77d7829c68dcd","E2:1F:7B:35:CC:08","100","4","1.4204545454545454","0","164","2022-05-14T19:17:00.000Z","1652555820",
"2551","22b77d7829c68dcd","E2:1F:7B:35:CC:08","75.60975609756098","1","1.2019230769230769","0","164","2022-05-14T19:18:00.000Z","1652555880",
"2551","22b77d7829c68dcd","E2:1F:7B:35:CC:08","51.21951219512195","1","1.2019230769230769","0","164","2022-05-14T19:19:00.000Z","1652555940",
"2551","22b77d7829c68dcd","E2:1F:7B:35:CC:08","35.36585365853659","2","1.1160714285714286","0","164","2022-05-14T19:20:00.000Z","1652556000",
"2551","22b77d7829c68dcd","E2:1F:7B:35:CC:08","45.1219512195122","1","1.0416666666666667","1","164","2022-05-14T19:21:00.000Z","1652556060",
"2551","22b77d7829c68dcd","E2:1F:7B:35:CC:08","46.34146341463415","3","0.9191176470588235","0","164","2022-05-14T19:22:00.000Z","1652556120",
"2551","22b77d7829c68dcd","E2:1F:7B:35:CC:08","50","2","0.9191176470588235","0","164","2022-05-14T19:23:00.000Z","1652556180",
"2551","22b77d7829c68dcd","E2:1F:7B:35:CC:08","41.46341463414634","2","0.9191176470588235","1","164","2022-05-14T19:24:00.000Z","1652556240",
"2551","22b77d7829c68dcd","E2:1F:7B:35:CC:08","43.90243902439025","4","1.2019230769230769","0","164","2022-05-14T19:25:00.000Z","1652556300",
"2551","22b77d7829c68dcd","E2:1F:7B:35:CC:08","70.73170731707317","5","1.4204545454545454","0","164","2022-05-14T19:26:00.000Z","1652556360",
"2551","22b77d7829c68dcd","E2:1F:7B:35:CC:08","57.31707317073171","0","1.2019230769230769","0","164","2022-05-14T19:27:00.000Z","1652556420",
"2551","22b77d7829c68dcd","E2:1F:7B:35:CC:08","46.34146341463415","1","1.1160714285714286","0","164","2022-05-14T19:28:00.000Z","1652556480",
"2551","22b77d7829c68dcd","E2:1F:7B:35:CC:08","59.75609756097561","3","1.3020833333333333","0","164","2022-05-14T19:29:00.000Z","1652556540",
"2551","22b77d7829c68dcd","E2:1F:7B:35:CC:08","52.4390243902439","5","1.3020833333333333","0","164","2022-05-14T19:30:00.000Z","1652556600",
"2551","22b77d7829c68dcd","E2:1F:7B:35:CC:08","47.5609756097561","2","1.2019230769230769","0","164","2022-05-14T19:31:00.000Z","1652556660",
"2551","22b77d7829c68dcd","E2:1F:7B:35:CC:08","45.1219512195122","1","1.2019230769230769","0","164","2022-05-14T19:32:00.000Z","1652556720",
"2551","22b77d7829c68dcd","E2:1F:7B:35:CC:08","40.24390243902439","0","1.0416666666666667","0","164","2022-05-14T19:33:00.000Z","1652556780",
"2551","22b77d7829c68dcd","E2:1F:7B:35:CC:08","36.58536585365854","1","1.1160714285714286","0","164","2022-05-14T19:34:00.000Z","1652556840",
"2551","22b77d7829c68dcd","E2:1F:7B:35:CC:08","81.70731707317073","1","1.4204545454545454","0","164","2022-05-14T19:35:00.000Z","1652556900",
"2551","22b77d7829c68dcd","E2:1F:7B:35:CC:08","69.51219512195122","1","1.4204545454545454","0","164","2022-05-14T19:36:00.000Z","1652556960",
"2551","22b77d7829c68dcd","E2:1F:7B:35:CC:08","69.51219512195122","2","1.3020833333333333","0","164","2022-05-14T19:37:00.000Z","1652557020",
"2551","22b77d7829c68dcd","E2:1F:7B:35:CC:08","75.60975609756098","2","1.3020833333333333","0","164","2022-05-14T19:38:00.000Z","1652557080",
"2551","22b77d7829c68dcd","E2:1F:7B:35:CC:08","91.46341463414635","3","0.6009615384615384","0","164","2022-05-14T19:39:00.000Z","1652557140",
"2551","22b77d7829c68dcd","E2:1F:7B:35:CC:08","86.58536585365853","4","0.78125","0","164","2022-05-14T19:40:00.000Z","1652557200",
"2551","22b77d7829c68dcd","E2:1F:7B:35:CC:08","76.82926829268293","2","0.78125","0","164","2022-05-14T19:41:00.000Z","1652557260",
"2551","22b77d7829c68dcd","E2:1F:7B:35:CC:08","80.48780487804878","2","1.0416666666666667","0","164","2022-05-14T19:42:00.000Z","1652557320",
"2551","22b77d7829c68dcd","E2:1F:7B:35:CC:08","71.95121951219512","2","0.9765625","0","164","2022-05-14T19:43:00.000Z","1652557380",
"2551","22b77d7829c68dcd","E2:1F:7B:35:CC:08","69.51219512195122","1","1.0416666666666667","0","164","2022-05-14T19:44:00.000Z","1652557440",
"2551","22b77d7829c68dcd","E2:1F:7B:35:CC:08","69.51219512195122","0","0.4340277777777778","15","164","2022-05-14T19:45:00.000Z","1652557500",
"2551","22b77d7829c68dcd","E2:1F:7B:35:CC:08","67.07317073170732","7","0.44642857142857145","2","164","2022-05-14T19:46:00.000Z","1652557560",
"2551","22b77d7829c68dcd","E2:1F:7B:35:CC:08","67.07317073170732","6","0.6009615384615384","7","164","2022-05-14T19:47:00.000Z","1652557620",
"2551","22b77d7829c68dcd","E2:1F:7B:35:CC:08","69.51219512195122","0","0.8223684210526315","1","164","2022-05-14T19:48:00.000Z","1652557680",
"2551","22b77d7829c68dcd","E2:1F:7B:35:CC:08","68.29268292682927","4","0.7440476190476191","0","164","2022-05-14T19:49:00.000Z","1652557740",
"2551","22b77d7829c68dcd","E2:1F:7B:35:CC:08","53.65853658536585","5","0.7102272727272727","0","164","2022-05-14T19:50:00.000Z","1652557800",
"2551","22b77d7829c68dcd","E2:1F:7B:35:CC:08","51.21951219512195","4","0.6510416666666666","4","164","2022-05-14T19:51:00.000Z","1652557860",
"2551","22b77d7829c68dcd","E2:1F:7B:35:CC:08","57.31707317073171","5","0.7440476190476191","0","164","2022-05-14T19:52:00.000Z","1652557920",
"2551","22b77d7829c68dcd","E2:1F:7B:35:CC:08","63.41463414634146","8","0.625","0","164","2022-05-14T19:53:00.000Z","1652557980",
"2551","22b77d7829c68dcd","E2:1F:7B:35:CC:08","60.97560975609756","7","0.625","0","164","2022-05-14T19:54:00.000Z","1652558040",
"2551","22b77d7829c68dcd","E2:1F:7B:35:CC:08","48.78048780487805","1","0.7102272727272727","0","164","2022-05-14T19:55:00.000Z","1652558100",
"2551","22b77d7829c68dcd","E2:1F:7B:35:CC:08","43.90243902439025","1","0.625","0","164","2022-05-14T19:56:00.000Z","1652558160",
"2551","22b77d7829c68dcd","E2:1F:7B:35:CC:08","35.36585365853659","5","0.7102272727272727","0","164","2022-05-14T19:57:00.000Z","1652558220",
"2551","22b77d7829c68dcd","E2:1F:7B:35:CC:08","51.21951219512195","2","0.25614754098360654","0","164","2022-05-14T19:58:00.000Z","1652558280",
"2551","22b77d7829c68dcd","E2:1F:7B:35:CC:08","63.41463414634146","0","0.37202380952380953","0","164","2022-05-14T19:59:00.000Z","1652558340",
"2551","22b77d7829c68dcd","E2:1F:7B:35:CC:08","69.51219512195122","10","0.5787037037037037","1","164","2022-05-14T20:00:00.000Z","1652558400",
"2551","22b77d7829c68dcd","E2:1F:7B:35:CC:08","58.53658536585366","7","0.5580357142857143","0","164","2022-05-14T20:01:00.000Z","1652558460",
"2551","22b77d7829c68dcd","E2:1F:7B:35:CC:08","57.31707317073171","6","0.6793478260869565","1","164","2022-05-14T20:02:00.000Z","1652558520",
"2551","22b77d7829c68dcd","E2:1F:7B:35:CC:08","76.82926829268293","8","0.9191176470588235","0","164","2022-05-14T20:03:00.000Z","1652558580",
"2551","22b77d7829c68dcd","E2:1F:7B:35:CC:08","78.04878048780488","4","0.8223684210526315","0","164","2022-05-14T20:04:00.000Z","1652558640",
"2551","22b77d7829c68dcd","E2:1F:7B:35:CC:08","87.8048780487805","0","0.7440476190476191","7","164","2022-05-14T20:05:00.000Z","1652558700",
"2551","22b77d7829c68dcd","E2:1F:7B:35:CC:08","95.1219512195122","0","0.3472222222222222","12","164","2022-05-14T20:06:00.000Z","1652558760",
"2551","22b77d7829c68dcd","E2:1F:7B:35:CC:08","97.5609756097561","5","0.38109756097560976","0","164","2022-05-14T20:07:00.000Z","1652558820",
"2551","22b77d7829c68dcd","E2:1F:7B:35:CC:08","86.58536585365853","5","0.5208333333333334","0","164","2022-05-14T20:08:00.000Z","1652558880",
"2551","22b77d7829c68dcd","E2:1F:7B:35:CC:08","87.8048780487805","6","0.625","0","164","2022-05-14T20:09:00.000Z","1652558940",
"2551","22b77d7829c68dcd","E2:1F:7B:35:CC:08","65.85365853658537","4","0.6510416666666666","0","164","2022-05-14T20:10:00.000Z","1652559000",
"2551","22b77d7829c68dcd","E2:1F:7B:35:CC:08","51.21951219512195","7","0.78125","0","164","2022-05-14T20:11:00.000Z","1652559060",
"2551","22b77d7829c68dcd","E2:1F:7B:35:CC:08","100","6","0.9191176470588235","0","164","2022-05-14T20:12:00.000Z","1652559120",
"2551","22b77d7829c68dcd","E2:1F:7B:35:CC:08","93.90243902439025","2","0.78125","2","164","2022-05-14T20:13:00.000Z","1652559180",
"2551","22b77d7829c68dcd","E2:1F:7B:35:CC:08","78.04878048780488","9","0.8680555555555556","0","164","2022-05-14T20:14:00.000Z","1652559240",
"2551","22b77d7829c68dcd","E2:1F:7B:35:CC:08","52.4390243902439","1","0.8223684210526315","0","164","2022-05-14T20:15:00.000Z","1652559300",
"2551","22b77d7829c68dcd","E2:1F:7B:35:CC:08","56.09756097560975","3","0.78125","0","164","2022-05-14T20:16:00.000Z","1652559360",
"2551","22b77d7829c68dcd","E2:1F:7B:35:CC:08","40.24390243902439","1","0.78125","0","164","2022-05-14T20:17:00.000Z","1652559420",
"2551","22b77d7829c68dcd","E2:1F:7B:35:CC:08","28.048780487804876","1","0.7102272727272727","0","164","2022-05-14T20:18:00.000Z","1652559480",
"2551","22b77d7829c68dcd","E2:1F:7B:35:CC:08","21.951219512195124","2","0.7440476190476191","1","164","2022-05-14T20:19:00.000Z","1652559540",
"2551","22b77d7829c68dcd","E2:1F:7B:35:CC:08","36.58536585365854","4","0.6510416666666666","0","164","2022-05-14T20:20:00.000Z","1652559600",
"2551","22b77d7829c68dcd","E2:1F:7B:35:CC:08","100","8","1.0416666666666667","1","164","2022-05-14T20:21:00.000Z","1652559660",
"2551","22b77d7829c68dcd","E2:1F:7B:35:CC:08","100","3","0.78125","2","164","2022-05-14T20:22:00.000Z","1652559720",
"2551","22b77d7829c68dcd","E2:1F:7B:35:CC:08","92.6829268292683","5","0.9191176470588235","0","164","2022-05-14T20:23:00.000Z","1652559780",
"2551","22b77d7829c68dcd","E2:1F:7B:35:CC:08","90.2439024390244","2","1.2019230769230769","0","164","2022-05-14T20:24:00.000Z","1652559840",
"2551","22b77d7829c68dcd","E2:1F:7B:35:CC:08","82.92682926829268","1","1.0416666666666667","1","164","2022-05-14T20:25:00.000Z","1652559900",
"2551","22b77d7829c68dcd","E2:1F:7B:35:CC:08","82.92682926829268","6","1.0416666666666667","0","164","2022-05-14T20:26:00.000Z","1652559960",
"2551","22b77d7829c68dcd","E2:1F:7B:35:CC:08","64.63414634146342","5","1.2019230769230769","1","164","2022-05-14T20:27:00.000Z","1652560020",
"2551","22b77d7829c68dcd","E2:1F:7B:35:CC:08","45.1219512195122","2","1.0416666666666667","1","164","2022-05-14T20:28:00.000Z","1652560080",
"2551","22b77d7829c68dcd","E2:1F:7B:35:CC:08","57.31707317073171","5","1.3020833333333333","0","164","2022-05-14T20:29:00.000Z","1652560140",
"2551","22b77d7829c68dcd","E2:1F:7B:35:CC:08","54.8780487804878","0","0.9191176470588235","0","164","2022-05-14T20:30:00.000Z","1652560200",
"2551","22b77d7829c68dcd","E2:1F:7B:35:CC:08","100","5","1.1160714285714286","1","164","2022-05-14T20:31:00.000Z","1652560260",
"2551","22b77d7829c68dcd","E2:1F:7B:35:CC:08","87.8048780487805","8","1.7361111111111112","0","164","2022-05-14T20:32:00.000Z","1652560320",
"2551","22b77d7829c68dcd","E2:1F:7B:35:CC:08","92.6829268292683","3","1.5625","0","164","2022-05-14T20:33:00.000Z","1652560380",
"2551","22b77d7829c68dcd","E2:1F:7B:35:CC:08","100","2","1.7361111111111112","0","164","2022-05-14T20:34:00.000Z","1652560440",
"2551","22b77d7829c68dcd","E2:1F:7B:35:CC:08","91.46341463414635","2","1.3020833333333333","0","164","2022-05-14T20:35:00.000Z","1652560500",
"2551","22b77d7829c68dcd","E2:1F:7B:35:CC:08","90.2439024390244","7","1.7361111111111112","0","164","2022-05-14T20:36:00.000Z","1652560560",
"2551","22b77d7829c68dcd","E2:1F:7B:35:CC:08","96.34146341463415","4","1.953125","0","164","2022-05-14T20:37:00.000Z","1652560620",
"2551","22b77d7829c68dcd","E2:1F:7B:35:CC:08","95.1219512195122","1","1.5625","0","164","2022-05-14T20:38:00.000Z","1652560680",
"2551","22b77d7829c68dcd","E2:1F:7B:35:CC:08","100","10","2.232142857142857","0","164","2022-05-14T20:39:00.000Z","1652560740",
"2551","22b77d7829c68dcd","E2:1F:7B:35:CC:08","100","4","1.1160714285714286","1","164","2022-05-14T20:40:00.000Z","1652560800",
"2551","22b77d7829c68dcd","E2:1F:7B:35:CC:08","100","7","1.4204545454545454","4","164","2022-05-14T20:41:00.000Z","1652560860",
"2551","22b77d7829c68dcd","E2:1F:7B:35:CC:08","80.48780487804878","4","1.3020833333333333","0","164","2022-05-14T20:42:00.000Z","1652560920",
"2551","22b77d7829c68dcd","E2:1F:7B:35:CC:08","82.92682926829268","4","1.3020833333333333","0","164","2022-05-14T20:43:00.000Z","1652560980",
"2551","22b77d7829c68dcd","E2:1F:7B:35:CC:08","96.34146341463415","1","1.3020833333333333","0","164","2022-05-14T20:44:00.000Z","1652561040",
"2551","22b77d7829c68dcd","E2:1F:7B:35:CC:08","81.70731707317073","3","1.0416666666666667","0","164","2022-05-14T20:45:00.000Z","1652561100",
"2551","22b77d7829c68dcd","E2:1F:7B:35:CC:08","70.73170731707317","7","0.9191176470588235","2","164","2022-05-14T20:46:00.000Z","1652561160",
"2551","22b77d7829c68dcd","E2:1F:7B:35:CC:08","79.26829268292683","5","0.7102272727272727","8","164","2022-05-14T20:47:00.000Z","1652561220",
"2551","22b77d7829c68dcd","E2:1F:7B:35:CC:08","79.26829268292683","0","1.2019230769230769","5","164","2022-05-14T20:48:00.000Z","1652561280",
"2551","22b77d7829c68dcd","E2:1F:7B:35:CC:08","81.70731707317073","0","0.5580357142857143","16","164","2022-05-14T20:49:00.000Z","1652561340",
"2551","22b77d7829c68dcd","E2:1F:7B:35:CC:08","82.92682926829268","0","0.78125","25","164","2022-05-14T20:50:00.000Z","1652561400",
"2551","22b77d7829c68dcd","E2:1F:7B:35:CC:08","82.92682926829268","0","1.1160714285714286","26","164","2022-05-14T20:51:00.000Z","1652561460",
"2551","22b77d7829c68dcd","E2:1F:7B:35:CC:08","81.70731707317073","6","1.1160714285714286","11","164","2022-05-14T20:52:00.000Z","1652561520",
"2551","22b77d7829c68dcd","E2:1F:7B:35:CC:08","60.60606060606061","4","0.7102272727272727","0","165","2022-05-14T20:56:00.000Z","1652561760",
"2551","22b77d7829c68dcd","E2:1F:7B:35:CC:08","63.03030303030303","5","0.6009615384615384","0","165","2022-05-14T20:57:00.000Z","1652561820",
"2551","22b77d7829c68dcd","E2:1F:7B:35:CC:08","89.6969696969697","5","0.78125","2","165","2022-05-14T20:58:00.000Z","1652561880",
"2551","22b77d7829c68dcd","E2:1F:7B:35:CC:08","98.18181818181819","3","0.7440476190476191","1","165","2022-05-14T20:59:00.000Z","1652561940",
"2551","22b77d7829c68dcd","E2:1F:7B:35:CC:08","94.54545454545455","3","0.8680555555555556","0","165","2022-05-14T21:00:00.000Z","1652562000",
"2551","22b77d7829c68dcd","E2:1F:7B:35:CC:08","71.51515151515152","2","0.8223684210526315","0","165","2022-05-14T21:01:00.000Z","1652562060",
"2551","22b77d7829c68dcd","E2:1F:7B:35:CC:08","50.90909090909091","4","0.9191176470588235","0","165","2022-05-14T21:02:00.000Z","1652562120",
"2551","22b77d7829c68dcd","E2:1F:7B:35:CC:08","56.96969696969697","6","0.9191176470588235","0","165","2022-05-14T21:03:00.000Z","1652562180",
"2551","22b77d7829c68dcd","E2:1F:7B:35:CC:08","72.72727272727273","2","1.0416666666666667","0","165","2022-05-14T21:04:00.000Z","1652562240",
"2551","22b77d7829c68dcd","E2:1F:7B:35:CC:08","60.60606060606061","1","1.3020833333333333","0","165","2022-05-14T21:05:00.000Z","1652562300",
"2551","22b77d7829c68dcd","E2:1F:7B:35:CC:08","70.3030303030303","1","1.3020833333333333","0","165","2022-05-14T21:06:00.000Z","1652562360",
"2551","22b77d7829c68dcd","E2:1F:7B:35:CC:08","100","2","1.4204545454545454","0","165","2022-05-14T21:07:00.000Z","1652562420",
"2551","22b77d7829c68dcd","E2:1F:7B:35:CC:08","100","2","1.2019230769230769","1","165","2022-05-14T21:08:00.000Z","1652562480",
"2551","22b77d7829c68dcd","E2:1F:7B:35:CC:08","100","7","0.9765625","9","165","2022-05-14T21:09:00.000Z","1652562540",
"2551","22b77d7829c68dcd","E2:1F:7B:35:CC:08","100","0","0.9191176470588235","15","165","2022-05-14T21:10:00.000Z","1652562600",
"2551","22b77d7829c68dcd","E2:1F:7B:35:CC:08","99.39393939393939","7","1.2019230769230769","4","165","2022-05-14T21:11:00.000Z","1652562660",
"2551","22b77d7829c68dcd","E2:1F:7B:35:CC:08","89.6969696969697","4","1.0416666666666667","0","165","2022-05-14T21:12:00.000Z","1652562720",
"2551","22b77d7829c68dcd","E2:1F:7B:35:CC:08","93.33333333333333","6","1.2019230769230769","0","165","2022-05-14T21:13:00.000Z","1652562780",
"2551","22b77d7829c68dcd","E2:1F:7B:35:CC:08","75.15151515151516","2","1.4204545454545454","0","165","2022-05-14T21:14:00.000Z","1652562840",
"2551","22b77d7829c68dcd","E2:1F:7B:35:CC:08","56.96969696969697","1","1.3020833333333333","0","165","2022-05-14T21:15:00.000Z","1652562900",
"2551","22b77d7829c68dcd","E2:1F:7B:35:CC:08","72.72727272727273","4","1.7361111111111112","0","165","2022-05-14T21:16:00.000Z","1652562960",
"2551","22b77d7829c68dcd","E2:1F:7B:35:CC:08","81.21212121212122","1","1.5625","0","165","2022-05-14T21:17:00.000Z","1652563020",
"2551","22b77d7829c68dcd","E2:1F:7B:35:CC:08","63.03030303030303","2","1.5625","0","165","2022-05-14T21:18:00.000Z","1652563080",
"2551","22b77d7829c68dcd","E2:1F:7B:35:CC:08","58.18181818181818","1","1.5625","0","165","2022-05-14T21:19:00.000Z","1652563140",
"2551","22b77d7829c68dcd","E2:1F:7B:35:CC:08","80","3","1.5625","0","165","2022-05-14T21:20:00.000Z","1652563200",
"2551","22b77d7829c68dcd","E2:1F:7B:35:CC:08","63.03030303030303","1","1.5625","0","165","2022-05-14T21:21:00.000Z","1652563260",
"2551","22b77d7829c68dcd","E2:1F:7B:35:CC:08","61.81818181818182","6","0.8223684210526315","5","165","2022-05-14T21:22:00.000Z","1652563320",
"2551","22b77d7829c68dcd","E2:1F:7B:35:CC:08","77.57575757575758","4","0.9765625","0","165","2022-05-14T21:23:00.000Z","1652563380",
"2551","22b77d7829c68dcd","E2:1F:7B:35:CC:08","100","7","0.9765625","5","165","2022-05-14T21:24:00.000Z","1652563440",
"2551","22b77d7829c68dcd","E2:1F:7B:35:CC:08","83.63636363636364","8","1.1160714285714286","0","165","2022-05-14T21:25:00.000Z","1652563500",
"2551","22b77d7829c68dcd","E2:1F:7B:35:CC:08","60.60606060606061","4","1.2019230769230769","0","165","2022-05-14T21:26:00.000Z","1652563560",
"2551","22b77d7829c68dcd","E2:1F:7B:35:CC:08","53.333333333333336","10","1.2019230769230769","0","165","2022-05-14T21:27:00.000Z","1652563620",
"2551","22b77d7829c68dcd","E2:1F:7B:35:CC:08","71.51515151515152","6","1.1160714285714286","0","165","2022-05-14T21:28:00.000Z","1652563680",
"2551","22b77d7829c68dcd","E2:1F:7B:35:CC:08","64.24242424242425","2","1.0416666666666667","0","165","2022-05-14T21:29:00.000Z","1652563740",
"2551","22b77d7829c68dcd","E2:1F:7B:35:CC:08","63.03030303030303","4","1.2019230769230769","0","165","2022-05-14T21:30:00.000Z","1652563800",
"2551","22b77d7829c68dcd","E2:1F:7B:35:CC:08","63.03030303030303","2","1.2019230769230769","0","165","2022-05-14T21:31:00.000Z","1652563860",
"2551","22b77d7829c68dcd","E2:1F:7B:35:CC:08","49.696969696969695","1","1.1160714285714286","0","165","2022-05-14T21:32:00.000Z","1652563920",
"2551","22b77d7829c68dcd","E2:1F:7B:35:CC:08","75.15151515151516","3","1.2019230769230769","0","165","2022-05-14T21:33:00.000Z","1652563980",
"2551","22b77d7829c68dcd","E2:1F:7B:35:CC:08","75.15151515151516","7","1.7361111111111112","1","165","2022-05-14T21:34:00.000Z","1652564040",
"2551","22b77d7829c68dcd","E2:1F:7B:35:CC:08","100","4","2.232142857142857","0","165","2022-05-14T21:35:00.000Z","1652564100",
"2551","22b77d7829c68dcd","E2:1F:7B:35:CC:08","100","0","1.5625","0","165","2022-05-14T21:36:00.000Z","1652564160",
"2551","22b77d7829c68dcd","E2:1F:7B:35:CC:08","89.6969696969697","3","1.4204545454545454","0","165","2022-05-14T21:37:00.000Z","1652564220",
"2551","22b77d7829c68dcd","E2:1F:7B:35:CC:08","71.51515151515152","3","1.4204545454545454","0","165","2022-05-14T21:38:00.000Z","1652564280",
"2551","22b77d7829c68dcd","E2:1F:7B:35:CC:08","50.90909090909091","2","1.4204545454545454","0","165","2022-05-14T21:39:00.000Z","1652564340",
"2551","22b77d7829c68dcd","E2:1F:7B:35:CC:08","46.06060606060606","0","1.3020833333333333","0","165","2022-05-14T21:40:00.000Z","1652564400",
"2551","22b77d7829c68dcd","E2:1F:7B:35:CC:08","41.21212121212121","4","1.2019230769230769","0","165","2022-05-14T21:41:00.000Z","1652564460",
"2551","22b77d7829c68dcd","E2:1F:7B:35:CC:08","38.78787878787879","1","1.2019230769230769","0","165","2022-05-14T21:42:00.000Z","1652564520",
"2551","22b77d7829c68dcd","E2:1F:7B:35:CC:08","49.696969696969695","3","1.3020833333333333","0","165","2022-05-14T21:43:00.000Z","1652564580",
"2551","22b77d7829c68dcd","E2:1F:7B:35:CC:08","66.66666666666667","3","1.2019230769230769","0","165","2022-05-14T21:44:00.000Z","1652564640",
"2551","22b77d7829c68dcd","E2:1F:7B:35:CC:08","47.27272727272727","2","1.2019230769230769","0","165","2022-05-14T21:45:00.000Z","1652564700",
"2551","22b77d7829c68dcd","E2:1F:7B:35:CC:08","65.45454545454545","4","1.2019230769230769","0","165","2022-05-14T21:46:00.000Z","1652564760",
"2551","22b77d7829c68dcd","E2:1F:7B:35:CC:08","65.45454545454545","2","1.3020833333333333","0","165","2022-05-14T21:47:00.000Z","1652564820",
"2551","22b77d7829c68dcd","E2:1F:7B:35:CC:08","56.96969696969697","0","1.2019230769230769","0","165","2022-05-14T21:48:00.000Z","1652564880",
"2551","22b77d7829c68dcd","E2:1F:7B:35:CC:08","49.696969696969695","3","1.3020833333333333","0","165","2022-05-14T21:49:00.000Z","1652564940",
"2551","22b77d7829c68dcd","E2:1F:7B:35:CC:08","55.75757575757576","1","1.2019230769230769","0","165","2022-05-14T21:50:00.000Z","1652565000",
"2551","22b77d7829c68dcd","E2:1F:7B:35:CC:08","63.03030303030303","4","1.3020833333333333","0","165","2022-05-14T21:51:00.000Z","1652565060",
"2551","22b77d7829c68dcd","E2:1F:7B:35:CC:08","82.42424242424242","3","1.5625","0","165","2022-05-14T21:52:00.000Z","1652565120",
"2551","22b77d7829c68dcd","E2:1F:7B:35:CC:08","81.21212121212122","6","1.5625","0","165","2022-05-14T21:53:00.000Z","1652565180",
"2551","22b77d7829c68dcd","E2:1F:7B:35:CC:08","82.42424242424242","0","1.7361111111111112","0","165","2022-05-14T21:54:00.000Z","1652565240",
"2551","22b77d7829c68dcd","E2:1F:7B:35:CC:08","93.33333333333333","1","1.5625","0","165","2022-05-14T21:55:00.000Z","1652565300",
"2551","22b77d7829c68dcd","E2:1F:7B:35:CC:08","78.78787878787878","0","1.3020833333333333","0","165","2022-05-14T21:56:00.000Z","1652565360",
"2551","22b77d7829c68dcd","E2:1F:7B:35:CC:08","73.93939393939394","6","1.3020833333333333","0","165","2022-05-14T21:57:00.000Z","1652565420",
"2551","22b77d7829c68dcd","E2:1F:7B:35:CC:08","63.03030303030303","4","0.9765625","0","165","2022-05-14T21:58:00.000Z","1652565480",
"2551","22b77d7829c68dcd","E2:1F:7B:35:CC:08","66.66666666666667","7","1.3020833333333333","14","165","2022-05-14T21:59:00.000Z","1652565540",
"2551","22b77d7829c68dcd","E2:1F:7B:35:CC:08","66.66666666666667","0","0.33967391304347827","18","165","2022-05-14T22:00:00.000Z","1652565600",
"2551","22b77d7829c68dcd","E2:1F:7B:35:CC:08","67.87878787878788","0","0.5787037037037037","1","165","2022-05-14T22:01:00.000Z","1652565660",
"2551","22b77d7829c68dcd","E2:1F:7B:35:CC:08","93.33333333333333","9","1.0416666666666667","0","165","2022-05-14T22:02:00.000Z","1652565720",
"2551","22b77d7829c68dcd","E2:1F:7B:35:CC:08","100","8","1.4204545454545454","4","165","2022-05-14T22:03:00.000Z","1652565780",
"2551","22b77d7829c68dcd","E2:1F:7B:35:CC:08","100","0","0.9191176470588235","12","165","2022-05-14T22:04:00.000Z","1652565840",
"2551","22b77d7829c68dcd","E2:1F:7B:35:CC:08","100","0","1.1160714285714286","2","165","2022-05-14T22:05:00.000Z","1652565900",
"2551","22b77d7829c68dcd","E2:1F:7B:35:CC:08","100","0","0.8680555555555556","7","165","2022-05-14T22:06:00.000Z","1652565960",
"2551","22b77d7829c68dcd","E2:1F:7B:35:CC:08","99.39393939393939","7","0.5387931034482759","2","165","2022-05-14T22:07:00.000Z","1652566020",
"2551","22b77d7829c68dcd","E2:1F:7B:35:CC:08","96.96969696969697","0","0.7440476190476191","11","165","2022-05-14T22:08:00.000Z","1652566080",
"2551","22b77d7829c68dcd","E2:1F:7B:35:CC:08","96.96969696969697","0","0.9765625","18","165","2022-05-14T22:09:00.000Z","1652566140",
"2551","22b77d7829c68dcd","E2:1F:7B:35:CC:08","95.75757575757575","0","0.1953125","28","165","2022-05-14T22:10:00.000Z","1652566200",
"2551","22b77d7829c68dcd","E2:1F:7B:35:CC:08","96.96969696969697","5","0.3255208333333333","0","165","2022-05-14T22:11:00.000Z","1652566260",
"2551","22b77d7829c68dcd","E2:1F:7B:35:CC:08","98.18181818181819","0","0.78125","11","165","2022-05-14T22:12:00.000Z","1652566320",
"2551","22b77d7829c68dcd","E2:1F:7B:35:CC:08","94.54545454545455","9","0.5208333333333334","2","165","2022-05-14T22:13:00.000Z","1652566380",
"2551","22b77d7829c68dcd","E2:1F:7B:35:CC:08","78.78787878787878","3","0.5387931034482759","5","165","2022-05-14T22:14:00.000Z","1652566440",
"2551","22b77d7829c68dcd","E2:1F:7B:35:CC:08","64.24242424242425","10","0.78125","14","165","2022-05-14T22:15:00.000Z","1652566500",
"2551","22b77d7829c68dcd","E2:1F:7B:35:CC:08","64.24242424242425","6","0.5208333333333334","9","165","2022-05-14T22:16:00.000Z","1652566560",
"2551","22b77d7829c68dcd","E2:1F:7B:35:CC:08","67.87878787878788","3","0.294811320754717","16","165","2022-05-14T22:17:00.000Z","1652566620",
"2551","22b77d7829c68dcd","E2:1F:7B:35:CC:08","100","5","0.33967391304347827","0","165","2022-05-14T22:19:00.000Z","1652566740",
"2551","22b77d7829c68dcd","E2:1F:7B:35:CC:08","100","9","0.3125","1","165","2022-05-14T22:20:00.000Z","1652566800",
"2551","22b77d7829c68dcd","E2:1F:7B:35:CC:08","83.63636363636364","3","0.38109756097560976","0","165","2022-05-14T22:21:00.000Z","1652566860",
"2551","22b77d7829c68dcd","E2:1F:7B:35:CC:08","56.96969696969697","0","0.3472222222222222","0","165","2022-05-14T22:22:00.000Z","1652566920",
"2551","22b77d7829c68dcd","E2:1F:7B:35:CC:08","63.69426751592356","0","0.4340277777777778","4","157","2022-05-14T22:23:00.000Z","1652566980",
"2551","22b77d7829c68dcd","E2:1F:7B:35:CC:08","82.80254777070064","6","0.4734848484848485","2","157","2022-05-14T22:24:00.000Z","1652567040",
"2551","22b77d7829c68dcd","E2:1F:7B:35:CC:08","96.81528662420382","2","0.4734848484848485","0","157","2022-05-14T22:25:00.000Z","1652567100",
"2551","22b77d7829c68dcd","E2:1F:7B:35:CC:08","82.80254777070064","5","0.5387931034482759","1","157","2022-05-14T22:26:00.000Z","1652567160",
"2551","22b77d7829c68dcd","E2:1F:7B:35:CC:08","63.69426751592356","2","0.5787037037037037","2","157","2022-05-14T22:27:00.000Z","1652567220",
"2551","22b77d7829c68dcd","E2:1F:7B:35:CC:08","54.77707006369427","3","0.625","0","157","2022-05-14T22:28:00.000Z","1652567280",
"2551","22b77d7829c68dcd","E2:1F:7B:35:CC:08","75.1592356687898","11","0.8680555555555556","0","157","2022-05-14T22:29:00.000Z","1652567340",
"2551","22b77d7829c68dcd","E2:1F:7B:35:CC:08","58.59872611464968","5","0.7440476190476191","2","157","2022-05-14T22:30:00.000Z","1652567400",
"2551","22b77d7829c68dcd","E2:1F:7B:35:CC:08","29.29936305732484","0","0.78125","0","157","2022-05-14T22:31:00.000Z","1652567460",
"2551","22b77d7829c68dcd","E2:1F:7B:35:CC:08","16.56050955414013","1","0.78125","0","157","2022-05-14T22:32:00.000Z","1652567520",
"2551","22b77d7829c68dcd","E2:1F:7B:35:CC:08","10.19108280254777","0","0.8223684210526315","0","157","2022-05-14T22:33:00.000Z","1652567580",
"2551","22b77d7829c68dcd","E2:1F:7B:35:CC:08","6.369426751592357","0","0.8223684210526315","0","157","2022-05-14T22:34:00.000Z","1652567640",
"2551","22b77d7829c68dcd","E2:1F:7B:35:CC:08","3.821656050955414","0","0.8223684210526315","0","157","2022-05-14T22:35:00.000Z","1652567700",
"2551","22b77d7829c68dcd","E2:1F:7B:35:CC:08","2.5477707006369426","0","0.8223684210526315","0","157","2022-05-14T22:36:00.000Z","1652567760",
"2551","22b77d7829c68dcd","E2:1F:7B:35:CC:08","2.5477707006369426","0","0.8223684210526315","0","157","2022-05-14T22:37:00.000Z","1652567820",
"2551","22b77d7829c68dcd","E2:1F:7B:35:CC:08","2.5477707006369426","0","0.7102272727272727","0","157","2022-05-14T22:38:00.000Z","1652567880",
"2551","22b77d7829c68dcd","E2:1F:7B:35:CC:08","2.5477707006369426","0","0.7440476190476191","0","157","2022-05-14T22:39:00.000Z","1652567940",
"2551","22b77d7829c68dcd","E2:1F:7B:35:CC:08","2.5477707006369426","0","0.7440476190476191","0","157","2022-05-14T22:40:00.000Z","1652568000",
"2551","22b77d7829c68dcd","E2:1F:7B:35:CC:08","2.5477707006369426","0","0.7440476190476191","0","157","2022-05-14T22:41:00.000Z","1652568060",
"2551","22b77d7829c68dcd","E2:1F:7B:35:CC:08","2.5477707006369426","0","0.7440476190476191","0","157","2022-05-14T22:42:00.000Z","1652568120",
"2551","22b77d7829c68dcd","E2:1F:7B:35:CC:08","3.821656050955414","0","0.7440476190476191","0","157","2022-05-14T22:43:00.000Z","1652568180",
"2551","22b77d7829c68dcd","E2:1F:7B:35:CC:08","3.821656050955414","0","0.7440476190476191","0","157","2022-05-14T22:44:00.000Z","1652568240",
"2551","22b77d7829c68dcd","E2:1F:7B:35:CC:08","3.821656050955414","0","0.7440476190476191","0","157","2022-05-14T22:45:00.000Z","1652568300",
"2551","22b77d7829c68dcd","E2:1F:7B:35:CC:08","15.286624203821656","0","0.7102272727272727","0","157","2022-05-14T22:46:00.000Z","1652568360",
"2551","22b77d7829c68dcd","E2:1F:7B:35:CC:08","14.012738853503185","0","0.5387931034482759","1","157","2022-05-14T22:47:00.000Z","1652568420",
"2551","22b77d7829c68dcd","E2:1F:7B:35:CC:08","7.643312101910828","0","0.5387931034482759","0","157","2022-05-14T22:48:00.000Z","1652568480",
"2551","22b77d7829c68dcd","E2:1F:7B:35:CC:08","3.821656050955414","0","0.5387931034482759","0","157","2022-05-14T22:49:00.000Z","1652568540",
"2551","22b77d7829c68dcd","E2:1F:7B:35:CC:08","3.821656050955414","0","0.5387931034482759","0","157","2022-05-14T22:50:00.000Z","1652568600",
"2551","22b77d7829c68dcd","E2:1F:7B:35:CC:08","3.821656050955414","0","0.5387931034482759","0","157","2022-05-14T22:51:00.000Z","1652568660",
"2551","22b77d7829c68dcd","E2:1F:7B:35:CC:08","2.5477707006369426","0","0.5387931034482759","0","157","2022-05-14T22:52:00.000Z","1652568720",
"2551","22b77d7829c68dcd","E2:1F:7B:35:CC:08","2.5477707006369426","0","0.5387931034482759","0","157","2022-05-14T22:53:00.000Z","1652568780",
"2551","22b77d7829c68dcd","E2:1F:7B:35:CC:08","3.821656050955414","0","0.5387931034482759","0","157","2022-05-14T22:54:00.000Z","1652568840",
"2551","22b77d7829c68dcd","E2:1F:7B:35:CC:08","3.821656050955414","0","0.5387931034482759","0","157","2022-05-14T22:55:00.000Z","1652568900",
"2551","22b77d7829c68dcd","E2:1F:7B:35:CC:08","2.5477707006369426","0","0.5580357142857143","0","157","2022-05-14T22:56:00.000Z","1652568960",
"2551","22b77d7829c68dcd","E2:1F:7B:35:CC:08","2.5477707006369426","0","0.5580357142857143","0","157","2022-05-14T22:57:00.000Z","1652569020",
"2551","22b77d7829c68dcd","E2:1F:7B:35:CC:08","2.5477707006369426","0","0.5580357142857143","0","157","2022-05-14T22:58:00.000Z","1652569080",
"2551","22b77d7829c68dcd","E2:1F:7B:35:CC:08","2.5477707006369426","0","0.5580357142857143","0","157","2022-05-14T22:59:00.000Z","1652569140",
"2551","22b77d7829c68dcd","E2:1F:7B:35:CC:08","8.9171974522293","6","0.22007042253521128","8","157","2022-05-14T23:00:00.000Z","1652569200",
"2551","22b77d7829c68dcd","E2:1F:7B:35:CC:08","52.22929936305732","4","0.294811320754717","0","157","2022-05-14T23:01:00.000Z","1652569260",
"2551","22b77d7829c68dcd","E2:1F:7B:35:CC:08","35.6687898089172","0","0.3324468085106383","0","157","2022-05-14T23:02:00.000Z","1652569320",
"2551","22b77d7829c68dcd","E2:1F:7B:35:CC:08","21.656050955414013","0","0.35511363636363635","0","157","2022-05-14T23:03:00.000Z","1652569380",
"2551","22b77d7829c68dcd","E2:1F:7B:35:CC:08","15.286624203821656","0","0.37202380952380953","0","157","2022-05-14T23:04:00.000Z","1652569440",
"2551","22b77d7829c68dcd","E2:1F:7B:35:CC:08","10.19108280254777","0","0.390625","0","157","2022-05-14T23:05:00.000Z","1652569500",
"2551","22b77d7829c68dcd","E2:1F:7B:35:CC:08","7.643312101910828","0","0.41118421052631576","0","157","2022-05-14T23:06:00.000Z","1652569560",
"2551","22b77d7829c68dcd","E2:1F:7B:35:CC:08","7.643312101910828","0","0.4222972972972973","0","157","2022-05-14T23:07:00.000Z","1652569620",
"2551","22b77d7829c68dcd","E2:1F:7B:35:CC:08","6.369426751592357","0","0.4340277777777778","0","157","2022-05-14T23:08:00.000Z","1652569680",
"2551","22b77d7829c68dcd","E2:1F:7B:35:CC:08","6.369426751592357","0","0.45955882352941174","0","157","2022-05-14T23:09:00.000Z","1652569740",
"2551","22b77d7829c68dcd","E2:1F:7B:35:CC:08","5.095541401273885","0","0.4734848484848485","0","157","2022-05-14T23:10:00.000Z","1652569800",
"2551","22b77d7829c68dcd","E2:1F:7B:35:CC:08","5.095541401273885","0","0.48828125","0","157","2022-05-14T23:11:00.000Z","1652569860",
"2551","22b77d7829c68dcd","E2:1F:7B:35:CC:08","5.095541401273885","0","0.5040322580645161","0","157","2022-05-14T23:12:00.000Z","1652569920",
"2551","22b77d7829c68dcd","E2:1F:7B:35:CC:08","6.369426751592357","0","0.5208333333333334","0","157","2022-05-14T23:13:00.000Z","1652569980",
"2551","22b77d7829c68dcd","E2:1F:7B:35:CC:08","5.095541401273885","0","0.5387931034482759","0","157","2022-05-14T23:14:00.000Z","1652570040",
"2551","22b77d7829c68dcd","E2:1F:7B:35:CC:08","5.095541401273885","0","0.5580357142857143","0","157","2022-05-14T23:15:00.000Z","1652570100",
"2551","22b77d7829c68dcd","E2:1F:7B:35:CC:08","5.095541401273885","0","0.5787037037037037","0","157","2022-05-14T23:16:00.000Z","1652570160",
"2551","22b77d7829c68dcd","E2:1F:7B:35:CC:08","11.464968152866241","0","0.625","0","157","2022-05-14T23:17:00.000Z","1652570220",
"2551","22b77d7829c68dcd","E2:1F:7B:35:CC:08","17.8343949044586","0","0.6510416666666666","0","157","2022-05-14T23:18:00.000Z","1652570280",
"2551","22b77d7829c68dcd","E2:1F:7B:35:CC:08","15.286624203821656","1","0.6793478260869565","0","157","2022-05-14T23:19:00.000Z","1652570340",
"2551","22b77d7829c68dcd","E2:1F:7B:35:CC:08","14.012738853503185","0","0.5208333333333334","2","157","2022-05-14T23:20:00.000Z","1652570400",
"2551","22b77d7829c68dcd","E2:1F:7B:35:CC:08","31.84713375796178","2","0.6793478260869565","0","157","2022-05-14T23:21:00.000Z","1652570460",
"2551","22b77d7829c68dcd","E2:1F:7B:35:CC:08","19.10828025477707","0","0.7102272727272727","0","157","2022-05-14T23:22:00.000Z","1652570520",
"2551","22b77d7829c68dcd","E2:1F:7B:35:CC:08","10.19108280254777","0","0.7440476190476191","0","157","2022-05-14T23:23:00.000Z","1652570580",
"2551","22b77d7829c68dcd","E2:1F:7B:35:CC:08","8.9171974522293","0","0.78125","0","157","2022-05-14T23:24:00.000Z","1652570640",
"2551","22b77d7829c68dcd","E2:1F:7B:35:CC:08","6.369426751592357","0","0.78125","0","157","2022-05-14T23:25:00.000Z","1652570700",
"2551","22b77d7829c68dcd","E2:1F:7B:35:CC:08","6.369426751592357","0","0.78125","0","157","2022-05-14T23:26:00.000Z","1652570760",
"2551","22b77d7829c68dcd","E2:1F:7B:35:CC:08","12.738853503184714","2","0.5787037037037037","0","157","2022-05-14T23:27:00.000Z","1652570820",
"2551","22b77d7829c68dcd","E2:1F:7B:35:CC:08","25.477707006369428","2","0.625","0","157","2022-05-14T23:28:00.000Z","1652570880",
"2551","22b77d7829c68dcd","E2:1F:7B:35:CC:08","19.10828025477707","0","0.625","0","157","2022-05-14T23:29:00.000Z","1652570940",
"2551","22b77d7829c68dcd","E2:1F:7B:35:CC:08","16.56050955414013","0","0.6009615384615384","0","157","2022-05-14T23:30:00.000Z","1652571000",
"2551","22b77d7829c68dcd","E2:1F:7B:35:CC:08","11.464968152866241","0","0.6009615384615384","0","157","2022-05-14T23:31:00.000Z","1652571060",
"2551","22b77d7829c68dcd","E2:1F:7B:35:CC:08","7.643312101910828","0","0.5787037037037037","0","157","2022-05-14T23:32:00.000Z","1652571120",
"2551","22b77d7829c68dcd","E2:1F:7B:35:CC:08","6.369426751592357","0","0.5787037037037037","0","157","2022-05-14T23:33:00.000Z","1652571180",
"2551","22b77d7829c68dcd","E2:1F:7B:35:CC:08","6.369426751592357","0","0.4340277777777778","0","157","2022-05-14T23:34:00.000Z","1652571240",
"2551","22b77d7829c68dcd","E2:1F:7B:35:CC:08","16.56050955414013","0","0.4734848484848485","0","157","2022-05-14T23:35:00.000Z","1652571300",
"2551","22b77d7829c68dcd","E2:1F:7B:35:CC:08","10.19108280254777","0","0.48828125","0","157","2022-05-14T23:36:00.000Z","1652571360",
"2551","22b77d7829c68dcd","E2:1F:7B:35:CC:08","5.095541401273885","0","0.5040322580645161","0","157","2022-05-14T23:37:00.000Z","1652571420",
"2551","22b77d7829c68dcd","E2:1F:7B:35:CC:08","3.821656050955414","0","0.5040322580645161","0","157","2022-05-14T23:38:00.000Z","1652571480",
"2551","22b77d7829c68dcd","E2:1F:7B:35:CC:08","6.369426751592357","0","0.5040322580645161","0","157","2022-05-14T23:39:00.000Z","1652571540",
"2551","22b77d7829c68dcd","E2:1F:7B:35:CC:08","5.095541401273885","0","0.5040322580645161","0","157","2022-05-14T23:40:00.000Z","1652571600",
"2551","22b77d7829c68dcd","E2:1F:7B:35:CC:08","10.19108280254777","1","0.5040322580645161","1","157","2022-05-14T23:41:00.000Z","1652571660",
"2551","22b77d7829c68dcd","E2:1F:7B:35:CC:08","17.8343949044586","0","0.5580357142857143","0","157","2022-05-14T23:42:00.000Z","1652571720",
"2551","22b77d7829c68dcd","E2:1F:7B:35:CC:08","10.19108280254777","0","0.5787037037037037","0","157","2022-05-14T23:43:00.000Z","1652571780",
"2551","22b77d7829c68dcd","E2:1F:7B:35:CC:08","5.095541401273885","0","0.6009615384615384","0","157","2022-05-14T23:44:00.000Z","1652571840",
"2551","22b77d7829c68dcd","E2:1F:7B:35:CC:08","3.821656050955414","0","0.6009615384615384","0","157","2022-05-14T23:45:00.000Z","1652571900",
"2551","22b77d7829c68dcd","E2:1F:7B:35:CC:08","3.821656050955414","0","0.625","0","157","2022-05-14T23:46:00.000Z","1652571960",
"2551","22b77d7829c68dcd","E2:1F:7B:35:CC:08","11.464968152866241","0","0.5387931034482759","1","157","2022-05-14T23:47:00.000Z","1652572020",
"2551","22b77d7829c68dcd","E2:1F:7B:35:CC:08","7.643312101910828","0","0.5580357142857143","0","157","2022-05-14T23:48:00.000Z","1652572080",
"2551","22b77d7829c68dcd","E2:1F:7B:35:CC:08","12.738853503184714","0","0.6009615384615384","0","157","2022-05-14T23:49:00.000Z","1652572140",
"2551","22b77d7829c68dcd","E2:1F:7B:35:CC:08","12.738853503184714","0","0.625","0","157","2022-05-14T23:50:00.000Z","1652572200",
"2551","22b77d7829c68dcd","E2:1F:7B:35:CC:08","10.19108280254777","0","0.5580357142857143","1","157","2022-05-14T23:51:00.000Z","1652572260",
"2551","22b77d7829c68dcd","E2:1F:7B:35:CC:08","15.286624203821656","1","0.41118421052631576","0","157","2022-05-14T23:52:00.000Z","1652572320",
"2551","22b77d7829c68dcd","E2:1F:7B:35:CC:08","12.738853503184714","0","0.4222972972972973","0","157","2022-05-14T23:53:00.000Z","1652572380",
"2551","22b77d7829c68dcd","E2:1F:7B:35:CC:08","14.012738853503185","0","0.4340277777777778","0","157","2022-05-14T23:54:00.000Z","1652572440",
"2551","22b77d7829c68dcd","E2:1F:7B:35:CC:08","16.56050955414013","1","0.44642857142857145","0","157","2022-05-14T23:55:00.000Z","1652572500",
"2551","22b77d7829c68dcd","E2:1F:7B:35:CC:08","26.751592356687897","0","0.4340277777777778","0","157","2022-05-14T23:56:00.000Z","1652572560",
"2551","22b77d7829c68dcd","E2:1F:7B:35:CC:08","38.21656050955414","4","0.45955882352941174","0","157","2022-05-14T23:57:00.000Z","1652572620",
"2551","22b77d7829c68dcd","E2:1F:7B:35:CC:08","22.929936305732483","0","0.4734848484848485","0","157","2022-05-14T23:58:00.000Z","1652572680",
"2551","22b77d7829c68dcd","E2:1F:7B:35:CC:08","20.38216560509554","1","0.5208333333333334","0","157","2022-05-14T23:59:00.000Z","1652572740",
"2551","22b77d7829c68dcd","E2:1F:7B:35:CC:08","24.203821656050955","3","0.5580357142857143","0","157","2022-05-15T00:00:00.000Z","1652572800",
"2551","22b77d7829c68dcd","E2:1F:7B:35:CC:08","25.477707006369428","3","0.5787037037037037","0","157","2022-05-15T00:01:00.000Z","1652572860",
"2551","22b77d7829c68dcd","E2:1F:7B:35:CC:08","29.29936305732484","3","0.6009615384615384","0","157","2022-05-15T00:02:00.000Z","1652572920",
"2551","22b77d7829c68dcd","E2:1F:7B:35:CC:08","30.573248407643312","5","0.6793478260869565","0","157","2022-05-15T00:03:00.000Z","1652572980",
"2551","22b77d7829c68dcd","E2:1F:7B:35:CC:08","36.94267515923567","4","0.7440476190476191","0","157","2022-05-15T00:04:00.000Z","1652573040",
"2551","22b77d7829c68dcd","E2:1F:7B:35:CC:08","33.12101910828026","3","0.78125","0","157","2022-05-15T00:05:00.000Z","1652573100",
"2551","22b77d7829c68dcd","E2:1F:7B:35:CC:08","31.84713375796178","4","0.8223684210526315","0","157","2022-05-15T00:06:00.000Z","1652573160",
"2551","22b77d7829c68dcd","E2:1F:7B:35:CC:08","42.038216560509554","2","0.8680555555555556","0","157","2022-05-15T00:07:00.000Z","1652573220",
"2551","22b77d7829c68dcd","E2:1F:7B:35:CC:08","48.40764331210191","4","0.9191176470588235","0","157","2022-05-15T00:08:00.000Z","1652573280",
"2551","22b77d7829c68dcd","E2:1F:7B:35:CC:08","62.4203821656051","8","1.1160714285714286","0","157","2022-05-15T00:09:00.000Z","1652573340",
"2551","22b77d7829c68dcd","E2:1F:7B:35:CC:08","56.05095541401274","6","1.3020833333333333","0","157","2022-05-15T00:10:00.000Z","1652573400",
"2551","22b77d7829c68dcd","E2:1F:7B:35:CC:08","54.77707006369427","7","1.3020833333333333","0","157","2022-05-15T00:11:00.000Z","1652573460",
"2551","22b77d7829c68dcd","E2:1F:7B:35:CC:08","47.13375796178344","3","1.3020833333333333","0","157","2022-05-15T00:12:00.000Z","1652573520",
"2551","22b77d7829c68dcd","E2:1F:7B:35:CC:08","66.24203821656052","6","1.4204545454545454","0","157","2022-05-15T00:13:00.000Z","1652573580",
"2551","22b77d7829c68dcd","E2:1F:7B:35:CC:08","66.24203821656052","5","1.4204545454545454","0","157","2022-05-15T00:14:00.000Z","1652573640",
"2551","22b77d7829c68dcd","E2:1F:7B:35:CC:08","57.32484076433121","7","1.5625","0","157","2022-05-15T00:15:00.000Z","1652573700",
"2551","22b77d7829c68dcd","E2:1F:7B:35:CC:08","62.4203821656051","6","1.5625","0","157","2022-05-15T00:16:00.000Z","1652573760",
"2551","22b77d7829c68dcd","E2:1F:7B:35:CC:08","66.24203821656052","7","1.7361111111111112","0","157","2022-05-15T00:17:00.000Z","1652573820",
"2551","22b77d7829c68dcd","E2:1F:7B:35:CC:08","62.4203821656051","8","1.7361111111111112","0","157","2022-05-15T00:18:00.000Z","1652573880",
"2551","22b77d7829c68dcd","E2:1F:7B:35:CC:08","58.59872611464968","7","1.953125","0","157","2022-05-15T00:19:00.000Z","1652573940",
"2551","22b77d7829c68dcd","E2:1F:7B:35:CC:08","62.4203821656051","6","1.953125","0","157","2022-05-15T00:20:00.000Z","1652574000",
"2551","22b77d7829c68dcd","E2:1F:7B:35:CC:08","59.87261146496815","6","1.953125","0","157","2022-05-15T00:21:00.000Z","1652574060",
"2551","22b77d7829c68dcd","E2:1F:7B:35:CC:08","71.3375796178344","8","2.232142857142857","0","157","2022-05-15T00:22:00.000Z","1652574120",
"2551","22b77d7829c68dcd","E2:1F:7B:35:CC:08","66.24203821656052","5","2.232142857142857","0","157","2022-05-15T00:23:00.000Z","1652574180",
"2551","22b77d7829c68dcd","E2:1F:7B:35:CC:08","63.69426751592356","8","2.232142857142857","0","157","2022-05-15T00:24:00.000Z","1652574240",
"2551","22b77d7829c68dcd","E2:1F:7B:35:CC:08","64.96815286624204","8","2.6041666666666665","0","157","2022-05-15T00:25:00.000Z","1652574300",
"2551","22b77d7829c68dcd","E2:1F:7B:35:CC:08","62.4203821656051","7","1.953125","1","157","2022-05-15T00:26:00.000Z","1652574360",
"2551","22b77d7829c68dcd","E2:1F:7B:35:CC:08","68.78980891719745","7","1.953125","0","157","2022-05-15T00:27:00.000Z","1652574420",
"2551","22b77d7829c68dcd","E2:1F:7B:35:CC:08","71.3375796178344","7","2.232142857142857","0","157","2022-05-15T00:28:00.000Z","1652574480",
"2551","22b77d7829c68dcd","E2:1F:7B:35:CC:08","75.1592356687898","7","2.232142857142857","0","157","2022-05-15T00:29:00.000Z","1652574540",
"2551","22b77d7829c68dcd","E2:1F:7B:35:CC:08","81.52866242038216","8","2.232142857142857","0","157","2022-05-15T00:30:00.000Z","1652574600",
"2551","22b77d7829c68dcd","E2:1F:7B:35:CC:08","81.52866242038216","5","2.232142857142857","0","157","2022-05-15T00:31:00.000Z","1652574660",
"2551","22b77d7829c68dcd","E2:1F:7B:35:CC:08","82.80254777070064","7","2.6041666666666665","0","157","2022-05-15T00:32:00.000Z","1652574720",
"2551","22b77d7829c68dcd","E2:1F:7B:35:CC:08","85.35031847133757","6","2.6041666666666665","0","157","2022-05-15T00:33:00.000Z","1652574780",
"2551","22b77d7829c68dcd","E2:1F:7B:35:CC:08","82.80254777070064","7","2.6041666666666665","0","157","2022-05-15T00:34:00.000Z","1652574840",
"2551","22b77d7829c68dcd","E2:1F:7B:35:CC:08","67.51592356687898","4","2.232142857142857","1","157","2022-05-15T00:35:00.000Z","1652574900",
"2551","22b77d7829c68dcd","E2:1F:7B:35:CC:08","71.3375796178344","5","2.232142857142857","0","157","2022-05-15T00:36:00.000Z","1652574960",
"2551","22b77d7829c68dcd","E2:1F:7B:35:CC:08","84.07643312101911","6","2.232142857142857","0","157","2022-05-15T00:37:00.000Z","1652575020",
"2551","22b77d7829c68dcd","E2:1F:7B:35:CC:08","77.70700636942675","6","2.232142857142857","0","157","2022-05-15T00:38:00.000Z","1652575080",
"2551","22b77d7829c68dcd","E2:1F:7B:35:CC:08","89.171974522293","5","2.232142857142857","0","157","2022-05-15T00:39:00.000Z","1652575140",
"2551","22b77d7829c68dcd","E2:1F:7B:35:CC:08","67.51592356687898","2","2.232142857142857","0","157","2022-05-15T00:40:00.000Z","1652575200",
"2551","22b77d7829c68dcd","E2:1F:7B:35:CC:08","66.24203821656052","2","2.232142857142857","0","157","2022-05-15T00:41:00.000Z","1652575260",
"2551","22b77d7829c68dcd","E2:1F:7B:35:CC:08","63.69426751592356","4","2.232142857142857","0","157","2022-05-15T00:42:00.000Z","1652575320",
"2551","22b77d7829c68dcd","E2:1F:7B:35:CC:08","80.2547770700637","2","2.232142857142857","0","157","2022-05-15T00:43:00.000Z","1652575380",
"2551","22b77d7829c68dcd","E2:1F:7B:35:CC:08","66.24203821656052","0","1.7361111111111112","0","157","2022-05-15T00:44:00.000Z","1652575440",
"2551","22b77d7829c68dcd","E2:1F:7B:35:CC:08","43.31210191082803","0","1.7361111111111112","0","157","2022-05-15T00:45:00.000Z","1652575500",
"2551","22b77d7829c68dcd","E2:1F:7B:35:CC:08","35.6687898089172","2","1.7361111111111112","0","157","2022-05-15T00:46:00.000Z","1652575560",
"2551","22b77d7829c68dcd","E2:1F:7B:35:CC:08","40.76433121019108","6","1.4204545454545454","0","157","2022-05-15T00:47:00.000Z","1652575620",
"2551","22b77d7829c68dcd","E2:1F:7B:35:CC:08","35.6687898089172","3","1.2019230769230769","0","157","2022-05-15T00:48:00.000Z","1652575680",
"2551","22b77d7829c68dcd","E2:1F:7B:35:CC:08","29.29936305732484","0","1.2019230769230769","0","157","2022-05-15T00:49:00.000Z","1652575740",
"2551","22b77d7829c68dcd","E2:1F:7B:35:CC:08","31.84713375796178","2","1.3020833333333333","0","157","2022-05-15T00:50:00.000Z","1652575800",
"2551","22b77d7829c68dcd","E2:1F:7B:35:CC:08","28.02547770700637","0","1.3020833333333333","0","157","2022-05-15T00:51:00.000Z","1652575860",
"2551","22b77d7829c68dcd","E2:1F:7B:35:CC:08","22.929936305732483","0","1.3020833333333333","0","157","2022-05-15T00:52:00.000Z","1652575920",
"2551","22b77d7829c68dcd","E2:1F:7B:35:CC:08","16.56050955414013","0","1.3020833333333333","0","157","2022-05-15T00:53:00.000Z","1652575980",
"2551","22b77d7829c68dcd","E2:1F:7B:35:CC:08","11.464968152866241","0","1.3020833333333333","0","157","2022-05-15T00:54:00.000Z","1652576040",
"2551","22b77d7829c68dcd","E2:1F:7B:35:CC:08","8.9171974522293","0","1.3020833333333333","0","157","2022-05-15T00:55:00.000Z","1652576100",
"2551","22b77d7829c68dcd","E2:1F:7B:35:CC:08","7.643312101910828","0","1.3020833333333333","0","157","2022-05-15T00:56:00.000Z","1652576160",
"2551","22b77d7829c68dcd","E2:1F:7B:35:CC:08","7.643312101910828","0","1.3020833333333333","0","157","2022-05-15T00:57:00.000Z","1652576220",
"2551","22b77d7829c68dcd","E2:1F:7B:35:CC:08","8.9171974522293","0","1.2019230769230769","0","157","2022-05-15T00:58:00.000Z","1652576280",
"2551","22b77d7829c68dcd","E2:1F:7B:35:CC:08","6.369426751592357","0","1.2019230769230769","0","157","2022-05-15T00:59:00.000Z","1652576340",
"2551","22b77d7829c68dcd","E2:1F:7B:35:CC:08","8.9171974522293","0","0.78125","0","157","2022-05-15T01:00:00.000Z","1652576400",
"2551","22b77d7829c68dcd","E2:1F:7B:35:CC:08","7.643312101910828","0","0.78125","0","157","2022-05-15T01:01:00.000Z","1652576460",
"2551","22b77d7829c68dcd","E2:1F:7B:35:CC:08","11.464968152866241","0","0.78125","0","157","2022-05-15T01:02:00.000Z","1652576520",
"2551","22b77d7829c68dcd","E2:1F:7B:35:CC:08","7.643312101910828","0","0.78125","0","157","2022-05-15T01:03:00.000Z","1652576580",
"2551","22b77d7829c68dcd","E2:1F:7B:35:CC:08","6.369426751592357","0","0.78125","0","157","2022-05-15T01:04:00.000Z","1652576640",
"2551","22b77d7829c68dcd","E2:1F:7B:35:CC:08","6.369426751592357","0","0.6510416666666666","0","157","2022-05-15T01:05:00.000Z","1652576700",
"2551","22b77d7829c68dcd","E2:1F:7B:35:CC:08","33.12101910828026","1","0.9191176470588235","0","157","2022-05-15T01:06:00.000Z","1652576760",
"2551","22b77d7829c68dcd","E2:1F:7B:35:CC:08","12.738853503184714","0","0.9191176470588235","0","157","2022-05-15T01:07:00.000Z","1652576820",
"2551","22b77d7829c68dcd","E2:1F:7B:35:CC:08","6.369426751592357","0","0.9191176470588235","0","157","2022-05-15T01:08:00.000Z","1652576880",
"2551","22b77d7829c68dcd","E2:1F:7B:35:CC:08","5.095541401273885","0","0.6009615384615384","0","157","2022-05-15T01:09:00.000Z","1652576940",
"2551","22b77d7829c68dcd","E2:1F:7B:35:CC:08","7.643312101910828","0","0.6009615384615384","0","157","2022-05-15T01:10:00.000Z","1652577000",
"2551","22b77d7829c68dcd","E2:1F:7B:35:CC:08","8.9171974522293","0","0.5387931034482759","0","157","2022-05-15T01:11:00.000Z","1652577060",
"2551","22b77d7829c68dcd","E2:1F:7B:35:CC:08","14.012738853503185","1","0.5787037037037037","0","157","2022-05-15T01:12:00.000Z","1652577120",
"2551","22b77d7829c68dcd","E2:1F:7B:35:CC:08","7.643312101910828","0","0.5787037037037037","0","157","2022-05-15T01:13:00.000Z","1652577180",
"2551","22b77d7829c68dcd","E2:1F:7B:35:CC:08","5.095541401273885","0","0.5787037037037037","0","157","2022-05-15T01:14:00.000Z","1652577240",
"2551","22b77d7829c68dcd","E2:1F:7B:35:CC:08","3.821656050955414","0","0.5787037037037037","0","157","2022-05-15T01:15:00.000Z","1652577300",
"2551","22b77d7829c68dcd","E2:1F:7B:35:CC:08","3.821656050955414","0","0.6009615384615384","0","157","2022-05-15T01:16:00.000Z","1652577360",
"2551","22b77d7829c68dcd","E2:1F:7B:35:CC:08","3.821656050955414","0","0.6009615384615384","0","157","2022-05-15T01:17:00.000Z","1652577420",
"2551","22b77d7829c68dcd","E2:1F:7B:35:CC:08","5.095541401273885","0","0.625","0","157","2022-05-15T01:18:00.000Z","1652577480",
"2551","22b77d7829c68dcd","E2:1F:7B:35:CC:08","5.095541401273885","0","0.625","0","157","2022-05-15T01:19:00.000Z","1652577540",
"2551","22b77d7829c68dcd","E2:1F:7B:35:CC:08","3.821656050955414","0","0.625","0","157","2022-05-15T01:20:00.000Z","1652577600",
"2551","22b77d7829c68dcd","E2:1F:7B:35:CC:08","3.821656050955414","0","0.6510416666666666","0","157","2022-05-15T01:21:00.000Z","1652577660",
"2551","22b77d7829c68dcd","E2:1F:7B:35:CC:08","3.821656050955414","0","0.6510416666666666","0","157","2022-05-15T01:22:00.000Z","1652577720",
"2551","22b77d7829c68dcd","E2:1F:7B:35:CC:08","3.821656050955414","0","0.6510416666666666","0","157","2022-05-15T01:23:00.000Z","1652577780",
"2551","22b77d7829c68dcd","E2:1F:7B:35:CC:08","3.821656050955414","0","0.6510416666666666","0","157","2022-05-15T01:24:00.000Z","1652577840",
"2551","22b77d7829c68dcd","E2:1F:7B:35:CC:08","3.821656050955414","0","0.6793478260869565","0","157","2022-05-15T01:25:00.000Z","1652577900",
"2551","22b77d7829c68dcd","E2:1F:7B:35:CC:08","7.643312101910828","0","0.6793478260869565","0","157","2022-05-15T01:26:00.000Z","1652577960",
"2551","22b77d7829c68dcd","E2:1F:7B:35:CC:08","5.095541401273885","0","0.6793478260869565","0","157","2022-05-15T01:27:00.000Z","1652578020",
"2551","22b77d7829c68dcd","E2:1F:7B:35:CC:08","3.821656050955414","0","0.6793478260869565","0","157","2022-05-15T01:28:00.000Z","1652578080",
"2551","22b77d7829c68dcd","E2:1F:7B:35:CC:08","7.643312101910828","0","0.6793478260869565","0","157","2022-05-15T01:29:00.000Z","1652578140",
"2551","22b77d7829c68dcd","E2:1F:7B:35:CC:08","3.821656050955414","0","0.6793478260869565","0","157","2022-05-15T01:30:00.000Z","1652578200",
"2551","22b77d7829c68dcd","E2:1F:7B:35:CC:08","2.5477707006369426","0","0.7102272727272727","0","157","2022-05-15T01:31:00.000Z","1652578260",
"2551","22b77d7829c68dcd","E2:1F:7B:35:CC:08","7.643312101910828","0","0.6793478260869565","0","157","2022-05-15T01:32:00.000Z","1652578320",
"2551","22b77d7829c68dcd","E2:1F:7B:35:CC:08","6.369426751592357","0","0.7102272727272727","0","157","2022-05-15T01:33:00.000Z","1652578380",
"2551","22b77d7829c68dcd","E2:1F:7B:35:CC:08","6.369426751592357","0","0.7102272727272727","0","157","2022-05-15T01:34:00.000Z","1652578440",
"2551","22b77d7829c68dcd","E2:1F:7B:35:CC:08","5.095541401273885","0","0.7102272727272727","0","157","2022-05-15T01:35:00.000Z","1652578500",
"2551","22b77d7829c68dcd","E2:1F:7B:35:CC:08","8.9171974522293","0","0.7102272727272727","0","157","2022-05-15T01:36:00.000Z","1652578560",
"2551","22b77d7829c68dcd","E2:1F:7B:35:CC:08","6.369426751592357","0","0.7102272727272727","0","157","2022-05-15T01:37:00.000Z","1652578620",
"2551","22b77d7829c68dcd","E2:1F:7B:35:CC:08","3.821656050955414","0","0.7102272727272727","0","157","2022-05-15T01:38:00.000Z","1652578680",
"2551","22b77d7829c68dcd","E2:1F:7B:35:CC:08","7.643312101910828","0","0.7102272727272727","0","157","2022-05-15T01:39:00.000Z","1652578740",
"2551","22b77d7829c68dcd","E2:1F:7B:35:CC:08","6.369426751592357","0","0.7102272727272727","0","157","2022-05-15T01:40:00.000Z","1652578800",
"2551","22b77d7829c68dcd","E2:1F:7B:35:CC:08","7.643312101910828","0","0.7102272727272727","0","157","2022-05-15T01:41:00.000Z","1652578860",
"2551","22b77d7829c68dcd","E2:1F:7B:35:CC:08","6.369426751592357","0","0.7440476190476191","0","157","2022-05-15T01:42:00.000Z","1652578920",
"2551","22b77d7829c68dcd","E2:1F:7B:35:CC:08","5.095541401273885","0","0.7440476190476191","0","157","2022-05-15T01:43:00.000Z","1652578980",
"2551","22b77d7829c68dcd","E2:1F:7B:35:CC:08","6.369426751592357","0","0.7440476190476191","0","157","2022-05-15T01:44:00.000Z","1652579040",
"2551","22b77d7829c68dcd","E2:1F:7B:35:CC:08","6.369426751592357","0","0.7440476190476191","0","157","2022-05-15T01:45:00.000Z","1652579100",
"2551","22b77d7829c68dcd","E2:1F:7B:35:CC:08","7.643312101910828","0","0.7440476190476191","0","157","2022-05-15T01:46:00.000Z","1652579160",
"2551","22b77d7829c68dcd","E2:1F:7B:35:CC:08","10.19108280254777","0","0.7440476190476191","0","157","2022-05-15T01:47:00.000Z","1652579220",
"2551","22b77d7829c68dcd","E2:1F:7B:35:CC:08","11.464968152866241","1","0.78125","0","157","2022-05-15T01:48:00.000Z","1652579280",
"2551","22b77d7829c68dcd","E2:1F:7B:35:CC:08","14.012738853503185","1","0.7440476190476191","0","157","2022-05-15T01:49:00.000Z","1652579340",
"2551","22b77d7829c68dcd","E2:1F:7B:35:CC:08","12.738853503184714","0","0.625","0","157","2022-05-15T01:50:00.000Z","1652579400",
"2551","22b77d7829c68dcd","E2:1F:7B:35:CC:08","36.94267515923567","5","0.48828125","4","157","2022-05-15T01:51:00.000Z","1652579460",
"2551","22b77d7829c68dcd","E2:1F:7B:35:CC:08","20.38216560509554","0","0.5040322580645161","0","157","2022-05-15T01:52:00.000Z","1652579520",
"2551","22b77d7829c68dcd","E2:1F:7B:35:CC:08","10.19108280254777","0","0.5787037037037037","0","157","2022-05-15T01:53:00.000Z","1652579580",
"2551","22b77d7829c68dcd","E2:1F:7B:35:CC:08","15.286624203821656","0","0.6510416666666666","0","157","2022-05-15T01:54:00.000Z","1652579640",
"2551","22b77d7829c68dcd","E2:1F:7B:35:CC:08","11.464968152866241","0","0.6793478260869565","0","157","2022-05-15T01:55:00.000Z","1652579700",
"2551","22b77d7829c68dcd","E2:1F:7B:35:CC:08","11.464968152866241","0","0.7102272727272727","0","157","2022-05-15T01:56:00.000Z","1652579760",
"2551","22b77d7829c68dcd","E2:1F:7B:35:CC:08","21.656050955414013","1","0.78125","0","157","2022-05-15T01:57:00.000Z","1652579820",
"2551","22b77d7829c68dcd","E2:1F:7B:35:CC:08","15.286624203821656","0","0.78125","0","157","2022-05-15T01:58:00.000Z","1652579880",
"2551","22b77d7829c68dcd","E2:1F:7B:35:CC:08","10.19108280254777","0","0.78125","0","157","2022-05-15T01:59:00.000Z","1652579940",
"2551","22b77d7829c68dcd","E2:1F:7B:35:CC:08","7.643312101910828","0","0.78125","0","157","2022-05-15T02:00:00.000Z","1652580000",
"2551","22b77d7829c68dcd","E2:1F:7B:35:CC:08","15.286624203821656","0","0.8680555555555556","0","157","2022-05-15T02:01:00.000Z","1652580060",
"2551","22b77d7829c68dcd","E2:1F:7B:35:CC:08","11.464968152866241","0","0.8680555555555556","0","157","2022-05-15T02:02:00.000Z","1652580120",
"2551","22b77d7829c68dcd","E2:1F:7B:35:CC:08","10.19108280254777","0","0.8680555555555556","0","157","2022-05-15T02:03:00.000Z","1652580180",
"2551","22b77d7829c68dcd","E2:1F:7B:35:CC:08","5.095541401273885","0","0.9191176470588235","0","157","2022-05-15T02:04:00.000Z","1652580240",
"2551","22b77d7829c68dcd","E2:1F:7B:35:CC:08","3.821656050955414","0","0.9191176470588235","0","157","2022-05-15T02:05:00.000Z","1652580300",
"2551","22b77d7829c68dcd","E2:1F:7B:35:CC:08","2.5477707006369426","0","0.9191176470588235","0","157","2022-05-15T02:06:00.000Z","1652580360",
"2551","22b77d7829c68dcd","E2:1F:7B:35:CC:08","3.821656050955414","0","0.9191176470588235","0","157","2022-05-15T02:07:00.000Z","1652580420",
"2551","22b77d7829c68dcd","E2:1F:7B:35:CC:08","5.095541401273885","0","0.9765625","0","157","2022-05-15T02:08:00.000Z","1652580480",
"2551","22b77d7829c68dcd","E2:1F:7B:35:CC:08","11.464968152866241","1","1.0416666666666667","0","157","2022-05-15T02:09:00.000Z","1652580540",
"2551","22b77d7829c68dcd","E2:1F:7B:35:CC:08","14.012738853503185","0","1.0416666666666667","0","157","2022-05-15T02:10:00.000Z","1652580600",
"2551","22b77d7829c68dcd","E2:1F:7B:35:CC:08","19.10828025477707","1","1.0416666666666667","0","157","2022-05-15T02:11:00.000Z","1652580660",
"2551","22b77d7829c68dcd","E2:1F:7B:35:CC:08","21.656050955414013","2","1.1160714285714286","0","157","2022-05-15T02:12:00.000Z","1652580720",
"2551","22b77d7829c68dcd","E2:1F:7B:35:CC:08","24.203821656050955","3","1.1160714285714286","0","157","2022-05-15T02:13:00.000Z","1652580780",
"2551","22b77d7829c68dcd","E2:1F:7B:35:CC:08","34.394904458598724","4","1.2019230769230769","0","157","2022-05-15T02:14:00.000Z","1652580840",
"2551","22b77d7829c68dcd","E2:1F:7B:35:CC:08","34.394904458598724","2","1.2019230769230769","0","157","2022-05-15T02:15:00.000Z","1652580900",
"2551","22b77d7829c68dcd","E2:1F:7B:35:CC:08","26.751592356687897","2","1.2019230769230769","0","157","2022-05-15T02:16:00.000Z","1652580960",
"2551","22b77d7829c68dcd","E2:1F:7B:35:CC:08","29.29936305732484","2","1.2019230769230769","0","157","2022-05-15T02:17:00.000Z","1652581020",
"2551","22b77d7829c68dcd","E2:1F:7B:35:CC:08","30.573248407643312","2","1.3020833333333333","0","157","2022-05-15T02:18:00.000Z","1652581080",
"2551","22b77d7829c68dcd","E2:1F:7B:35:CC:08","26.751592356687897","1","1.3020833333333333","0","157","2022-05-15T02:19:00.000Z","1652581140",
"2551","22b77d7829c68dcd","E2:1F:7B:35:CC:08","33.12101910828026","3","1.3020833333333333","0","157","2022-05-15T02:20:00.000Z","1652581200",
"2551","22b77d7829c68dcd","E2:1F:7B:35:CC:08","34.394904458598724","4","1.4204545454545454","0","157","2022-05-15T02:21:00.000Z","1652581260",
"2551","22b77d7829c68dcd","E2:1F:7B:35:CC:08","35.6687898089172","2","1.4204545454545454","0","157","2022-05-15T02:22:00.000Z","1652581320",
"2551","22b77d7829c68dcd","E2:1F:7B:35:CC:08","33.12101910828026","3","1.4204545454545454","0","157","2022-05-15T02:23:00.000Z","1652581380",
"2551","22b77d7829c68dcd","E2:1F:7B:35:CC:08","36.94267515923567","5","1.5625","0","157","2022-05-15T02:24:00.000Z","1652581440",
"2551","22b77d7829c68dcd","E2:1F:7B:35:CC:08","40.76433121019108","3","1.5625","0","157","2022-05-15T02:25:00.000Z","1652581500",
"2551","22b77d7829c68dcd","E2:1F:7B:35:CC:08","43.31210191082803","5","1.5625","0","157","2022-05-15T02:26:00.000Z","1652581560",
"2551","22b77d7829c68dcd","E2:1F:7B:35:CC:08","45.859872611464965","5","1.7361111111111112","0","157","2022-05-15T02:27:00.000Z","1652581620",
"2551","22b77d7829c68dcd","E2:1F:7B:35:CC:08","38.21656050955414","2","1.5625","0","157","2022-05-15T02:28:00.000Z","1652581680",
"2551","22b77d7829c68dcd","E2:1F:7B:35:CC:08","34.394904458598724","1","1.5625","0","157","2022-05-15T02:29:00.000Z","1652581740",
"2551","22b77d7829c68dcd","E2:1F:7B:35:CC:08","29.29936305732484","2","1.5625","0","157","2022-05-15T02:30:00.000Z","1652581800",
"2551","22b77d7829c68dcd","E2:1F:7B:35:CC:08","35.6687898089172","3","1.5625","0","157","2022-05-15T02:31:00.000Z","1652581860",
"2551","22b77d7829c68dcd","E2:1F:7B:35:CC:08","38.21656050955414","4","1.7361111111111112","0","157","2022-05-15T02:32:00.000Z","1652581920",
"2551","22b77d7829c68dcd","E2:1F:7B:35:CC:08","47.13375796178344","4","1.7361111111111112","0","157","2022-05-15T02:33:00.000Z","1652581980",
"2551","22b77d7829c68dcd","E2:1F:7B:35:CC:08","43.31210191082803","2","1.7361111111111112","0","157","2022-05-15T02:34:00.000Z","1652582040",
"2551","22b77d7829c68dcd","E2:1F:7B:35:CC:08","49.681528662420384","7","0.9765625","2","157","2022-05-15T02:35:00.000Z","1652582100",
"2551","22b77d7829c68dcd","E2:1F:7B:35:CC:08","43.31210191082803","2","0.9765625","0","157","2022-05-15T02:36:00.000Z","1652582160",
"2551","22b77d7829c68dcd","E2:1F:7B:35:CC:08","39.49044585987261","1","0.9765625","0","157","2022-05-15T02:37:00.000Z","1652582220",
"2551","22b77d7829c68dcd","E2:1F:7B:35:CC:08","39.49044585987261","2","0.9191176470588235","0","157","2022-05-15T02:38:00.000Z","1652582280",
"2551","22b77d7829c68dcd","E2:1F:7B:35:CC:08","34.394904458598724","0","0.9191176470588235","0","157","2022-05-15T02:39:00.000Z","1652582340",
"2551","22b77d7829c68dcd","E2:1F:7B:35:CC:08","26.751592356687897","0","0.8223684210526315","0","157","2022-05-15T02:40:00.000Z","1652582400",
"2551","22b77d7829c68dcd","E2:1F:7B:35:CC:08","21.656050955414013","1","0.5580357142857143","0","157","2022-05-15T02:41:00.000Z","1652582460",
"2551","22b77d7829c68dcd","E2:1F:7B:35:CC:08","30.573248407643312","0","0.6510416666666666","0","157","2022-05-15T02:42:00.000Z","1652582520",
"2551","22b77d7829c68dcd","E2:1F:7B:35:CC:08","12.738853503184714","0","0.6793478260869565","0","157","2022-05-15T02:43:00.000Z","1652582580",
"2551","22b77d7829c68dcd","E2:1F:7B:35:CC:08","5.095541401273885","0","0.6793478260869565","0","157","2022-05-15T02:44:00.000Z","1652582640",
"2551","22b77d7829c68dcd","E2:1F:7B:35:CC:08","11.464968152866241","0","0.5787037037037037","1","157","2022-05-15T02:45:00.000Z","1652582700",
"2551","22b77d7829c68dcd","E2:1F:7B:35:CC:08","7.643312101910828","0","0.5787037037037037","0","157","2022-05-15T02:46:00.000Z","1652582760",
"2551","22b77d7829c68dcd","E2:1F:7B:35:CC:08","5.095541401273885","0","0.5787037037037037","0","157","2022-05-15T02:47:00.000Z","1652582820",
"2551","22b77d7829c68dcd","E2:1F:7B:35:CC:08","3.821656050955414","0","0.5787037037037037","0","157","2022-05-15T02:48:00.000Z","1652582880",
"2551","22b77d7829c68dcd","E2:1F:7B:35:CC:08","3.821656050955414","0","0.5387931034482759","0","157","2022-05-15T02:49:00.000Z","1652582940",
"2551","22b77d7829c68dcd","E2:1F:7B:35:CC:08","7.643312101910828","0","0.5580357142857143","0","157","2022-05-15T02:50:00.000Z","1652583000",
"2551","22b77d7829c68dcd","E2:1F:7B:35:CC:08","5.095541401273885","0","0.5580357142857143","0","157","2022-05-15T02:51:00.000Z","1652583060",
"2551","22b77d7829c68dcd","E2:1F:7B:35:CC:08","6.369426751592357","0","0.5387931034482759","0","157","2022-05-15T02:52:00.000Z","1652583120",
"2551","22b77d7829c68dcd","E2:1F:7B:35:CC:08","5.095541401273885","0","0.5387931034482759","0","157","2022-05-15T02:53:00.000Z","1652583180",
"2551","22b77d7829c68dcd","E2:1F:7B:35:CC:08","2.5477707006369426","0","0.5387931034482759","0","157","2022-05-15T02:54:00.000Z","1652583240",
"2551","22b77d7829c68dcd","E2:1F:7B:35:CC:08","2.5477707006369426","0","0.5387931034482759","0","157","2022-05-15T02:55:00.000Z","1652583300",
"2551","22b77d7829c68dcd","E2:1F:7B:35:CC:08","2.5477707006369426","0","0.48828125","0","157","2022-05-15T02:56:00.000Z","1652583360",
"2551","22b77d7829c68dcd","E2:1F:7B:35:CC:08","15.286624203821656","1","0.5208333333333334","0","157","2022-05-15T02:57:00.000Z","1652583420",
"2551","22b77d7829c68dcd","E2:1F:7B:35:CC:08","10.19108280254777","0","0.5387931034482759","0","157","2022-05-15T02:58:00.000Z","1652583480",
"2551","22b77d7829c68dcd","E2:1F:7B:35:CC:08","5.095541401273885","0","0.5580357142857143","0","157","2022-05-15T02:59:00.000Z","1652583540",
"2551","22b77d7829c68dcd","E2:1F:7B:35:CC:08","3.821656050955414","0","0.44642857142857145","0","157","2022-05-15T03:00:00.000Z","1652583600",
"2551","22b77d7829c68dcd","E2:1F:7B:35:CC:08","25.477707006369428","1","0.5580357142857143","0","157","2022-05-15T03:01:00.000Z","1652583660",
"2551","22b77d7829c68dcd","E2:1F:7B:35:CC:08","20.38216560509554","0","0.6009615384615384","0","157","2022-05-15T03:02:00.000Z","1652583720",
"2551","22b77d7829c68dcd","E2:1F:7B:35:CC:08","10.19108280254777","0","0.625","0","157","2022-05-15T03:03:00.000Z","1652583780",
"2551","22b77d7829c68dcd","E2:1F:7B:35:CC:08","6.369426751592357","0","0.6510416666666666","0","157","2022-05-15T03:04:00.000Z","1652583840",
"2551","22b77d7829c68dcd","E2:1F:7B:35:CC:08","10.19108280254777","1","0.5387931034482759","2","157","2022-05-15T03:05:00.000Z","1652583900",
"2551","22b77d7829c68dcd","E2:1F:7B:35:CC:08","11.464968152866241","0","0.5580357142857143","0","157","2022-05-15T03:06:00.000Z","1652583960",
"2551","22b77d7829c68dcd","E2:1F:7B:35:CC:08","16.56050955414013","1","0.5040322580645161","1","157","2022-05-15T03:07:00.000Z","1652584020",
"2551","22b77d7829c68dcd","E2:1F:7B:35:CC:08","17.8343949044586","0","0.5387931034482759","0","157","2022-05-15T03:08:00.000Z","1652584080",
"2551","22b77d7829c68dcd","E2:1F:7B:35:CC:08","8.9171974522293","0","0.5580357142857143","0","157","2022-05-15T03:09:00.000Z","1652584140",
"2551","22b77d7829c68dcd","E2:1F:7B:35:CC:08","5.095541401273885","0","0.6793478260869565","0","157","2022-05-15T03:10:00.000Z","1652584200",
"2551","22b77d7829c68dcd","E2:1F:7B:35:CC:08","16.56050955414013","0","0.78125","0","157","2022-05-15T03:11:00.000Z","1652584260",
"2551","22b77d7829c68dcd","E2:1F:7B:35:CC:08","14.012738853503185","0","0.8223684210526315","0","157","2022-05-15T03:12:00.000Z","1652584320",
"2551","22b77d7829c68dcd","E2:1F:7B:35:CC:08","10.19108280254777","0","0.8680555555555556","0","157","2022-05-15T03:13:00.000Z","1652584380",
"2551","22b77d7829c68dcd","E2:1F:7B:35:CC:08","7.643312101910828","0","0.9191176470588235","0","157","2022-05-15T03:14:00.000Z","1652584440",
"2551","22b77d7829c68dcd","E2:1F:7B:35:CC:08","5.095541401273885","0","0.9765625","0","157","2022-05-15T03:15:00.000Z","1652584500",
"2551","22b77d7829c68dcd","E2:1F:7B:35:CC:08","5.095541401273885","0","0.9765625","0","157","2022-05-15T03:16:00.000Z","1652584560",
"2551","22b77d7829c68dcd","E2:1F:7B:35:CC:08","3.821656050955414","0","0.78125","1","157","2022-05-15T03:17:00.000Z","1652584620",
"2551","22b77d7829c68dcd","E2:1F:7B:35:CC:08","5.095541401273885","0","0.8223684210526315","0","157","2022-05-15T03:18:00.000Z","1652584680",
"2551","22b77d7829c68dcd","E2:1F:7B:35:CC:08","3.821656050955414","0","0.8223684210526315","0","157","2022-05-15T03:19:00.000Z","1652584740",
"2551","22b77d7829c68dcd","E2:1F:7B:35:CC:08","3.821656050955414","0","0.8223684210526315","0","157","2022-05-15T03:20:00.000Z","1652584800",
"2551","22b77d7829c68dcd","E2:1F:7B:35:CC:08","3.821656050955414","0","0.8223684210526315","0","157","2022-05-15T03:21:00.000Z","1652584860",
"2551","22b77d7829c68dcd","E2:1F:7B:35:CC:08","11.464968152866241","0","0.6510416666666666","1","157","2022-05-15T03:22:00.000Z","1652584920",
"2551","22b77d7829c68dcd","E2:1F:7B:35:CC:08","11.464968152866241","0","0.6793478260869565","0","157","2022-05-15T03:23:00.000Z","1652584980",
"2551","22b77d7829c68dcd","E2:1F:7B:35:CC:08","6.369426751592357","0","0.6793478260869565","0","157","2022-05-15T03:24:00.000Z","1652585040",
"2551","22b77d7829c68dcd","E2:1F:7B:35:CC:08","5.095541401273885","0","0.7102272727272727","0","157","2022-05-15T03:25:00.000Z","1652585100",
"2551","22b77d7829c68dcd","E2:1F:7B:35:CC:08","12.738853503184714","1","0.78125","5","157","2022-05-15T03:26:00.000Z","1652585160",
"2551","22b77d7829c68dcd","E2:1F:7B:35:CC:08","26.751592356687897","0","0.8680555555555556","0","157","2022-05-15T03:27:00.000Z","1652585220",
"2551","22b77d7829c68dcd","E2:1F:7B:35:CC:08","19.10828025477707","0","0.7440476190476191","0","157","2022-05-15T03:28:00.000Z","1652585280",
"2551","22b77d7829c68dcd","E2:1F:7B:35:CC:08","10.19108280254777","0","0.78125","0","157","2022-05-15T03:29:00.000Z","1652585340",
"2551","22b77d7829c68dcd","E2:1F:7B:35:CC:08","8.9171974522293","0","0.78125","0","157","2022-05-15T03:30:00.000Z","1652585400",
"2551","22b77d7829c68dcd","E2:1F:7B:35:CC:08","6.369426751592357","0","0.8223684210526315","0","157","2022-05-15T03:31:00.000Z","1652585460",
"2551","22b77d7829c68dcd","E2:1F:7B:35:CC:08","3.821656050955414","0","0.8223684210526315","0","157","2022-05-15T03:32:00.000Z","1652585520",
"2551","22b77d7829c68dcd","E2:1F:7B:35:CC:08","3.821656050955414","0","0.8680555555555556","0","157","2022-05-15T03:33:00.000Z","1652585580",
"2551","22b77d7829c68dcd","E2:1F:7B:35:CC:08","2.5477707006369426","0","0.6510416666666666","0","157","2022-05-15T03:34:00.000Z","1652585640",
"2551","22b77d7829c68dcd","E2:1F:7B:35:CC:08","10.19108280254777","0","0.6793478260869565","0","157","2022-05-15T03:35:00.000Z","1652585700",
"2551","22b77d7829c68dcd","E2:1F:7B:35:CC:08","14.012738853503185","0","0.8680555555555556","0","157","2022-05-15T03:36:00.000Z","1652585760",
"2551","22b77d7829c68dcd","E2:1F:7B:35:CC:08","8.9171974522293","0","0.8680555555555556","0","157","2022-05-15T03:37:00.000Z","1652585820",
"2551","22b77d7829c68dcd","E2:1F:7B:35:CC:08","3.821656050955414","0","0.9191176470588235","0","157","2022-05-15T03:38:00.000Z","1652585880",
"2551","22b77d7829c68dcd","E2:1F:7B:35:CC:08","2.5477707006369426","0","0.9191176470588235","0","157","2022-05-15T03:39:00.000Z","1652585940",
"2551","22b77d7829c68dcd","E2:1F:7B:35:CC:08","3.821656050955414","1","0.8680555555555556","0","157","2022-05-15T03:40:00.000Z","1652586000",
"2551","22b77d7829c68dcd","E2:1F:7B:35:CC:08","16.56050955414013","0","0.9765625","0","157","2022-05-15T03:41:00.000Z","1652586060",
"2551","22b77d7829c68dcd","E2:1F:7B:35:CC:08","11.464968152866241","0","0.7440476190476191","0","157","2022-05-15T03:42:00.000Z","1652586120",
"2551","22b77d7829c68dcd","E2:1F:7B:35:CC:08","26.751592356687897","1","0.5580357142857143","0","157","2022-05-15T03:43:00.000Z","1652586180",
"2551","22b77d7829c68dcd","E2:1F:7B:35:CC:08","11.464968152866241","0","0.5787037037037037","0","157","2022-05-15T03:44:00.000Z","1652586240",
"2551","22b77d7829c68dcd","E2:1F:7B:35:CC:08","6.369426751592357","0","0.5787037037037037","0","157","2022-05-15T03:45:00.000Z","1652586300",
"2551","22b77d7829c68dcd","E2:1F:7B:35:CC:08","3.821656050955414","0","0.6510416666666666","0","157","2022-05-15T03:46:00.000Z","1652586360",
"2551","22b77d7829c68dcd","E2:1F:7B:35:CC:08","26.751592356687897","4","0.6009615384615384","0","157","2022-05-15T03:47:00.000Z","1652586420",
"2551","22b77d7829c68dcd","E2:1F:7B:35:CC:08","21.656050955414013","0","0.6510416666666666","0","157","2022-05-15T03:48:00.000Z","1652586480",
"2551","22b77d7829c68dcd","E2:1F:7B:35:CC:08","11.464968152866241","0","0.6510416666666666","0","157","2022-05-15T03:49:00.000Z","1652586540",
"2551","22b77d7829c68dcd","E2:1F:7B:35:CC:08","7.643312101910828","0","0.6793478260869565","0","157","2022-05-15T03:50:00.000Z","1652586600",
"2551","22b77d7829c68dcd","E2:1F:7B:35:CC:08","5.095541401273885","0","0.7102272727272727","0","157","2022-05-15T03:51:00.000Z","1652586660",
"2551","22b77d7829c68dcd","E2:1F:7B:35:CC:08","5.095541401273885","0","0.6510416666666666","0","157","2022-05-15T03:52:00.000Z","1652586720",
"2551","22b77d7829c68dcd","E2:1F:7B:35:CC:08","14.012738853503185","0","0.7102272727272727","0","157","2022-05-15T03:53:00.000Z","1652586780",
"2551","22b77d7829c68dcd","E2:1F:7B:35:CC:08","6.369426751592357","0","0.7102272727272727","0","157","2022-05-15T03:54:00.000Z","1652586840",
"2551","22b77d7829c68dcd","E2:1F:7B:35:CC:08","19.10828025477707","1","0.5387931034482759","1","157","2022-05-15T03:55:00.000Z","1652586900",
"2551","22b77d7829c68dcd","E2:1F:7B:35:CC:08","22.929936305732483","1","0.7102272727272727","0","157","2022-05-15T03:56:00.000Z","1652586960",
"2551","22b77d7829c68dcd","E2:1F:7B:35:CC:08","19.10828025477707","0","0.7440476190476191","0","157","2022-05-15T03:57:00.000Z","1652587020",
"2551","22b77d7829c68dcd","E2:1F:7B:35:CC:08","11.464968152866241","0","0.78125","0","157","2022-05-15T03:58:00.000Z","1652587080",
"2551","22b77d7829c68dcd","E2:1F:7B:35:CC:08","10.19108280254777","1","0.8223684210526315","0","157","2022-05-15T03:59:00.000Z","1652587140",
"2551","22b77d7829c68dcd","E2:1F:7B:35:CC:08","7.643312101910828","0","0.8223684210526315","0","157","2022-05-15T04:00:00.000Z","1652587200",
"2551","22b77d7829c68dcd","E2:1F:7B:35:CC:08","6.369426751592357","0","0.8223684210526315","0","157","2022-05-15T04:01:00.000Z","1652587260",
"2551","22b77d7829c68dcd","E2:1F:7B:35:CC:08","10.19108280254777","0","0.8680555555555556","0","157","2022-05-15T04:02:00.000Z","1652587320",
"2551","22b77d7829c68dcd","E2:1F:7B:35:CC:08","10.19108280254777","0","0.9191176470588235","0","157","2022-05-15T04:03:00.000Z","1652587380",
"2551","22b77d7829c68dcd","E2:1F:7B:35:CC:08","21.656050955414013","2","0.9765625","0","157","2022-05-15T04:04:00.000Z","1652587440",
"2551","22b77d7829c68dcd","E2:1F:7B:35:CC:08","19.10828025477707","1","1.0416666666666667","0","157","2022-05-15T04:05:00.000Z","1652587500",
"2551","22b77d7829c68dcd","E2:1F:7B:35:CC:08","21.656050955414013","2","1.0416666666666667","0","157","2022-05-15T04:06:00.000Z","1652587560",
"2551","22b77d7829c68dcd","E2:1F:7B:35:CC:08","25.477707006369428","3","1.1160714285714286","0","157","2022-05-15T04:07:00.000Z","1652587620",
"2551","22b77d7829c68dcd","E2:1F:7B:35:CC:08","29.29936305732484","4","1.1160714285714286","0","157","2022-05-15T04:08:00.000Z","1652587680",
"2551","22b77d7829c68dcd","E2:1F:7B:35:CC:08","29.29936305732484","0","1.1160714285714286","0","157","2022-05-15T04:09:00.000Z","1652587740",
"2551","22b77d7829c68dcd","E2:1F:7B:35:CC:08","26.751592356687897","5","1.2019230769230769","0","157","2022-05-15T04:10:00.000Z","1652587800",
"2551","22b77d7829c68dcd","E2:1F:7B:35:CC:08","36.94267515923567","2","1.2019230769230769","0","157","2022-05-15T04:11:00.000Z","1652587860",
"2551","22b77d7829c68dcd","E2:1F:7B:35:CC:08","31.84713375796178","2","1.2019230769230769","0","157","2022-05-15T04:12:00.000Z","1652587920",
"2551","22b77d7829c68dcd","E2:1F:7B:35:CC:08","35.6687898089172","4","1.3020833333333333","0","157","2022-05-15T04:13:00.000Z","1652587980",
"2551","22b77d7829c68dcd","E2:1F:7B:35:CC:08","44.5859872611465","7","1.4204545454545454","0","157","2022-05-15T04:14:00.000Z","1652588040",
"2551","22b77d7829c68dcd","E2:1F:7B:35:CC:08","42.038216560509554","5","1.5625","0","157","2022-05-15T04:15:00.000Z","1652588100",
"2551","22b77d7829c68dcd","E2:1F:7B:35:CC:08","45.859872611464965","4","1.4204545454545454","0","157","2022-05-15T04:16:00.000Z","1652588160",
"2551","22b77d7829c68dcd","E2:1F:7B:35:CC:08","49.681528662420384","5","1.5625","0","157","2022-05-15T04:17:00.000Z","1652588220",
"2551","22b77d7829c68dcd","E2:1F:7B:35:CC:08","48.40764331210191","6","1.7361111111111112","0","157","2022-05-15T04:18:00.000Z","1652588280",
"2551","22b77d7829c68dcd","E2:1F:7B:35:CC:08","54.77707006369427","5","1.7361111111111112","0","157","2022-05-15T04:19:00.000Z","1652588340",
"2551","22b77d7829c68dcd","E2:1F:7B:35:CC:08","54.77707006369427","6","1.953125","0","157","2022-05-15T04:20:00.000Z","1652588400",
"2551","22b77d7829c68dcd","E2:1F:7B:35:CC:08","54.77707006369427","6","1.953125","0","157","2022-05-15T04:21:00.000Z","1652588460",
"2551","22b77d7829c68dcd","E2:1F:7B:35:CC:08","49.681528662420384","6","1.953125","0","157","2022-05-15T04:22:00.000Z","1652588520",
"2551","22b77d7829c68dcd","E2:1F:7B:35:CC:08","49.681528662420384","5","1.953125","0","157","2022-05-15T04:23:00.000Z","1652588580",
"2551","22b77d7829c68dcd","E2:1F:7B:35:CC:08","56.05095541401274","7","2.232142857142857","0","157","2022-05-15T04:24:00.000Z","1652588640",
"2551","22b77d7829c68dcd","E2:1F:7B:35:CC:08","53.503184713375795","4","2.232142857142857","0","157","2022-05-15T04:25:00.000Z","1652588700",
"2551","22b77d7829c68dcd","E2:1F:7B:35:CC:08","54.77707006369427","4","2.232142857142857","0","157","2022-05-15T04:26:00.000Z","1652588760",
"2551","22b77d7829c68dcd","E2:1F:7B:35:CC:08","62.4203821656051","5","2.6041666666666665","0","157","2022-05-15T04:27:00.000Z","1652588820",
"2551","22b77d7829c68dcd","E2:1F:7B:35:CC:08","70.06369426751593","6","2.6041666666666665","0","157","2022-05-15T04:28:00.000Z","1652588880",
"2551","22b77d7829c68dcd","E2:1F:7B:35:CC:08","64.96815286624204","3","2.6041666666666665","0","157","2022-05-15T04:29:00.000Z","1652588940",
"2551","22b77d7829c68dcd","E2:1F:7B:35:CC:08","62.4203821656051","7","2.6041666666666665","0","157","2022-05-15T04:30:00.000Z","1652589000",
"2551","22b77d7829c68dcd","E2:1F:7B:35:CC:08","62.4203821656051","7","2.6041666666666665","0","157","2022-05-15T04:31:00.000Z","1652589060",
"2551","22b77d7829c68dcd","E2:1F:7B:35:CC:08","59.87261146496815","3","1.3020833333333333","1","157","2022-05-15T04:32:00.000Z","1652589120",
"2551","22b77d7829c68dcd","E2:1F:7B:35:CC:08","59.87261146496815","3","1.7361111111111112","0","157","2022-05-15T04:33:00.000Z","1652589180",
"2551","22b77d7829c68dcd","E2:1F:7B:35:CC:08","61.146496815286625","3","1.953125","0","157","2022-05-15T04:34:00.000Z","1652589240",
"2551","22b77d7829c68dcd","E2:1F:7B:35:CC:08","54.77707006369427","7","2.232142857142857","0","157","2022-05-15T04:35:00.000Z","1652589300",
"2551","22b77d7829c68dcd","E2:1F:7B:35:CC:08","56.05095541401274","3","1.7361111111111112","0","157","2022-05-15T04:36:00.000Z","1652589360",
"2551","22b77d7829c68dcd","E2:1F:7B:35:CC:08","66.24203821656052","4","1.953125","0","157","2022-05-15T04:37:00.000Z","1652589420",
"2551","22b77d7829c68dcd","E2:1F:7B:35:CC:08","52.22929936305732","1","1.7361111111111112","0","157","2022-05-15T04:38:00.000Z","1652589480",
"2551","22b77d7829c68dcd","E2:1F:7B:35:CC:08","52.22929936305732","2","1.7361111111111112","0","157","2022-05-15T04:39:00.000Z","1652589540",
"2551","22b77d7829c68dcd","E2:1F:7B:35:CC:08","38.21656050955414","0","1.7361111111111112","0","157","2022-05-15T04:40:00.000Z","1652589600",
"2551","22b77d7829c68dcd","E2:1F:7B:35:CC:08","31.84713375796178","1","1.5625","0","157","2022-05-15T04:41:00.000Z","1652589660",
"2551","22b77d7829c68dcd","E2:1F:7B:35:CC:08","26.751592356687897","0","1.3020833333333333","0","157","2022-05-15T04:42:00.000Z","1652589720",
"2551","22b77d7829c68dcd","E2:1F:7B:35:CC:08","25.477707006369428","1","1.5625","0","157","2022-05-15T04:43:00.000Z","1652589780",
"2551","22b77d7829c68dcd","E2:1F:7B:35:CC:08","22.929936305732483","1","1.5625","0","157","2022-05-15T04:44:00.000Z","1652589840",
"2551","22b77d7829c68dcd","E2:1F:7B:35:CC:08","24.203821656050955","0","1.4204545454545454","0","157","2022-05-15T04:45:00.000Z","1652589900",
"2551","22b77d7829c68dcd","E2:1F:7B:35:CC:08","29.29936305732484","1","1.4204545454545454","0","157","2022-05-15T04:46:00.000Z","1652589960",
"2551","22b77d7829c68dcd","E2:1F:7B:35:CC:08","22.929936305732483","0","1.3020833333333333","0","157","2022-05-15T04:47:00.000Z","1652590020",
"2551","22b77d7829c68dcd","E2:1F:7B:35:CC:08","19.10828025477707","0","1.3020833333333333","0","157","2022-05-15T04:48:00.000Z","1652590080",
"2551","22b77d7829c68dcd","E2:1F:7B:35:CC:08","19.10828025477707","0","1.2019230769230769","0","157","2022-05-15T04:49:00.000Z","1652590140",
"2551","22b77d7829c68dcd","E2:1F:7B:35:CC:08","19.10828025477707","0","1.3020833333333333","0","157","2022-05-15T04:50:00.000Z","1652590200",
"2551","22b77d7829c68dcd","E2:1F:7B:35:CC:08","19.10828025477707","0","1.2019230769230769","0","157","2022-05-15T04:51:00.000Z","1652590260",
"2551","22b77d7829c68dcd","E2:1F:7B:35:CC:08","15.286624203821656","0","1.2019230769230769","0","157","2022-05-15T04:52:00.000Z","1652590320",
"2551","22b77d7829c68dcd","E2:1F:7B:35:CC:08","15.286624203821656","0","1.2019230769230769","0","157","2022-05-15T04:53:00.000Z","1652590380",
"2551","22b77d7829c68dcd","E2:1F:7B:35:CC:08","14.012738853503185","0","1.1160714285714286","0","157","2022-05-15T04:54:00.000Z","1652590440",
"2551","22b77d7829c68dcd","E2:1F:7B:35:CC:08","14.012738853503185","0","1.1160714285714286","0","157","2022-05-15T04:55:00.000Z","1652590500",
"2551","22b77d7829c68dcd","E2:1F:7B:35:CC:08","21.656050955414013","0","1.0416666666666667","0","157","2022-05-15T04:56:00.000Z","1652590560",
"2551","22b77d7829c68dcd","E2:1F:7B:35:CC:08","17.8343949044586","0","1.0416666666666667","0","157","2022-05-15T04:57:00.000Z","1652590620",
"2551","22b77d7829c68dcd","E2:1F:7B:35:CC:08","36.94267515923567","1","0.9765625","0","157","2022-05-15T04:58:00.000Z","1652590680",
"2551","22b77d7829c68dcd","E2:1F:7B:35:CC:08","21.656050955414013","0","0.9191176470588235","0","157","2022-05-15T04:59:00.000Z","1652590740",
"2551","22b77d7829c68dcd","E2:1F:7B:35:CC:08","26.751592356687897","2","1.0416666666666667","0","157","2022-05-15T05:00:00.000Z","1652590800",
"2551","22b77d7829c68dcd","E2:1F:7B:35:CC:08","44.5859872611465","0","0.9191176470588235","0","157","2022-05-15T05:01:00.000Z","1652590860",
"2551","22b77d7829c68dcd","E2:1F:7B:35:CC:08","28.02547770700637","0","0.9191176470588235","0","157","2022-05-15T05:02:00.000Z","1652590920",
"2551","22b77d7829c68dcd","E2:1F:7B:35:CC:08","19.10828025477707","0","0.8680555555555556","0","157","2022-05-15T05:03:00.000Z","1652590980",
"2551","22b77d7829c68dcd","E2:1F:7B:35:CC:08","17.8343949044586","3","0.9765625","0","157","2022-05-15T05:04:00.000Z","1652591040",
"2551","22b77d7829c68dcd","E2:1F:7B:35:CC:08","29.29936305732484","1","0.9191176470588235","0","157","2022-05-15T05:05:00.000Z","1652591100",
"2551","22b77d7829c68dcd","E2:1F:7B:35:CC:08","28.02547770700637","0","0.7440476190476191","0","157","2022-05-15T05:06:00.000Z","1652591160",
"2551","22b77d7829c68dcd","E2:1F:7B:35:CC:08","24.203821656050955","0","0.78125","0","157","2022-05-15T05:07:00.000Z","1652591220",
"2551","22b77d7829c68dcd","E2:1F:7B:35:CC:08","15.286624203821656","0","0.78125","0","157","2022-05-15T05:08:00.000Z","1652591280",
"2551","22b77d7829c68dcd","E2:1F:7B:35:CC:08","11.464968152866241","0","0.7440476190476191","0","157","2022-05-15T05:09:00.000Z","1652591340",
"2551","22b77d7829c68dcd","E2:1F:7B:35:CC:08","12.738853503184714","0","0.6510416666666666","0","157","2022-05-15T05:10:00.000Z","1652591400",
"2551","22b77d7829c68dcd","E2:1F:7B:35:CC:08","40.76433121019108","0","0.8223684210526315","0","157","2022-05-15T05:11:00.000Z","1652591460",
"2551","22b77d7829c68dcd","E2:1F:7B:35:CC:08","15.286624203821656","0","0.8223684210526315","0","157","2022-05-15T05:12:00.000Z","1652591520",
"2551","22b77d7829c68dcd","E2:1F:7B:35:CC:08","8.9171974522293","0","0.8223684210526315","0","157","2022-05-15T05:13:00.000Z","1652591580",
"2551","22b77d7829c68dcd","E2:1F:7B:35:CC:08","7.643312101910828","0","0.8223684210526315","0","157","2022-05-15T05:14:00.000Z","1652591640",
"2551","22b77d7829c68dcd","E2:1F:7B:35:CC:08","8.9171974522293","0","0.4734848484848485","0","157","2022-05-15T05:15:00.000Z","1652591700",
"2551","22b77d7829c68dcd","E2:1F:7B:35:CC:08","11.464968152866241","0","0.5040322580645161","0","157","2022-05-15T05:16:00.000Z","1652591760",
"2551","22b77d7829c68dcd","E2:1F:7B:35:CC:08","6.369426751592357","0","0.5040322580645161","0","157","2022-05-15T05:17:00.000Z","1652591820",
"2551","22b77d7829c68dcd","E2:1F:7B:35:CC:08","5.095541401273885","0","0.5040322580645161","0","157","2022-05-15T05:18:00.000Z","1652591880",
"2551","22b77d7829c68dcd","E2:1F:7B:35:CC:08","3.821656050955414","0","0.5040322580645161","0","157","2022-05-15T05:19:00.000Z","1652591940",
"2551","22b77d7829c68dcd","E2:1F:7B:35:CC:08","2.5477707006369426","0","0.5040322580645161","0","157","2022-05-15T05:20:00.000Z","1652592000",
"2551","22b77d7829c68dcd","E2:1F:7B:35:CC:08","5.095541401273885","0","0.40064102564102566","0","157","2022-05-15T05:21:00.000Z","1652592060",
"2551","22b77d7829c68dcd","E2:1F:7B:35:CC:08","16.56050955414013","1","0.5787037037037037","0","157","2022-05-15T05:22:00.000Z","1652592120",
"2551","22b77d7829c68dcd","E2:1F:7B:35:CC:08","19.10828025477707","0","0.625","0","157","2022-05-15T05:23:00.000Z","1652592180",
"2551","22b77d7829c68dcd","E2:1F:7B:35:CC:08","11.464968152866241","0","0.6793478260869565","0","157","2022-05-15T05:24:00.000Z","1652592240",
"2551","22b77d7829c68dcd","E2:1F:7B:35:CC:08","6.369426751592357","0","0.6793478260869565","0","157","2022-05-15T05:25:00.000Z","1652592300",
"2551","22b77d7829c68dcd","E2:1F:7B:35:CC:08","2.5477707006369426","0","0.7102272727272727","0","157","2022-05-15T05:26:00.000Z","1652592360",
"2551","22b77d7829c68dcd","E2:1F:7B:35:CC:08","2.5477707006369426","0","0.7102272727272727","0","157","2022-05-15T05:27:00.000Z","1652592420",
"2551","22b77d7829c68dcd","E2:1F:7B:35:CC:08","2.5477707006369426","0","0.7440476190476191","0","157","2022-05-15T05:28:00.000Z","1652592480",
"2551","22b77d7829c68dcd","E2:1F:7B:35:CC:08","5.095541401273885","0","0.7440476190476191","0","157","2022-05-15T05:29:00.000Z","1652592540",
"2551","22b77d7829c68dcd","E2:1F:7B:35:CC:08","3.821656050955414","0","0.78125","0","157","2022-05-15T05:30:00.000Z","1652592600",
"2551","22b77d7829c68dcd","E2:1F:7B:35:CC:08","3.821656050955414","0","0.78125","0","157","2022-05-15T05:31:00.000Z","1652592660",
"2551","22b77d7829c68dcd","E2:1F:7B:35:CC:08","2.5477707006369426","0","0.78125","0","157","2022-05-15T05:32:00.000Z","1652592720",
"2551","22b77d7829c68dcd","E2:1F:7B:35:CC:08","24.203821656050955","1","0.7102272727272727","0","157","2022-05-15T05:33:00.000Z","1652592780",
"2551","22b77d7829c68dcd","E2:1F:7B:35:CC:08","15.286624203821656","0","0.7440476190476191","0","157","2022-05-15T05:34:00.000Z","1652592840",
"2551","22b77d7829c68dcd","E2:1F:7B:35:CC:08","7.643312101910828","0","0.78125","0","157","2022-05-15T05:35:00.000Z","1652592900",
"2551","22b77d7829c68dcd","E2:1F:7B:35:CC:08","6.369426751592357","0","0.78125","0","157","2022-05-15T05:36:00.000Z","1652592960",
"2551","22b77d7829c68dcd","E2:1F:7B:35:CC:08","5.095541401273885","0","0.78125","0","157","2022-05-15T05:37:00.000Z","1652593020",
"2551","22b77d7829c68dcd","E2:1F:7B:35:CC:08","3.821656050955414","0","0.8223684210526315","0","157","2022-05-15T05:38:00.000Z","1652593080",
"2551","22b77d7829c68dcd","E2:1F:7B:35:CC:08","3.821656050955414","0","0.5208333333333334","0","157","2022-05-15T05:39:00.000Z","1652593140",
"2551","22b77d7829c68dcd","E2:1F:7B:35:CC:08","50.955414012738856","3","0.6793478260869565","2","157","2022-05-15T05:40:00.000Z","1652593200",
"2551","22b77d7829c68dcd","E2:1F:7B:35:CC:08","39.49044585987261","0","0.625","0","157","2022-05-15T05:41:00.000Z","1652593260",
"2551","22b77d7829c68dcd","E2:1F:7B:35:CC:08","16.56050955414013","0","0.6510416666666666","0","157","2022-05-15T05:42:00.000Z","1652593320",
"2551","22b77d7829c68dcd","E2:1F:7B:35:CC:08","6.369426751592357","0","0.6510416666666666","0","157","2022-05-15T05:43:00.000Z","1652593380",
"2551","22b77d7829c68dcd","E2:1F:7B:35:CC:08","5.095541401273885","0","0.6510416666666666","0","157","2022-05-15T05:44:00.000Z","1652593440",
"2551","22b77d7829c68dcd","E2:1F:7B:35:CC:08","5.095541401273885","0","0.6510416666666666","0","157","2022-05-15T05:45:00.000Z","1652593500",
"2551","22b77d7829c68dcd","E2:1F:7B:35:CC:08","5.095541401273885","0","0.6510416666666666","0","157","2022-05-15T05:46:00.000Z","1652593560",
"2551","22b77d7829c68dcd","E2:1F:7B:35:CC:08","5.095541401273885","0","0.6510416666666666","0","157","2022-05-15T05:47:00.000Z","1652593620",
"2551","22b77d7829c68dcd","E2:1F:7B:35:CC:08","17.8343949044586","4","0.7440476190476191","1","157","2022-05-15T05:48:00.000Z","1652593680",
"2551","22b77d7829c68dcd","E2:1F:7B:35:CC:08","11.464968152866241","0","0.78125","0","157","2022-05-15T05:49:00.000Z","1652593740",
"2551","22b77d7829c68dcd","E2:1F:7B:35:CC:08","17.8343949044586","1","0.6009615384615384","2","157","2022-05-15T05:50:00.000Z","1652593800",
"2551","22b77d7829c68dcd","E2:1F:7B:35:CC:08","10.19108280254777","0","0.625","0","157","2022-05-15T05:51:00.000Z","1652593860",
"2551","22b77d7829c68dcd","E2:1F:7B:35:CC:08","5.095541401273885","0","0.625","0","157","2022-05-15T05:52:00.000Z","1652593920",
"2551","22b77d7829c68dcd","E2:1F:7B:35:CC:08","2.5477707006369426","0","0.6510416666666666","0","157","2022-05-15T05:53:00.000Z","1652593980",
"2551","22b77d7829c68dcd","E2:1F:7B:35:CC:08","2.5477707006369426","0","0.6510416666666666","0","157","2022-05-15T05:54:00.000Z","1652594040",
"2551","22b77d7829c68dcd","E2:1F:7B:35:CC:08","2.5477707006369426","0","0.6510416666666666","0","157","2022-05-15T05:55:00.000Z","1652594100",
"2551","22b77d7829c68dcd","E2:1F:7B:35:CC:08","20.38216560509554","0","0.78125","0","157","2022-05-15T05:56:00.000Z","1652594160",
"2551","22b77d7829c68dcd","E2:1F:7B:35:CC:08","10.19108280254777","0","0.8223684210526315","0","157","2022-05-15T05:57:00.000Z","1652594220",
"2551","22b77d7829c68dcd","E2:1F:7B:35:CC:08","5.095541401273885","0","0.8223684210526315","0","157","2022-05-15T05:58:00.000Z","1652594280",
"2551","22b77d7829c68dcd","E2:1F:7B:35:CC:08","3.821656050955414","0","0.8680555555555556","0","157","2022-05-15T05:59:00.000Z","1652594340",
"2551","22b77d7829c68dcd","E2:1F:7B:35:CC:08","2.5477707006369426","0","0.8680555555555556","0","157","2022-05-15T06:00:00.000Z","1652594400",
"2551","22b77d7829c68dcd","E2:1F:7B:35:CC:08","2.5477707006369426","0","0.8680555555555556","0","157","2022-05-15T06:01:00.000Z","1652594460",
"2551","22b77d7829c68dcd","E2:1F:7B:35:CC:08","2.5477707006369426","0","0.9191176470588235","0","157","2022-05-15T06:02:00.000Z","1652594520",
"2551","22b77d7829c68dcd","E2:1F:7B:35:CC:08","2.5477707006369426","0","0.9191176470588235","0","157","2022-05-15T06:03:00.000Z","1652594580",
"2551","22b77d7829c68dcd","E2:1F:7B:35:CC:08","2.5477707006369426","0","0.9191176470588235","0","157","2022-05-15T06:04:00.000Z","1652594640",
"2551","22b77d7829c68dcd","E2:1F:7B:35:CC:08","3.821656050955414","0","0.9191176470588235","0","157","2022-05-15T06:05:00.000Z","1652594700",
"2551","22b77d7829c68dcd","E2:1F:7B:35:CC:08","3.821656050955414","0","0.9765625","0","157","2022-05-15T06:06:00.000Z","1652594760",
"2551","22b77d7829c68dcd","E2:1F:7B:35:CC:08","5.095541401273885","0","0.9765625","0","157","2022-05-15T06:07:00.000Z","1652594820",
"2551","22b77d7829c68dcd","E2:1F:7B:35:CC:08","6.369426751592357","0","0.9765625","0","157","2022-05-15T06:08:00.000Z","1652594880",
"2551","22b77d7829c68dcd","E2:1F:7B:35:CC:08","6.369426751592357","0","0.6793478260869565","2","157","2022-05-15T06:09:00.000Z","1652594940",
"2551","22b77d7829c68dcd","E2:1F:7B:35:CC:08","3.821656050955414","0","0.6793478260869565","0","157","2022-05-15T06:10:00.000Z","1652595000",
"2551","22b77d7829c68dcd","E2:1F:7B:35:CC:08","3.821656050955414","0","0.7102272727272727","0","157","2022-05-15T06:11:00.000Z","1652595060",
"2551","22b77d7829c68dcd","E2:1F:7B:35:CC:08","2.5477707006369426","0","0.7102272727272727","0","157","2022-05-15T06:12:00.000Z","1652595120",
"2551","22b77d7829c68dcd","E2:1F:7B:35:CC:08","2.5477707006369426","0","0.625","1","157","2022-05-15T06:13:00.000Z","1652595180",
"2551","22b77d7829c68dcd","E2:1F:7B:35:CC:08","29.29936305732484","3","0.7440476190476191","0","157","2022-05-15T06:14:00.000Z","1652595240",
"2551","22b77d7829c68dcd","E2:1F:7B:35:CC:08","17.8343949044586","0","0.78125","0","157","2022-05-15T06:15:00.000Z","1652595300",
"2551","22b77d7829c68dcd","E2:1F:7B:35:CC:08","7.643312101910828","0","0.8223684210526315","0","157","2022-05-15T06:16:00.000Z","1652595360",
"2551","22b77d7829c68dcd","E2:1F:7B:35:CC:08","3.821656050955414","0","0.8680555555555556","0","157","2022-05-15T06:17:00.000Z","1652595420",
"2551","22b77d7829c68dcd","E2:1F:7B:35:CC:08","2.5477707006369426","0","0.8680555555555556","0","157","2022-05-15T06:18:00.000Z","1652595480",
"2551","22b77d7829c68dcd","E2:1F:7B:35:CC:08","2.5477707006369426","0","0.8680555555555556","0","157","2022-05-15T06:19:00.000Z","1652595540",
"2551","22b77d7829c68dcd","E2:1F:7B:35:CC:08","1.2738853503184713","0","0.9191176470588235","0","157","2022-05-15T06:20:00.000Z","1652595600",
"2551","22b77d7829c68dcd","E2:1F:7B:35:CC:08","1.2738853503184713","0","0.9191176470588235","0","157","2022-05-15T06:21:00.000Z","1652595660",
"2551","22b77d7829c68dcd","E2:1F:7B:35:CC:08","16.56050955414013","2","1.0416666666666667","2","157","2022-05-15T06:22:00.000Z","1652595720",
"2551","22b77d7829c68dcd","E2:1F:7B:35:CC:08","11.464968152866241","0","1.1160714285714286","0","157","2022-05-15T06:23:00.000Z","1652595780",
"2551","22b77d7829c68dcd","E2:1F:7B:35:CC:08","5.095541401273885","0","1.1160714285714286","0","157","2022-05-15T06:24:00.000Z","1652595840",
"2551","22b77d7829c68dcd","E2:1F:7B:35:CC:08","2.5477707006369426","0","1.1160714285714286","0","157","2022-05-15T06:25:00.000Z","1652595900",
"2551","22b77d7829c68dcd","E2:1F:7B:35:CC:08","2.5477707006369426","0","1.1160714285714286","0","157","2022-05-15T06:26:00.000Z","1652595960",
"2551","22b77d7829c68dcd","E2:1F:7B:35:CC:08","2.5477707006369426","0","1.2019230769230769","0","157","2022-05-15T06:27:00.000Z","1652596020",
"2551","22b77d7829c68dcd","E2:1F:7B:35:CC:08","3.821656050955414","0","1.2019230769230769","0","157","2022-05-15T06:28:00.000Z","1652596080",
"2551","22b77d7829c68dcd","E2:1F:7B:35:CC:08","3.821656050955414","0","1.2019230769230769","0","157","2022-05-15T06:29:00.000Z","1652596140",
"2551","22b77d7829c68dcd","E2:1F:7B:35:CC:08","3.821656050955414","0","1.2019230769230769","0","157","2022-05-15T06:30:00.000Z","1652596200",
"2551","22b77d7829c68dcd","E2:1F:7B:35:CC:08","3.821656050955414","0","0.7440476190476191","4","157","2022-05-15T06:31:00.000Z","1652596260",
"2551","22b77d7829c68dcd","E2:1F:7B:35:CC:08","6.369426751592357","0","0.7102272727272727","0","157","2022-05-15T06:32:00.000Z","1652596320",
"2551","22b77d7829c68dcd","E2:1F:7B:35:CC:08","7.643312101910828","0","0.7102272727272727","0","157","2022-05-15T06:33:00.000Z","1652596380",
"2551","22b77d7829c68dcd","E2:1F:7B:35:CC:08","7.643312101910828","0","0.7102272727272727","0","157","2022-05-15T06:34:00.000Z","1652596440",
"2551","22b77d7829c68dcd","E2:1F:7B:35:CC:08","7.643312101910828","0","0.6793478260869565","0","157","2022-05-15T06:35:00.000Z","1652596500",
"2551","22b77d7829c68dcd","E2:1F:7B:35:CC:08","17.8343949044586","0","0.625","0","157","2022-05-15T06:36:00.000Z","1652596560",
"2551","22b77d7829c68dcd","E2:1F:7B:35:CC:08","10.19108280254777","0","0.625","0","157","2022-05-15T06:37:00.000Z","1652596620",
"2551","22b77d7829c68dcd","E2:1F:7B:35:CC:08","6.369426751592357","0","0.625","0","157","2022-05-15T06:38:00.000Z","1652596680",
"2551","22b77d7829c68dcd","E2:1F:7B:35:CC:08","10.19108280254777","0","0.6009615384615384","0","157","2022-05-15T06:39:00.000Z","1652596740",
"2551","22b77d7829c68dcd","E2:1F:7B:35:CC:08","12.738853503184714","0","0.5787037037037037","0","157","2022-05-15T06:40:00.000Z","1652596800",
"2551","22b77d7829c68dcd","E2:1F:7B:35:CC:08","7.643312101910828","0","0.5787037037037037","0","157","2022-05-15T06:41:00.000Z","1652596860",
"2551","22b77d7829c68dcd","E2:1F:7B:35:CC:08","7.643312101910828","0","0.5580357142857143","0","157","2022-05-15T06:42:00.000Z","1652596920",
"2551","22b77d7829c68dcd","E2:1F:7B:35:CC:08","5.095541401273885","0","0.5580357142857143","0","157","2022-05-15T06:43:00.000Z","1652596980",
"2551","22b77d7829c68dcd","E2:1F:7B:35:CC:08","5.095541401273885","0","0.5580357142857143","0","157","2022-05-15T06:44:00.000Z","1652597040",
"2551","22b77d7829c68dcd","E2:1F:7B:35:CC:08","5.095541401273885","0","0.5580357142857143","0","157","2022-05-15T06:45:00.000Z","1652597100",
"2551","22b77d7829c68dcd","E2:1F:7B:35:CC:08","7.643312101910828","0","0.5208333333333334","0","157","2022-05-15T06:46:00.000Z","1652597160",
"2551","22b77d7829c68dcd","E2:1F:7B:35:CC:08","20.38216560509554","0","0.48828125","0","157","2022-05-15T06:47:00.000Z","1652597220",
"2551","22b77d7829c68dcd","E2:1F:7B:35:CC:08","12.738853503184714","0","0.4734848484848485","0","157","2022-05-15T06:48:00.000Z","1652597280",
"2551","22b77d7829c68dcd","E2:1F:7B:35:CC:08","8.9171974522293","0","0.4734848484848485","0","157","2022-05-15T06:49:00.000Z","1652597340",
"2551","22b77d7829c68dcd","E2:1F:7B:35:CC:08","12.738853503184714","0","0.5787037037037037","1","157","2022-05-15T06:50:00.000Z","1652597400",
"2551","22b77d7829c68dcd","E2:1F:7B:35:CC:08","7.643312101910828","0","0.6009615384615384","0","157","2022-05-15T06:51:00.000Z","1652597460",
"2551","22b77d7829c68dcd","E2:1F:7B:35:CC:08","12.738853503184714","0","0.5580357142857143","0","157","2022-05-15T06:52:00.000Z","1652597520",
"2551","22b77d7829c68dcd","E2:1F:7B:35:CC:08","10.19108280254777","0","0.5787037037037037","0","157","2022-05-15T06:53:00.000Z","1652597580",
"2551","22b77d7829c68dcd","E2:1F:7B:35:CC:08","6.369426751592357","0","0.6009615384615384","0","157","2022-05-15T06:54:00.000Z","1652597640",
"2551","22b77d7829c68dcd","E2:1F:7B:35:CC:08","6.369426751592357","0","0.6009615384615384","0","157","2022-05-15T06:55:00.000Z","1652597700",
"2551","22b77d7829c68dcd","E2:1F:7B:35:CC:08","10.19108280254777","0","0.625","0","157","2022-05-15T06:56:00.000Z","1652597760",
"2551","22b77d7829c68dcd","E2:1F:7B:35:CC:08","24.203821656050955","0","0.6510416666666666","0","157","2022-05-15T06:57:00.000Z","1652597820",
"2551","22b77d7829c68dcd","E2:1F:7B:35:CC:08","12.738853503184714","0","0.6793478260869565","0","157","2022-05-15T06:58:00.000Z","1652597880",
"2551","22b77d7829c68dcd","E2:1F:7B:35:CC:08","7.643312101910828","0","0.6009615384615384","0","157","2022-05-15T06:59:00.000Z","1652597940",
"2551","22b77d7829c68dcd","E2:1F:7B:35:CC:08","6.369426751592357","0","0.625","0","157","2022-05-15T07:00:00.000Z","1652598000",
"2551","22b77d7829c68dcd","E2:1F:7B:35:CC:08","3.821656050955414","0","0.625","0","157","2022-05-15T07:01:00.000Z","1652598060",
"2551","22b77d7829c68dcd","E2:1F:7B:35:CC:08","2.5477707006369426","0","0.625","0","157","2022-05-15T07:02:00.000Z","1652598120",
"2551","22b77d7829c68dcd","E2:1F:7B:35:CC:08","2.5477707006369426","0","0.6510416666666666","0","157","2022-05-15T07:03:00.000Z","1652598180",
"2551","22b77d7829c68dcd","E2:1F:7B:35:CC:08","2.5477707006369426","0","0.4340277777777778","1","157","2022-05-15T07:04:00.000Z","1652598240",
"2551","22b77d7829c68dcd","E2:1F:7B:35:CC:08","5.095541401273885","0","0.4340277777777778","0","157","2022-05-15T07:05:00.000Z","1652598300",
"2551","22b77d7829c68dcd","E2:1F:7B:35:CC:08","11.464968152866241","0","0.4340277777777778","0","157","2022-05-15T07:06:00.000Z","1652598360",
"2551","22b77d7829c68dcd","E2:1F:7B:35:CC:08","8.9171974522293","0","0.4340277777777778","0","157","2022-05-15T07:07:00.000Z","1652598420",
"2551","22b77d7829c68dcd","E2:1F:7B:35:CC:08","8.9171974522293","0","0.44642857142857145","0","157","2022-05-15T07:08:00.000Z","1652598480",
"2551","22b77d7829c68dcd","E2:1F:7B:35:CC:08","6.369426751592357","0","0.44642857142857145","0","157","2022-05-15T07:09:00.000Z","1652598540",
"2551","22b77d7829c68dcd","E2:1F:7B:35:CC:08","5.095541401273885","0","0.44642857142857145","0","157","2022-05-15T07:10:00.000Z","1652598600",
"2551","22b77d7829c68dcd","E2:1F:7B:35:CC:08","6.369426751592357","0","0.45955882352941174","0","157","2022-05-15T07:11:00.000Z","1652598660",
"2551","22b77d7829c68dcd","E2:1F:7B:35:CC:08","5.095541401273885","0","0.45955882352941174","0","157","2022-05-15T07:12:00.000Z","1652598720",
"2551","22b77d7829c68dcd","E2:1F:7B:35:CC:08","15.286624203821656","2","0.45955882352941174","0","157","2022-05-15T07:13:00.000Z","1652598780",
"2551","22b77d7829c68dcd","E2:1F:7B:35:CC:08","12.738853503184714","0","0.4734848484848485","0","157","2022-05-15T07:14:00.000Z","1652598840",
"2551","22b77d7829c68dcd","E2:1F:7B:35:CC:08","24.203821656050955","3","0.4734848484848485","0","157","2022-05-15T07:15:00.000Z","1652598900",
"2551","22b77d7829c68dcd","E2:1F:7B:35:CC:08","21.656050955414013","0","0.45955882352941174","0","157","2022-05-15T07:16:00.000Z","1652598960",
"2551","22b77d7829c68dcd","E2:1F:7B:35:CC:08","25.477707006369428","4","0.5387931034482759","0","157","2022-05-15T07:17:00.000Z","1652599020",
"2551","22b77d7829c68dcd","E2:1F:7B:35:CC:08","20.38216560509554","0","0.5787037037037037","0","157","2022-05-15T07:18:00.000Z","1652599080",
"2551","22b77d7829c68dcd","E2:1F:7B:35:CC:08","8.9171974522293","0","0.5787037037037037","0","157","2022-05-15T07:19:00.000Z","1652599140",
"2551","22b77d7829c68dcd","E2:1F:7B:35:CC:08","6.369426751592357","0","0.6009615384615384","0","157","2022-05-15T07:20:00.000Z","1652599200",
"2551","22b77d7829c68dcd","E2:1F:7B:35:CC:08","3.821656050955414","0","0.6009615384615384","0","157","2022-05-15T07:21:00.000Z","1652599260",
"2551","22b77d7829c68dcd","E2:1F:7B:35:CC:08","2.5477707006369426","0","0.625","0","157","2022-05-15T07:22:00.000Z","1652599320",
"2551","22b77d7829c68dcd","E2:1F:7B:35:CC:08","3.821656050955414","0","0.625","0","157","2022-05-15T07:23:00.000Z","1652599380",
"2551","22b77d7829c68dcd","E2:1F:7B:35:CC:08","3.821656050955414","0","0.6510416666666666","0","157","2022-05-15T07:24:00.000Z","1652599440",
"2551","22b77d7829c68dcd","E2:1F:7B:35:CC:08","2.5477707006369426","0","0.6510416666666666","0","157","2022-05-15T07:25:00.000Z","1652599500",
"2551","22b77d7829c68dcd","E2:1F:7B:35:CC:08","2.5477707006369426","0","0.6510416666666666","0","157","2022-05-15T07:26:00.000Z","1652599560",
"2551","22b77d7829c68dcd","E2:1F:7B:35:CC:08","2.5477707006369426","0","0.6510416666666666","0","157","2022-05-15T07:27:00.000Z","1652599620",
"2551","22b77d7829c68dcd","E2:1F:7B:35:CC:08","2.5477707006369426","0","0.6510416666666666","0","157","2022-05-15T07:28:00.000Z","1652599680",
"2551","22b77d7829c68dcd","E2:1F:7B:35:CC:08","2.5477707006369426","0","0.6793478260869565","0","157","2022-05-15T07:29:00.000Z","1652599740",
"2551","22b77d7829c68dcd","E2:1F:7B:35:CC:08","2.5477707006369426","0","0.6793478260869565","0","157","2022-05-15T07:30:00.000Z","1652599800",
"2551","22b77d7829c68dcd","E2:1F:7B:35:CC:08","2.5477707006369426","0","0.6793478260869565","0","157","2022-05-15T07:31:00.000Z","1652599860",
"2551","22b77d7829c68dcd","E2:1F:7B:35:CC:08","5.095541401273885","1","0.4734848484848485","0","157","2022-05-15T07:32:00.000Z","1652599920",
"2551","22b77d7829c68dcd","E2:1F:7B:35:CC:08","19.10828025477707","1","0.5208333333333334","0","157","2022-05-15T07:33:00.000Z","1652599980",
"2551","22b77d7829c68dcd","E2:1F:7B:35:CC:08","8.9171974522293","0","0.5387931034482759","0","157","2022-05-15T07:34:00.000Z","1652600040",
"2551","22b77d7829c68dcd","E2:1F:7B:35:CC:08","6.369426751592357","0","0.5208333333333334","0","157","2022-05-15T07:35:00.000Z","1652600100",
"2551","22b77d7829c68dcd","E2:1F:7B:35:CC:08","5.095541401273885","0","0.5208333333333334","0","157","2022-05-15T07:36:00.000Z","1652600160",
"2551","22b77d7829c68dcd","E2:1F:7B:35:CC:08","14.012738853503185","2","0.48828125","0","157","2022-05-15T07:37:00.000Z","1652600220",
"2551","22b77d7829c68dcd","E2:1F:7B:35:CC:08","14.012738853503185","0","0.5208333333333334","0","157","2022-05-15T07:38:00.000Z","1652600280",
"2551","22b77d7829c68dcd","E2:1F:7B:35:CC:08","11.464968152866241","0","0.5387931034482759","0","157","2022-05-15T07:39:00.000Z","1652600340",
"2551","22b77d7829c68dcd","E2:1F:7B:35:CC:08","10.19108280254777","0","0.5580357142857143","0","157","2022-05-15T07:40:00.000Z","1652600400",
"2551","22b77d7829c68dcd","E2:1F:7B:35:CC:08","10.19108280254777","0","0.5787037037037037","0","157","2022-05-15T07:41:00.000Z","1652600460",
"2551","22b77d7829c68dcd","E2:1F:7B:35:CC:08","12.738853503184714","0","0.6009615384615384","0","157","2022-05-15T07:42:00.000Z","1652600520",
"2551","22b77d7829c68dcd","E2:1F:7B:35:CC:08","14.012738853503185","1","0.625","0","157","2022-05-15T07:43:00.000Z","1652600580",
"2551","22b77d7829c68dcd","E2:1F:7B:35:CC:08","11.464968152866241","0","0.6510416666666666","0","157","2022-05-15T07:44:00.000Z","1652600640",
"2551","22b77d7829c68dcd","E2:1F:7B:35:CC:08","21.656050955414013","2","0.7102272727272727","0","157","2022-05-15T07:45:00.000Z","1652600700",
"2551","22b77d7829c68dcd","E2:1F:7B:35:CC:08","19.10828025477707","2","0.7440476190476191","0","157","2022-05-15T07:46:00.000Z","1652600760",
"2551","22b77d7829c68dcd","E2:1F:7B:35:CC:08","21.656050955414013","2","0.7440476190476191","0","157","2022-05-15T07:47:00.000Z","1652600820",
"2551","22b77d7829c68dcd","E2:1F:7B:35:CC:08","29.29936305732484","5","0.8223684210526315","0","157","2022-05-15T07:48:00.000Z","1652600880",
"2551","22b77d7829c68dcd","E2:1F:7B:35:CC:08","40.76433121019108","5","0.9191176470588235","0","157","2022-05-15T07:49:00.000Z","1652600940",
"2551","22b77d7829c68dcd","E2:1F:7B:35:CC:08","42.038216560509554","4","0.9765625","0","157","2022-05-15T07:50:00.000Z","1652601000",
"2551","22b77d7829c68dcd","E2:1F:7B:35:CC:08","48.40764331210191","4","0.9191176470588235","0","157","2022-05-15T07:51:00.000Z","1652601060",
"2551","22b77d7829c68dcd","E2:1F:7B:35:CC:08","47.13375796178344","6","0.9191176470588235","0","157","2022-05-15T07:52:00.000Z","1652601120",
"2551","22b77d7829c68dcd","E2:1F:7B:35:CC:08","40.76433121019108","2","0.9191176470588235","0","157","2022-05-15T07:53:00.000Z","1652601180",
"2551","22b77d7829c68dcd","E2:1F:7B:35:CC:08","35.6687898089172","3","0.9765625","0","157","2022-05-15T07:54:00.000Z","1652601240",
"2551","22b77d7829c68dcd","E2:1F:7B:35:CC:08","40.76433121019108","7","0.8680555555555556","0","157","2022-05-15T07:55:00.000Z","1652601300",
"2551","22b77d7829c68dcd","E2:1F:7B:35:CC:08","38.21656050955414","2","0.9191176470588235","0","157","2022-05-15T07:56:00.000Z","1652601360",
"2551","22b77d7829c68dcd","E2:1F:7B:35:CC:08","39.49044585987261","6","1.0416666666666667","0","157","2022-05-15T07:57:00.000Z","1652601420",
"2551","22b77d7829c68dcd","E2:1F:7B:35:CC:08","40.76433121019108","6","1.1160714285714286","0","157","2022-05-15T07:58:00.000Z","1652601480",
"2551","22b77d7829c68dcd","E2:1F:7B:35:CC:08","56.05095541401274","3","1.1160714285714286","0","157","2022-05-15T07:59:00.000Z","1652601540",
"2551","22b77d7829c68dcd","E2:1F:7B:35:CC:08","48.40764331210191","1","1.1160714285714286","0","157","2022-05-15T08:00:00.000Z","1652601600",
"2551","22b77d7829c68dcd","E2:1F:7B:35:CC:08","54.77707006369427","1","1.1160714285714286","0","157","2022-05-15T08:01:00.000Z","1652601660",
"2551","22b77d7829c68dcd","E2:1F:7B:35:CC:08","40.76433121019108","3","1.1160714285714286","0","157","2022-05-15T08:02:00.000Z","1652601720",
"2551","22b77d7829c68dcd","E2:1F:7B:35:CC:08","39.49044585987261","0","1.1160714285714286","0","157","2022-05-15T08:03:00.000Z","1652601780",
"2551","22b77d7829c68dcd","E2:1F:7B:35:CC:08","35.6687898089172","1","1.0416666666666667","0","157","2022-05-15T08:04:00.000Z","1652601840",
"2551","22b77d7829c68dcd","E2:1F:7B:35:CC:08","31.84713375796178","2","0.7440476190476191","1","157","2022-05-15T08:05:00.000Z","1652601900",
"2551","22b77d7829c68dcd","E2:1F:7B:35:CC:08","43.31210191082803","5","0.8680555555555556","0","157","2022-05-15T08:06:00.000Z","1652601960",
"2551","22b77d7829c68dcd","E2:1F:7B:35:CC:08","39.49044585987261","2","0.8223684210526315","0","157","2022-05-15T08:07:00.000Z","1652602020",
"2551","22b77d7829c68dcd","E2:1F:7B:35:CC:08","30.573248407643312","0","0.78125","0","157","2022-05-15T08:08:00.000Z","1652602080",
"2551","22b77d7829c68dcd","E2:1F:7B:35:CC:08","22.929936305732483","0","0.78125","0","157","2022-05-15T08:09:00.000Z","1652602140",
"2551","22b77d7829c68dcd","E2:1F:7B:35:CC:08","52.22929936305732","3","0.8680555555555556","0","157","2022-05-15T08:10:00.000Z","1652602200",
"2551","22b77d7829c68dcd","E2:1F:7B:35:CC:08","54.77707006369427","3","0.8223684210526315","1","157","2022-05-15T08:11:00.000Z","1652602260",
"2551","22b77d7829c68dcd","E2:1F:7B:35:CC:08","47.13375796178344","3","0.8223684210526315","0","157","2022-05-15T08:12:00.000Z","1652602320",
"2551","22b77d7829c68dcd","E2:1F:7B:35:CC:08","62.4203821656051","1","0.8223684210526315","0","157","2022-05-15T08:13:00.000Z","1652602380",
"2551","22b77d7829c68dcd","E2:1F:7B:35:CC:08","56.05095541401274","0","0.8680555555555556","0","157","2022-05-15T08:14:00.000Z","1652602440",
"2551","22b77d7829c68dcd","E2:1F:7B:35:CC:08","42.038216560509554","3","0.8680555555555556","0","157","2022-05-15T08:15:00.000Z","1652602500",
"2551","22b77d7829c68dcd","E2:1F:7B:35:CC:08","53.503184713375795","2","0.8680555555555556","0","157","2022-05-15T08:16:00.000Z","1652602560",
"2551","22b77d7829c68dcd","E2:1F:7B:35:CC:08","48.40764331210191","5","0.9765625","0","157","2022-05-15T08:17:00.000Z","1652602620",
"2551","22b77d7829c68dcd","E2:1F:7B:35:CC:08","66.24203821656052","4","1.0416666666666667","0","157","2022-05-15T08:18:00.000Z","1652602680",
"2551","22b77d7829c68dcd","E2:1F:7B:35:CC:08","52.22929936305732","0","0.78125","0","157","2022-05-15T08:19:00.000Z","1652602740",
"2551","22b77d7829c68dcd","E2:1F:7B:35:CC:08","42.038216560509554","5","0.8223684210526315","0","157","2022-05-15T08:20:00.000Z","1652602800",
"2551","22b77d7829c68dcd","E2:1F:7B:35:CC:08","63.69426751592356","6","0.6793478260869565","0","157","2022-05-15T08:21:00.000Z","1652602860",
"2551","22b77d7829c68dcd","E2:1F:7B:35:CC:08","86.62420382165605","9","0.6510416666666666","2","157","2022-05-15T08:22:00.000Z","1652602920",
"2551","22b77d7829c68dcd","E2:1F:7B:35:CC:08","89.171974522293","6","0.7440476190476191","14","157","2022-05-15T08:23:00.000Z","1652602980",
"2551","22b77d7829c68dcd","E2:1F:7B:35:CC:08","80.2547770700637","3","0.6793478260869565","12","157","2022-05-15T08:24:00.000Z","1652603040",
"2551","22b77d7829c68dcd","E2:1F:7B:35:CC:08","77.70700636942675","0","0.5580357142857143","8","157","2022-05-15T08:25:00.000Z","1652603100",
"2551","22b77d7829c68dcd","E2:1F:7B:35:CC:08","75.1592356687898","6","0.5040322580645161","15","157","2022-05-15T08:26:00.000Z","1652603160",
"2551","22b77d7829c68dcd","E2:1F:7B:35:CC:08","84.07643312101911","7","0.20292207792207792","11","157","2022-05-15T08:27:00.000Z","1652603220",
"2551","22b77d7829c68dcd","E2:1F:7B:35:CC:08","96.81528662420382","10","0.26939655172413796","1","157","2022-05-15T08:28:00.000Z","1652603280",
"2551","22b77d7829c68dcd","E2:1F:7B:35:CC:08","100","4","0.23674242424242425","2","157","2022-05-15T08:29:00.000Z","1652603340",
"2551","22b77d7829c68dcd","E2:1F:7B:35:CC:08","99.36305732484077","12","0.26939655172413796","7","157","2022-05-15T08:30:00.000Z","1652603400",
"2551","22b77d7829c68dcd","E2:1F:7B:35:CC:08","84.07643312101911","11","0.125","9","157","2022-05-15T08:31:00.000Z","1652603460",
"2551","22b77d7829c68dcd","E2:1F:7B:35:CC:08","71.3375796178344","8","0.20833333333333334","19","157","2022-05-15T08:32:00.000Z","1652603520",
"2551","22b77d7829c68dcd","E2:1F:7B:35:CC:08","62.4203821656051","4","0.22644927536231885","12","157","2022-05-15T08:33:00.000Z","1652603580",
"2551","22b77d7829c68dcd","E2:1F:7B:35:CC:08","71.3375796178344","0","0.3324468085106383","2","157","2022-05-15T08:44:00.000Z","1652604240",
"2551","22b77d7829c68dcd","E2:1F:7B:35:CC:08","71.3375796178344","0","0.33967391304347827","4","157","2022-05-15T08:45:00.000Z","1652604300",
"2551","22b77d7829c68dcd","E2:1F:7B:35:CC:08","62.4203821656051","2","0.3633720930232558","12","157","2022-05-15T08:46:00.000Z","1652604360",
"2551","22b77d7829c68dcd","E2:1F:7B:35:CC:08","72.61146496815287","6","0.3472222222222222","15","157","2022-05-15T08:47:00.000Z","1652604420",
"2551","22b77d7829c68dcd","E2:1F:7B:35:CC:08","78.98089171974522","3","0.28935185185185186","12","157","2022-05-15T08:48:00.000Z","1652604480",
"2551","22b77d7829c68dcd","E2:1F:7B:35:CC:08","81.52866242038216","4","0.2648305084745763","21","157","2022-05-15T08:49:00.000Z","1652604540",
"2551","22b77d7829c68dcd","E2:1F:7B:35:CC:08","81.52866242038216","0","0.2741228070175439","8","157","2022-05-15T08:50:00.000Z","1652604600",
"2551","22b77d7829c68dcd","E2:1F:7B:35:CC:08","80.2547770700637","8","0.1953125","15","157","2022-05-15T08:51:00.000Z","1652604660",
"2551","22b77d7829c68dcd","E2:1F:7B:35:CC:08","73.88535031847134","0","0.3125","25","157","2022-05-15T08:52:00.000Z","1652604720",
"2551","22b77d7829c68dcd","E2:1F:7B:35:CC:08","61.146496815286625","6","0.3255208333333333","18","157","2022-05-15T08:53:00.000Z","1652604780",
"2551","22b77d7829c68dcd","E2:1F:7B:35:CC:08","57.32484076433121","0","0.30637254901960786","9","157","2022-05-15T08:54:00.000Z","1652604840",
"2551","22b77d7829c68dcd","E2:1F:7B:35:CC:08","54.77707006369427","8","0.25201612903225806","4","157","2022-05-15T08:55:00.000Z","1652604900",
"2551","22b77d7829c68dcd","E2:1F:7B:35:CC:08","70.06369426751593","5","0.27901785714285715","1","157","2022-05-15T08:56:00.000Z","1652604960",
"2551","22b77d7829c68dcd","E2:1F:7B:35:CC:08","86.62420382165605","3","0.2648305084745763","1","157","2022-05-15T08:57:00.000Z","1652605020",
"2551","22b77d7829c68dcd","E2:1F:7B:35:CC:08","86.62420382165605","7","0.27901785714285715","1","157","2022-05-15T08:58:00.000Z","1652605080",
"2551","22b77d7829c68dcd","E2:1F:7B:35:CC:08","75.1592356687898","7","0.38109756097560976","0","157","2022-05-15T08:59:00.000Z","1652605140",
"2551","22b77d7829c68dcd","E2:1F:7B:35:CC:08","80.2547770700637","6","0.3125","5","157","2022-05-15T09:00:00.000Z","1652605200",
"2551","22b77d7829c68dcd","E2:1F:7B:35:CC:08","61.146496815286625","2","0.294811320754717","29","157","2022-05-15T09:01:00.000Z","1652605260",
"2551","22b77d7829c68dcd","E2:1F:7B:35:CC:08","54.77707006369427","4","0.3255208333333333","5","157","2022-05-15T09:02:00.000Z","1652605320",
"2551","22b77d7829c68dcd","E2:1F:7B:35:CC:08","44.5859872611465","2","0.3472222222222222","11","157","2022-05-15T09:03:00.000Z","1652605380",
"2551","22b77d7829c68dcd","E2:1F:7B:35:CC:08","47.13375796178344","4","0.3125","9","157","2022-05-15T09:04:00.000Z","1652605440",
"2551","22b77d7829c68dcd","E2:1F:7B:35:CC:08","45.859872611464965","5","0.3004807692307692","18","157","2022-05-15T09:05:00.000Z","1652605500",
"2551","22b77d7829c68dcd","E2:1F:7B:35:CC:08","67.51592356687898","8","0.44642857142857145","19","157","2022-05-15T09:06:00.000Z","1652605560",
"2551","22b77d7829c68dcd","E2:1F:7B:35:CC:08","94.26751592356688","6","0.8223684210526315","14","157","2022-05-15T09:07:00.000Z","1652605620",
"2551","22b77d7829c68dcd","E2:1F:7B:35:CC:08","82.80254777070064","4","0.6510416666666666","26","157","2022-05-15T09:08:00.000Z","1652605680",
"2551","22b77d7829c68dcd","E2:1F:7B:35:CC:08","78.98089171974522","6","0.6510416666666666","11","157","2022-05-15T09:09:00.000Z","1652605740",
"2551","22b77d7829c68dcd","E2:1F:7B:35:CC:08","80.2547770700637","1","0.6510416666666666","11","157","2022-05-15T09:10:00.000Z","1652605800",
"2551","22b77d7829c68dcd","E2:1F:7B:35:CC:08","71.3375796178344","5","0.6793478260869565","12","157","2022-05-15T09:11:00.000Z","1652605860",
"2551","22b77d7829c68dcd","E2:1F:7B:35:CC:08","71.3375796178344","7","1.1160714285714286","35","157","2022-05-15T09:12:00.000Z","1652605920",
"2551","22b77d7829c68dcd","E2:1F:7B:35:CC:08","92.99363057324841","5","1.5625","21","157","2022-05-15T09:13:00.000Z","1652605980",
"2551","22b77d7829c68dcd","E2:1F:7B:35:CC:08","100","7","1.5625","33","157","2022-05-15T09:14:00.000Z","1652606040",
"2551","22b77d7829c68dcd","E2:1F:7B:35:CC:08","100","8","1.5625","22","157","2022-05-15T09:15:00.000Z","1652606100",
"2551","22b77d7829c68dcd","E2:1F:7B:35:CC:08","100","1","1.7361111111111112","18","157","2022-05-15T09:16:00.000Z","1652606160",
"2551","22b77d7829c68dcd","E2:1F:7B:35:CC:08","99.36305732484077","10","1.953125","21","157","2022-05-15T09:17:00.000Z","1652606220",
"2551","22b77d7829c68dcd","E2:1F:7B:35:CC:08","95.54140127388536","5","1.7361111111111112","11","157","2022-05-15T09:18:00.000Z","1652606280",
"2551","22b77d7829c68dcd","E2:1F:7B:35:CC:08","98.08917197452229","6","1.3020833333333333","28","157","2022-05-15T09:19:00.000Z","1652606340",
"2551","22b77d7829c68dcd","E2:1F:7B:35:CC:08","100","5","1.4204545454545454","46","157","2022-05-15T09:20:00.000Z","1652606400",
"2551","22b77d7829c68dcd","E2:1F:7B:35:CC:08","100","7","1.4204545454545454","37","157","2022-05-15T09:21:00.000Z","1652606460",
"2551","22b77d7829c68dcd","E2:1F:7B:35:CC:08","86.62420382165605","3","1.3020833333333333","12","157","2022-05-15T09:22:00.000Z","1652606520",
"2551","22b77d7829c68dcd","E2:1F:7B:35:CC:08","90.44585987261146","5","1.953125","12","157","2022-05-15T09:23:00.000Z","1652606580",
"2551","22b77d7829c68dcd","E2:1F:7B:35:CC:08","87.89808917197452","9","2.232142857142857","12","157","2022-05-15T09:24:00.000Z","1652606640",
"2551","22b77d7829c68dcd","E2:1F:7B:35:CC:08","84.07643312101911","10","3.125","7","157","2022-05-15T09:25:00.000Z","1652606700",
"2551","22b77d7829c68dcd","E2:1F:7B:35:CC:08","81.52866242038216","0","2.232142857142857","23","157","2022-05-15T09:26:00.000Z","1652606760",
"2551","22b77d7829c68dcd","E2:1F:7B:35:CC:08","89.171974522293","6","2.6041666666666665","22","157","2022-05-15T09:27:00.000Z","1652606820",
"2551","22b77d7829c68dcd","E2:1F:7B:35:CC:08","85.35031847133757","5","2.6041666666666665","16","157","2022-05-15T09:28:00.000Z","1652606880",
"2551","22b77d7829c68dcd","E2:1F:7B:35:CC:08","86.62420382165605","7","3.125","28","157","2022-05-15T09:29:00.000Z","1652606940",
"2551","22b77d7829c68dcd","E2:1F:7B:35:CC:08","96.81528662420382","10","3.125","7","157","2022-05-15T09:30:00.000Z","1652607000",
"2551","22b77d7829c68dcd","E2:1F:7B:35:CC:08","100","6","2.232142857142857","35","157","2022-05-15T09:31:00.000Z","1652607060",
"2551","22b77d7829c68dcd","E2:1F:7B:35:CC:08","100","7","2.6041666666666665","25","157","2022-05-15T09:32:00.000Z","1652607120",
"2551","22b77d7829c68dcd","E2:1F:7B:35:CC:08","95.54140127388536","10","3.125","28","157","2022-05-15T09:33:00.000Z","1652607180",
"2551","22b77d7829c68dcd","E2:1F:7B:35:CC:08","92.99363057324841","5","1.953125","37","157","2022-05-15T09:34:00.000Z","1652607240",
"2551","22b77d7829c68dcd","E2:1F:7B:35:CC:08","100","5","2.6041666666666665","23","157","2022-05-15T09:35:00.000Z","1652607300",
"2551","22b77d7829c68dcd","E2:1F:7B:35:CC:08","99.36305732484077","9","3.125","33","157","2022-05-15T09:36:00.000Z","1652607360",
"2551","22b77d7829c68dcd","E2:1F:7B:35:CC:08","86.62420382165605","2","3.90625","25","157","2022-05-15T09:37:00.000Z","1652607420",
"2551","22b77d7829c68dcd","E2:1F:7B:35:CC:08","100","8","2.6041666666666665","2","157","2022-05-15T09:41:00.000Z","1652607660",
"2551","22b77d7829c68dcd","E2:1F:7B:35:CC:08","100","4","1.953125","11","157","2022-05-15T09:42:00.000Z","1652607720",
"2551","22b77d7829c68dcd","E2:1F:7B:35:CC:08","100","3","1.953125","11","157","2022-05-15T09:43:00.000Z","1652607780",
"2551","22b77d7829c68dcd","E2:1F:7B:35:CC:08","100","6","1.953125","40","157","2022-05-15T09:44:00.000Z","1652607840",
"2551","22b77d7829c68dcd","E2:1F:7B:35:CC:08","100","6","2.232142857142857","8","157","2022-05-15T09:45:00.000Z","1652607900",
"2551","22b77d7829c68dcd","E2:1F:7B:35:CC:08","100","7","2.232142857142857","14","157","2022-05-15T09:46:00.000Z","1652607960",
"2551","22b77d7829c68dcd","E2:1F:7B:35:CC:08","100","6","2.232142857142857","14","157","2022-05-15T09:47:00.000Z","1652608020",
"2551","22b77d7829c68dcd","E2:1F:7B:35:CC:08","100","5","1.4204545454545454","16","157","2022-05-15T09:48:00.000Z","1652608080",
"2551","22b77d7829c68dcd","E2:1F:7B:35:CC:08","100","9","1.7361111111111112","1","157","2022-05-15T09:49:00.000Z","1652608140",
"2551","22b77d7829c68dcd","E2:1F:7B:35:CC:08","100","5","2.6041666666666665","19","157","2022-05-15T09:50:00.000Z","1652608200",
"2551","22b77d7829c68dcd","E2:1F:7B:35:CC:08","100","0","2.232142857142857","36","157","2022-05-15T09:51:00.000Z","1652608260",
"2551","22b77d7829c68dcd","E2:1F:7B:35:CC:08","100","8","2.232142857142857","14","157","2022-05-15T09:52:00.000Z","1652608320",
"2551","22b77d7829c68dcd","E2:1F:7B:35:CC:08","100","7","2.6041666666666665","12","157","2022-05-15T09:53:00.000Z","1652608380",
"2551","22b77d7829c68dcd","E2:1F:7B:35:CC:08","100","9","2.232142857142857","22","157","2022-05-15T09:54:00.000Z","1652608440",
"2551","22b77d7829c68dcd","E2:1F:7B:35:CC:08","100","3","1.7361111111111112","21","157","2022-05-15T09:55:00.000Z","1652608500",
"2551","22b77d7829c68dcd","E2:1F:7B:35:CC:08","85.35031847133757","7","1.953125","19","157","2022-05-15T09:56:00.000Z","1652608560",
"2551","22b77d7829c68dcd","E2:1F:7B:35:CC:08","94.26751592356688","12","1.4204545454545454","25","157","2022-05-15T09:57:00.000Z","1652608620",
"2551","22b77d7829c68dcd","E2:1F:7B:35:CC:08","100","5","1.953125","7","157","2022-05-15T09:58:00.000Z","1652608680",
"2551","22b77d7829c68dcd","E2:1F:7B:35:CC:08","100","3","1.953125","23","157","2022-05-15T09:59:00.000Z","1652608740",
"2551","22b77d7829c68dcd","E2:1F:7B:35:CC:08","100","8","1.953125","14","157","2022-05-15T10:00:00.000Z","1652608800",
"2551","22b77d7829c68dcd","E2:1F:7B:35:CC:08","100","8","1.5625","16","157","2022-05-15T10:01:00.000Z","1652608860",
"2551","22b77d7829c68dcd","E2:1F:7B:35:CC:08","100","6","1.5625","7","157","2022-05-15T10:02:00.000Z","1652608920",
"2551","22b77d7829c68dcd","E2:1F:7B:35:CC:08","100","0","1.4204545454545454","16","157","2022-05-15T10:03:00.000Z","1652608980",
"2551","22b77d7829c68dcd","E2:1F:7B:35:CC:08","100","7","1.953125","8","157","2022-05-15T10:04:00.000Z","1652609040",
"2551","22b77d7829c68dcd","E2:1F:7B:35:CC:08","100","5","1.3020833333333333","8","157","2022-05-15T10:05:00.000Z","1652609100",
"2551","22b77d7829c68dcd","E2:1F:7B:35:CC:08","100","9","1.4204545454545454","8","157","2022-05-15T10:06:00.000Z","1652609160",
"2551","22b77d7829c68dcd","E2:1F:7B:35:CC:08","91.71974522292993","3","1.4204545454545454","2","157","2022-05-15T10:07:00.000Z","1652609220",
"2551","22b77d7829c68dcd","E2:1F:7B:35:CC:08","100","3","1.3020833333333333","5","157","2022-05-15T10:08:00.000Z","1652609280",
"2551","22b77d7829c68dcd","E2:1F:7B:35:CC:08","100","8","1.3020833333333333","19","157","2022-05-15T10:09:00.000Z","1652609340",
"2551","22b77d7829c68dcd","E2:1F:7B:35:CC:08","100","5","1.5625","14","157","2022-05-15T10:10:00.000Z","1652609400",
"2551","22b77d7829c68dcd","E2:1F:7B:35:CC:08","100","8","1.7361111111111112","21","157","2022-05-15T10:11:00.000Z","1652609460",
"2551","22b77d7829c68dcd","E2:1F:7B:35:CC:08","100","9","1.953125","12","157","2022-05-15T10:12:00.000Z","1652609520",
"2551","22b77d7829c68dcd","E2:1F:7B:35:CC:08","100","8","2.232142857142857","15","157","2022-05-15T10:13:00.000Z","1652609580",
"2551","22b77d7829c68dcd","E2:1F:7B:35:CC:08","100","5","1.953125","7","157","2022-05-15T10:14:00.000Z","1652609640",
"2551","22b77d7829c68dcd","E2:1F:7B:35:CC:08","100","9","2.6041666666666665","4","157","2022-05-15T10:15:00.000Z","1652609700",
"2551","22b77d7829c68dcd","E2:1F:7B:35:CC:08","100","2","2.232142857142857","7","157","2022-05-15T10:16:00.000Z","1652609760",
"2551","22b77d7829c68dcd","E2:1F:7B:35:CC:08","100","8","2.232142857142857","9","157","2022-05-15T10:17:00.000Z","1652609820",
"2551","22b77d7829c68dcd","E2:1F:7B:35:CC:08","100","7","2.6041666666666665","12","157","2022-05-15T10:18:00.000Z","1652609880",
"2551","22b77d7829c68dcd","E2:1F:7B:35:CC:08","100","4","2.6041666666666665","11","157","2022-05-15T10:19:00.000Z","1652609940",
"2551","22b77d7829c68dcd","E2:1F:7B:35:CC:08","100","5","2.232142857142857","7","157","2022-05-15T10:20:00.000Z","1652610000",
"2551","22b77d7829c68dcd","E2:1F:7B:35:CC:08","100","10","2.6041666666666665","7","157","2022-05-15T10:21:00.000Z","1652610060",
"2551","22b77d7829c68dcd","E2:1F:7B:35:CC:08","100","5","2.6041666666666665","7","157","2022-05-15T10:22:00.000Z","1652610120",
"2551","22b77d7829c68dcd","E2:1F:7B:35:CC:08","96.81528662420382","5","1.953125","2","157","2022-05-15T10:23:00.000Z","1652610180",
"2551","22b77d7829c68dcd","E2:1F:7B:35:CC:08","100","6","2.232142857142857","37","157","2022-05-15T10:24:00.000Z","1652610240",
"2551","22b77d7829c68dcd","E2:1F:7B:35:CC:08","100","5","2.232142857142857","29","157","2022-05-15T10:25:00.000Z","1652610300",
"2551","22b77d7829c68dcd","E2:1F:7B:35:CC:08","100","6","2.6041666666666665","33","157","2022-05-15T10:26:00.000Z","1652610360",
"2551","22b77d7829c68dcd","E2:1F:7B:35:CC:08","100","6","2.6041666666666665","15","157","2022-05-15T10:27:00.000Z","1652610420",
"2551","22b77d7829c68dcd","E2:1F:7B:35:CC:08","100","8","3.125","5","157","2022-05-15T10:28:00.000Z","1652610480",
"2551","22b77d7829c68dcd","E2:1F:7B:35:CC:08","98.08917197452229","10","3.125","4","157","2022-05-15T10:29:00.000Z","1652610540",
"2551","22b77d7829c68dcd","E2:1F:7B:35:CC:08","100","4","3.125","9","157","2022-05-15T10:30:00.000Z","1652610600",
"2551","22b77d7829c68dcd","E2:1F:7B:35:CC:08","85.35031847133757","3","2.6041666666666665","1","157","2022-05-15T10:31:00.000Z","1652610660",
"2551","22b77d7829c68dcd","E2:1F:7B:35:CC:08","87.89808917197452","7","2.6041666666666665","5","157","2022-05-15T10:32:00.000Z","1652610720",
"2551","22b77d7829c68dcd","E2:1F:7B:35:CC:08","95.54140127388536","4","3.125","5","157","2022-05-15T10:33:00.000Z","1652610780",
"2551","22b77d7829c68dcd","E2:1F:7B:35:CC:08","100","4","2.6041666666666665","23","157","2022-05-15T10:34:00.000Z","1652610840",
"2551","22b77d7829c68dcd","E2:1F:7B:35:CC:08","100","6","3.125","1","157","2022-05-15T10:35:00.000Z","1652610900",
"2551","22b77d7829c68dcd","E2:1F:7B:35:CC:08","100","3","3.125","2","157","2022-05-15T10:36:00.000Z","1652610960",
"2551","22b77d7829c68dcd","E2:1F:7B:35:CC:08","99.36305732484077","7","3.125","0","157","2022-05-15T10:37:00.000Z","1652611020",
"2551","22b77d7829c68dcd","E2:1F:7B:35:CC:08","96.81528662420382","3","2.6041666666666665","1","157","2022-05-15T10:38:00.000Z","1652611080",
"2551","22b77d7829c68dcd","E2:1F:7B:35:CC:08","98.08917197452229","3","3.125","0","157","2022-05-15T10:39:00.000Z","1652611140",
"2551","22b77d7829c68dcd","E2:1F:7B:35:CC:08","100","4","2.6041666666666665","0","157","2022-05-15T10:40:00.000Z","1652611200",
"2551","22b77d7829c68dcd","E2:1F:7B:35:CC:08","91.71974522292993","6","3.125","0","157","2022-05-15T10:41:00.000Z","1652611260",
"2551","22b77d7829c68dcd","E2:1F:7B:35:CC:08","86.62420382165605","3","2.6041666666666665","1","157","2022-05-15T10:42:00.000Z","1652611320",
"2551","22b77d7829c68dcd","E2:1F:7B:35:CC:08","73.88535031847134","4","1.953125","0","157","2022-05-15T10:43:00.000Z","1652611380",
"2551","22b77d7829c68dcd","E2:1F:7B:35:CC:08","62.4203821656051","4","1.7361111111111112","0","157","2022-05-15T10:44:00.000Z","1652611440",
"2551","22b77d7829c68dcd","E2:1F:7B:35:CC:08","77.70700636942675","4","1.953125","0","157","2022-05-15T10:45:00.000Z","1652611500",
"2551","22b77d7829c68dcd","E2:1F:7B:35:CC:08","72.61146496815287","1","1.5625","5","157","2022-05-15T10:46:00.000Z","1652611560",
"2551","22b77d7829c68dcd","E2:1F:7B:35:CC:08","85.35031847133757","4","1.953125","4","157","2022-05-15T10:47:00.000Z","1652611620",
"2551","22b77d7829c68dcd","E2:1F:7B:35:CC:08","100","3","2.232142857142857","22","157","2022-05-15T10:48:00.000Z","1652611680",
"2551","22b77d7829c68dcd","E2:1F:7B:35:CC:08","100","7","1.953125","5","157","2022-05-15T10:49:00.000Z","1652611740",
"2551","22b77d7829c68dcd","E2:1F:7B:35:CC:08","100","5","1.5625","18","157","2022-05-15T10:50:00.000Z","1652611800",
"2551","22b77d7829c68dcd","E2:1F:7B:35:CC:08","100","0","5.208333333333333","12","157","2022-05-15T10:51:00.000Z","1652611860",
"2551","22b77d7829c68dcd","E2:1F:7B:35:CC:08","100","5","0.9191176470588235","16","157","2022-05-15T10:52:00.000Z","1652611920",
"2551","22b77d7829c68dcd","E2:1F:7B:35:CC:08","100","5","1.2019230769230769","12","157","2022-05-15T10:53:00.000Z","1652611980",
"2551","22b77d7829c68dcd","E2:1F:7B:35:CC:08","100","6","1.5625","8","157","2022-05-15T10:54:00.000Z","1652612040",
"2551","22b77d7829c68dcd","E2:1F:7B:35:CC:08","96.81528662420382","4","1.5625","26","157","2022-05-15T10:55:00.000Z","1652612100",
"2551","22b77d7829c68dcd","E2:1F:7B:35:CC:08","99.36305732484077","4","0.78125","23","157","2022-05-15T10:56:00.000Z","1652612160",
"2551","22b77d7829c68dcd","E2:1F:7B:35:CC:08","84.07643312101911","0","0.9191176470588235","2","157","2022-05-15T10:57:00.000Z","1652612220",
"2551","22b77d7829c68dcd","E2:1F:7B:35:CC:08","85.35031847133757","8","1.2019230769230769","0","157","2022-05-15T10:58:00.000Z","1652612280",
"2551","22b77d7829c68dcd","E2:1F:7B:35:CC:08","100","7","1.953125","4","157","2022-05-15T10:59:00.000Z","1652612340",
"2551","22b77d7829c68dcd","E2:1F:7B:35:CC:08","100","5","2.232142857142857","0","157","2022-05-15T11:00:00.000Z","1652612400",
"2551","22b77d7829c68dcd","E2:1F:7B:35:CC:08","100","3","1.7361111111111112","0","157","2022-05-15T11:01:00.000Z","1652612460",
"2551","22b77d7829c68dcd","E2:1F:7B:35:CC:08","100","3","1.4204545454545454","1","157","2022-05-15T11:02:00.000Z","1652612520",
"2551","22b77d7829c68dcd","E2:1F:7B:35:CC:08","100","3","1.2019230769230769","1","157","2022-05-15T11:03:00.000Z","1652612580",
"2551","22b77d7829c68dcd","E2:1F:7B:35:CC:08","82.80254777070064","1","1.1160714285714286","0","157","2022-05-15T11:04:00.000Z","1652612640",
"2551","22b77d7829c68dcd","E2:1F:7B:35:CC:08","62.4203821656051","0","0.9191176470588235","5","157","2022-05-15T11:05:00.000Z","1652612700",
"2551","22b77d7829c68dcd","E2:1F:7B:35:CC:08","39.49044585987261","0","0.8223684210526315","4","157","2022-05-15T11:06:00.000Z","1652612760",
"2551","22b77d7829c68dcd","E2:1F:7B:35:CC:08","38.21656050955414","4","0.78125","12","157","2022-05-15T11:07:00.000Z","1652612820",
"2551","22b77d7829c68dcd","E2:1F:7B:35:CC:08","38.21656050955414","2","0.78125","12","157","2022-05-15T11:08:00.000Z","1652612880",
"2551","22b77d7829c68dcd","E2:1F:7B:35:CC:08","49.681528662420384","5","0.7102272727272727","4","157","2022-05-15T11:09:00.000Z","1652612940",
"2551","22b77d7829c68dcd","E2:1F:7B:35:CC:08","54.77707006369427","3","0.78125","15","157","2022-05-15T11:10:00.000Z","1652613000",
"2551","22b77d7829c68dcd","E2:1F:7B:35:CC:08","58.59872611464968","5","0.78125","33","157","2022-05-15T11:11:00.000Z","1652613060",
"2551","22b77d7829c68dcd","E2:1F:7B:35:CC:08","98.08917197452229","2","0.8223684210526315","0","157","2022-05-15T11:12:00.000Z","1652613120",
"2551","22b77d7829c68dcd","E2:1F:7B:35:CC:08","95.54140127388536","2","0.6009615384615384","1","157","2022-05-15T11:13:00.000Z","1652613180",
"2551","22b77d7829c68dcd","E2:1F:7B:35:CC:08","90.44585987261146","3","0.6009615384615384","0","157","2022-05-15T11:14:00.000Z","1652613240",
"2551","22b77d7829c68dcd","E2:1F:7B:35:CC:08","76.43312101910828","4","0.8223684210526315","9","157","2022-05-15T11:15:00.000Z","1652613300",
"2551","22b77d7829c68dcd","E2:1F:7B:35:CC:08","86.62420382165605","4","1.2019230769230769","12","157","2022-05-15T11:16:00.000Z","1652613360",
"2551","22b77d7829c68dcd","E2:1F:7B:35:CC:08","71.3375796178344","2","1.2019230769230769","7","157","2022-05-15T11:17:00.000Z","1652613420",
"2551","22b77d7829c68dcd","E2:1F:7B:35:CC:08","62.4203821656051","1","0.9765625","5","157","2022-05-15T11:18:00.000Z","1652613480",
"2551","22b77d7829c68dcd","E2:1F:7B:35:CC:08","71.3375796178344","0","0.7440476190476191","0","157","2022-05-15T11:19:00.000Z","1652613540",
"2551","22b77d7829c68dcd","E2:1F:7B:35:CC:08","70.06369426751593","7","0.7440476190476191","0","157","2022-05-15T11:20:00.000Z","1652613600",
"2551","22b77d7829c68dcd","E2:1F:7B:35:CC:08","53.164556962025316","2","0.6793478260869565","1","158","2022-05-15T11:24:00.000Z","1652613840",
"2551","22b77d7829c68dcd","E2:1F:7B:35:CC:08","32.91139240506329","0","0.625","0","158","2022-05-15T11:25:00.000Z","1652613900",
"2551","22b77d7829c68dcd","E2:1F:7B:35:CC:08","15.189873417721518","0","0.625","0","158","2022-05-15T11:26:00.000Z","1652613960",
"2551","22b77d7829c68dcd","E2:1F:7B:35:CC:08","17.72151898734177","1","0.5787037037037037","0","158","2022-05-15T11:27:00.000Z","1652614020",
"2551","22b77d7829c68dcd","E2:1F:7B:35:CC:08","35.44303797468354","2","0.5580357142857143","0","158","2022-05-15T11:28:00.000Z","1652614080",
"2551","22b77d7829c68dcd","E2:1F:7B:35:CC:08","50.63291139240506","3","0.5580357142857143","14","158","2022-05-15T11:29:00.000Z","1652614140",
"2551","22b77d7829c68dcd","E2:1F:7B:35:CC:08","34.177215189873415","0","0.48828125","2","158","2022-05-15T11:30:00.000Z","1652614200",
"2551","22b77d7829c68dcd","E2:1F:7B:35:CC:08","45.56962025316456","4","0.4734848484848485","4","158","2022-05-15T11:31:00.000Z","1652614260",
"2551","22b77d7829c68dcd","E2:1F:7B:35:CC:08","49.36708860759494","2","0.4734848484848485","0","158","2022-05-15T11:32:00.000Z","1652614320",
"2551","22b77d7829c68dcd","E2:1F:7B:35:CC:08","55.69620253164557","7","0.45955882352941174","5","158","2022-05-15T11:33:00.000Z","1652614380",
"2551","22b77d7829c68dcd","E2:1F:7B:35:CC:08","51.89873417721519","1","0.45955882352941174","2","158","2022-05-15T11:34:00.000Z","1652614440",
"2551","22b77d7829c68dcd","E2:1F:7B:35:CC:08","60.75949367088607","8","0.5208333333333334","4","158","2022-05-15T11:35:00.000Z","1652614500",
"2551","22b77d7829c68dcd","E2:1F:7B:35:CC:08","73.41772151898734","4","0.4734848484848485","1","158","2022-05-15T11:36:00.000Z","1652614560",
"2551","22b77d7829c68dcd","E2:1F:7B:35:CC:08","64.55696202531645","7","0.41118421052631576","1","158","2022-05-15T11:37:00.000Z","1652614620",
"2551","22b77d7829c68dcd","E2:1F:7B:35:CC:08","56.962025316455694","5","0.41118421052631576","2","158","2022-05-15T11:38:00.000Z","1652614680",
"2551","22b77d7829c68dcd","E2:1F:7B:35:CC:08","59.49367088607595","3","0.22007042253521128","4","158","2022-05-15T11:39:00.000Z","1652614740",
"2551","22b77d7829c68dcd","E2:1F:7B:35:CC:08","100","8","0.35511363636363635","2","158","2022-05-15T11:40:00.000Z","1652614800",
"2551","22b77d7829c68dcd","E2:1F:7B:35:CC:08","83.54430379746836","7","0.4222972972972973","2","158","2022-05-15T11:41:00.000Z","1652614860",
"2551","22b77d7829c68dcd","E2:1F:7B:35:CC:08","39.24050632911393","0","0.45955882352941174","0","158","2022-05-15T11:42:00.000Z","1652614920",
"2551","22b77d7829c68dcd","E2:1F:7B:35:CC:08","41.77215189873418","5","0.35511363636363635","0","158","2022-05-15T11:43:00.000Z","1652614980",
"2551","22b77d7829c68dcd","E2:1F:7B:35:CC:08","39.24050632911393","0","0.27901785714285715","0","158","2022-05-15T11:44:00.000Z","1652615040",
"2551","22b77d7829c68dcd","E2:1F:7B:35:CC:08","48.10126582278481","7","0.294811320754717","1","158","2022-05-15T11:45:00.000Z","1652615100",
"2551","22b77d7829c68dcd","E2:1F:7B:35:CC:08","54.43037974683544","4","0.2840909090909091","0","158","2022-05-15T11:46:00.000Z","1652615160",
"2551","22b77d7829c68dcd","E2:1F:7B:35:CC:08","86.07594936708861","11","0.13469827586206898","4","158","2022-05-15T11:47:00.000Z","1652615220",
"2551","22b77d7829c68dcd","E2:1F:7B:35:CC:08","100","7","0.22644927536231885","4","158","2022-05-15T11:48:00.000Z","1652615280",
"2551","22b77d7829c68dcd","E2:1F:7B:35:CC:08","96.20253164556962","3","0.244140625","16","158","2022-05-15T11:49:00.000Z","1652615340",
"2551","22b77d7829c68dcd","E2:1F:7B:35:CC:08","100","6","0.27901785714285715","14","158","2022-05-15T11:50:00.000Z","1652615400",
"2551","22b77d7829c68dcd","E2:1F:7B:35:CC:08","100","6","0.40064102564102566","2","158","2022-05-15T11:51:00.000Z","1652615460",
"2551","22b77d7829c68dcd","E2:1F:7B:35:CC:08","72.15189873417721","3","0.45955882352941174","2","158","2022-05-15T11:52:00.000Z","1652615520",
"2551","22b77d7829c68dcd","E2:1F:7B:35:CC:08","35.44303797468354","2","0.45955882352941174","0","158","2022-05-15T11:53:00.000Z","1652615580",
"2551","22b77d7829c68dcd","E2:1F:7B:35:CC:08","51.89873417721519","4","0.17959770114942528","2","158","2022-05-15T12:26:00.000Z","1652617560",
"2551","22b77d7829c68dcd","E2:1F:7B:35:CC:08","65.82278481012658","3","0.244140625","0","158","2022-05-15T12:27:00.000Z","1652617620",
"2551","22b77d7829c68dcd","E2:1F:7B:35:CC:08","56.962025316455694","4","0.22321428571428573","1","158","2022-05-15T12:28:00.000Z","1652617680",
"2551","22b77d7829c68dcd","E2:1F:7B:35:CC:08","56.962025316455694","0","0.15943877551020408","2","158","2022-05-15T12:29:00.000Z","1652617740",
"2551","22b77d7829c68dcd","E2:1F:7B:35:CC:08","54.43037974683544","3","0.17755681818181818","0","158","2022-05-15T12:30:00.000Z","1652617800",
"2551","22b77d7829c68dcd","E2:1F:7B:35:CC:08","69.62025316455696","3","0.20833333333333334","1","158","2022-05-15T12:31:00.000Z","1652617860",
"2551","22b77d7829c68dcd","E2:1F:7B:35:CC:08","100","6","0.390625","0","158","2022-05-15T12:32:00.000Z","1652617920",
"2551","22b77d7829c68dcd","E2:1F:7B:35:CC:08","100","5","0.294811320754717","0","158","2022-05-15T12:33:00.000Z","1652617980",
"2551","22b77d7829c68dcd","E2:1F:7B:35:CC:08","74.68354430379746","3","0.2840909090909091","0","158","2022-05-15T12:34:00.000Z","1652618040",
"2551","22b77d7829c68dcd","E2:1F:7B:35:CC:08","68.35443037974683","7","0.2604166666666667","1","158","2022-05-15T12:35:00.000Z","1652618100",
"2551","22b77d7829c68dcd","E2:1F:7B:35:CC:08","67.0886075949367","3","0.22644927536231885","0","158","2022-05-15T12:36:00.000Z","1652618160",
"2551","22b77d7829c68dcd","E2:1F:7B:35:CC:08","64.55696202531645","7","0.25614754098360654","0","158","2022-05-15T12:37:00.000Z","1652618220",
"2551","22b77d7829c68dcd","E2:1F:7B:35:CC:08","63.29113924050633","4","0.2648305084745763","0","158","2022-05-15T12:38:00.000Z","1652618280",
"2551","22b77d7829c68dcd","E2:1F:7B:35:CC:08","59.49367088607595","1","0.3004807692307692","0","158","2022-05-15T12:39:00.000Z","1652618340",
"2551","22b77d7829c68dcd","E2:1F:7B:35:CC:08","58.22784810126582","3","0.25201612903225806","0","158","2022-05-15T12:40:00.000Z","1652618400",
"2551","22b77d7829c68dcd","E2:1F:7B:35:CC:08","55.69620253164557","3","0.3255208333333333","0","158","2022-05-15T12:41:00.000Z","1652618460",
"2551","22b77d7829c68dcd","E2:1F:7B:35:CC:08","59.49367088607595","8","0.31887755102040816","0","158","2022-05-15T12:42:00.000Z","1652618520",
"2551","22b77d7829c68dcd","E2:1F:7B:35:CC:08","56.962025316455694","6","0.1474056603773585","9","158","2022-05-15T12:43:00.000Z","1652618580",
"2551","22b77d7829c68dcd","E2:1F:7B:35:CC:08","56.962025316455694","0","0.2840909090909091","2","158","2022-05-15T12:44:00.000Z","1652618640",
"2551","22b77d7829c68dcd","E2:1F:7B:35:CC:08","54.43037974683544","9","0.15782828282828282","8","158","2022-05-15T12:45:00.000Z","1652618700",
"2551","22b77d7829c68dcd","E2:1F:7B:35:CC:08","58.22784810126582","5","0.2170138888888889","5","158","2022-05-15T12:46:00.000Z","1652618760",
"2551","22b77d7829c68dcd","E2:1F:7B:35:CC:08","59.49367088607595","3","0.2332089552238806","1","158","2022-05-15T12:47:00.000Z","1652618820",
"2551","22b77d7829c68dcd","E2:1F:7B:35:CC:08","60.75949367088607","10","0.1953125","5","158","2022-05-15T12:48:00.000Z","1652618880",
"2551","22b77d7829c68dcd","E2:1F:7B:35:CC:08","60.75949367088607","0","0.16622340425531915","5","158","2022-05-15T12:49:00.000Z","1652618940",
"2551","22b77d7829c68dcd","E2:1F:7B:35:CC:08","62.0253164556962","13","0.14467592592592593","1","158","2022-05-15T12:50:00.000Z","1652619000",
"2551","22b77d7829c68dcd","E2:1F:7B:35:CC:08","63.29113924050633","0","0.2741228070175439","2","158","2022-05-15T12:51:00.000Z","1652619060",
"2551","22b77d7829c68dcd","E2:1F:7B:35:CC:08","81.0126582278481","8","0.4222972972972973","4","158","2022-05-15T12:52:00.000Z","1652619120",
"2551","22b77d7829c68dcd","E2:1F:7B:35:CC:08","91.13924050632912","2","0.48828125","2","158","2022-05-15T12:53:00.000Z","1652619180",
"2551","22b77d7829c68dcd","E2:1F:7B:35:CC:08","78.48101265822785","2","0.3125","0","158","2022-05-15T12:54:00.000Z","1652619240",
"2551","22b77d7829c68dcd","E2:1F:7B:35:CC:08","77.21518987341773","0","0.26939655172413796","7","158","2022-05-15T12:55:00.000Z","1652619300",
"2551","22b77d7829c68dcd","E2:1F:7B:35:CC:08","87.34177215189874","5","0.41118421052631576","19","158","2022-05-15T12:56:00.000Z","1652619360",
"2551","22b77d7829c68dcd","E2:1F:7B:35:CC:08","100","9","0.4222972972972973","7","158","2022-05-15T12:57:00.000Z","1652619420",
"2551","22b77d7829c68dcd","E2:1F:7B:35:CC:08","100","0","0.30637254901960786","11","158","2022-05-15T12:58:00.000Z","1652619480",
"2551","22b77d7829c68dcd","E2:1F:7B:35:CC:08","100","0","0.26939655172413796","23","158","2022-05-15T12:59:00.000Z","1652619540",
"2551","22b77d7829c68dcd","E2:1F:7B:35:CC:08","100","0","0.13241525423728814","19","158","2022-05-15T13:00:00.000Z","1652619600",
"2551","22b77d7829c68dcd","E2:1F:7B:35:CC:08","100","10","0.38109756097560976","1","158","2022-05-15T13:01:00.000Z","1652619660",
"2551","22b77d7829c68dcd","E2:1F:7B:35:CC:08","100","5","0.7102272727272727","1","158","2022-05-15T13:02:00.000Z","1652619720",
"2551","22b77d7829c68dcd","E2:1F:7B:35:CC:08","100","11","0.6793478260869565","16","158","2022-05-15T13:03:00.000Z","1652619780",
"2551","22b77d7829c68dcd","E2:1F:7B:35:CC:08","100","8","0.3125","23","158","2022-05-15T13:04:00.000Z","1652619840",
"2551","22b77d7829c68dcd","E2:1F:7B:35:CC:08","100","11","0.625","47","158","2022-05-15T13:05:00.000Z","1652619900",
"2551","22b77d7829c68dcd","E2:1F:7B:35:CC:08","100","0","0.06706008583690987","7","158","2022-05-15T13:06:00.000Z","1652619960",
"2551","22b77d7829c68dcd","E2:1F:7B:35:CC:08","100","4","0.1816860465116279","30","158","2022-05-15T13:08:00.000Z","1652620080",
"2551","22b77d7829c68dcd","E2:1F:7B:35:CC:08","100","0","0.33967391304347827","4","158","2022-05-15T13:09:00.000Z","1652620140",
"2551","22b77d7829c68dcd","E2:1F:7B:35:CC:08","100","8","0.3324468085106383","1","158","2022-05-15T13:10:00.000Z","1652620200",
"2551","22b77d7829c68dcd","E2:1F:7B:35:CC:08","100","3","0.6793478260869565","1","158","2022-05-15T13:11:00.000Z","1652620260",
"2551","22b77d7829c68dcd","E2:1F:7B:35:CC:08","100","9","0.625","0","158","2022-05-15T13:12:00.000Z","1652620320",
"2551","22b77d7829c68dcd","E2:1F:7B:35:CC:08","100","6","0.8223684210526315","0","158","2022-05-15T13:13:00.000Z","1652620380",
"2551","22b77d7829c68dcd","E2:1F:7B:35:CC:08","100","6","1.0416666666666667","0","158","2022-05-15T13:14:00.000Z","1652620440",
"2551","22b77d7829c68dcd","E2:1F:7B:35:CC:08","100","6","0.5040322580645161","0","158","2022-05-15T13:15:00.000Z","1652620500",
"2551","22b77d7829c68dcd","E2:1F:7B:35:CC:08","86.07594936708861","5","0.78125","1","158","2022-05-15T13:16:00.000Z","1652620560",
"2551","22b77d7829c68dcd","E2:1F:7B:35:CC:08","89.87341772151899","10","0.8223684210526315","0","158","2022-05-15T13:17:00.000Z","1652620620",
"2551","22b77d7829c68dcd","E2:1F:7B:35:CC:08","100","5","1.1160714285714286","7","158","2022-05-15T13:18:00.000Z","1652620680",
"2551","22b77d7829c68dcd","E2:1F:7B:35:CC:08","100","5","1.1160714285714286","4","158","2022-05-15T13:19:00.000Z","1652620740",
"2551","22b77d7829c68dcd","E2:1F:7B:35:CC:08","94.9367088607595","9","1.2019230769230769","0","158","2022-05-15T13:20:00.000Z","1652620800",
"2551","22b77d7829c68dcd","E2:1F:7B:35:CC:08","100","5","1.1160714285714286","8","158","2022-05-15T13:21:00.000Z","1652620860",
"2551","22b77d7829c68dcd","E2:1F:7B:35:CC:08","100","0","0.9765625","2","158","2022-05-15T13:22:00.000Z","1652620920",
"2551","22b77d7829c68dcd","E2:1F:7B:35:CC:08","100","8","0.6793478260869565","0","158","2022-05-15T13:23:00.000Z","1652620980",
"2551","22b77d7829c68dcd","E2:1F:7B:35:CC:08","100","5","0.8223684210526315","5","158","2022-05-15T13:24:00.000Z","1652621040",
"2551","22b77d7829c68dcd","E2:1F:7B:35:CC:08","97.46835443037975","8","1.2019230769230769","0","158","2022-05-15T13:25:00.000Z","1652621100",
"2551","22b77d7829c68dcd","E2:1F:7B:35:CC:08","87.34177215189874","5","0.8223684210526315","4","158","2022-05-15T13:26:00.000Z","1652621160",
"2551","22b77d7829c68dcd","E2:1F:7B:35:CC:08","69.62025316455696","4","0.7440476190476191","1","158","2022-05-15T13:27:00.000Z","1652621220",
"2551","22b77d7829c68dcd","E2:1F:7B:35:CC:08","73.41772151898734","3","0.3633720930232558","5","158","2022-05-15T13:28:00.000Z","1652621280",
"2551","22b77d7829c68dcd","E2:1F:7B:35:CC:08","74.68354430379746","7","0.28935185185185186","16","158","2022-05-15T13:29:00.000Z","1652621340",
"2551","22b77d7829c68dcd","E2:1F:7B:35:CC:08","100","9","0.6510416666666666","8","158","2022-05-15T13:34:00.000Z","1652621640",
"2551","22b77d7829c68dcd","E2:1F:7B:35:CC:08","100","0","0.7440476190476191","15","158","2022-05-15T13:35:00.000Z","1652621700",
"2551","22b77d7829c68dcd","E2:1F:7B:35:CC:08","100","4","0.8223684210526315","5","158","2022-05-15T13:36:00.000Z","1652621760",
"2551","22b77d7829c68dcd","E2:1F:7B:35:CC:08","100","0","0.6793478260869565","5","158","2022-05-15T13:37:00.000Z","1652621820",
"2551","22b77d7829c68dcd","E2:1F:7B:35:CC:08","100","2","0.9191176470588235","4","158","2022-05-15T13:38:00.000Z","1652621880",
"2551","22b77d7829c68dcd","E2:1F:7B:35:CC:08","82.27848101265823","6","0.8223684210526315","5","158","2022-05-15T13:39:00.000Z","1652621940",
"2551","22b77d7829c68dcd","E2:1F:7B:35:CC:08","83.54430379746836","6","0.5580357142857143","7","158","2022-05-15T13:40:00.000Z","1652622000",
"2551","22b77d7829c68dcd","E2:1F:7B:35:CC:08","87.34177215189874","10","0.7440476190476191","2","158","2022-05-15T13:41:00.000Z","1652622060",
"2551","22b77d7829c68dcd","E2:1F:7B:35:CC:08","84.81012658227849","6","0.45955882352941174","8","158","2022-05-15T13:42:00.000Z","1652622120",
"2551","22b77d7829c68dcd","E2:1F:7B:35:CC:08","75.9493670886076","7","0.4340277777777778","5","158","2022-05-15T13:43:00.000Z","1652622180",
"2551","22b77d7829c68dcd","E2:1F:7B:35:CC:08","62.0253164556962","5","0.44642857142857145","1","158","2022-05-15T13:44:00.000Z","1652622240",
"2551","22b77d7829c68dcd","E2:1F:7B:35:CC:08","73.41772151898734","6","0.45955882352941174","5","158","2022-05-15T13:45:00.000Z","1652622300",
"2551","22b77d7829c68dcd","E2:1F:7B:35:CC:08","81.0126582278481","7","0.31887755102040816","4","158","2022-05-15T13:47:00.000Z","1652622420",
"2551","22b77d7829c68dcd","E2:1F:7B:35:CC:08","82.27848101265823","0","0.44642857142857145","4","158","2022-05-15T13:48:00.000Z","1652622480",
"2551","22b77d7829c68dcd","E2:1F:7B:35:CC:08","82.27848101265823","0","0.3125","0","158","2022-05-15T13:49:00.000Z","1652622540",
"2551","22b77d7829c68dcd","E2:1F:7B:35:CC:08","81.0126582278481","0","0.3255208333333333","5","158","2022-05-15T13:50:00.000Z","1652622600",
"2551","22b77d7829c68dcd","E2:1F:7B:35:CC:08","72.15189873417721","5","1.4204545454545454","5","158","2022-05-15T13:51:00.000Z","1652622660",
"2551","22b77d7829c68dcd","E2:1F:7B:35:CC:08","70.88607594936708","8","1.2019230769230769","7","158","2022-05-15T13:52:00.000Z","1652622720",
"2551","22b77d7829c68dcd","E2:1F:7B:35:CC:08","77.21518987341773","5","1.5625","2","158","2022-05-15T13:53:00.000Z","1652622780",
"2551","22b77d7829c68dcd","E2:1F:7B:35:CC:08","84.81012658227849","3","1.0416666666666667","7","158","2022-05-15T13:54:00.000Z","1652622840",
"2551","22b77d7829c68dcd","E2:1F:7B:35:CC:08","92.40506329113924","6","1.2019230769230769","1","158","2022-05-15T13:55:00.000Z","1652622900",
"2551","22b77d7829c68dcd","E2:1F:7B:35:CC:08","86.07594936708861","4","1.0416666666666667","2","158","2022-05-15T13:56:00.000Z","1652622960",
"2551","22b77d7829c68dcd","E2:1F:7B:35:CC:08","82.27848101265823","0","1.3020833333333333","11","158","2022-05-15T13:57:00.000Z","1652623020",
"2551","22b77d7829c68dcd","E2:1F:7B:35:CC:08","82.27848101265823","10","1.1160714285714286","0","158","2022-05-15T13:58:00.000Z","1652623080",
"2551","22b77d7829c68dcd","E2:1F:7B:35:CC:08","87.34177215189874","3","0.78125","1","158","2022-05-15T13:59:00.000Z","1652623140",
"2551","22b77d7829c68dcd","E2:1F:7B:35:CC:08","87.34177215189874","0","0.5387931034482759","7","158","2022-05-15T14:00:00.000Z","1652623200",
"2551","22b77d7829c68dcd","E2:1F:7B:35:CC:08","87.34177215189874","0","0.6009615384615384","8","158","2022-05-15T14:01:00.000Z","1652623260",
"2551","22b77d7829c68dcd","E2:1F:7B:35:CC:08","84.81012658227849","0","0.3472222222222222","7","158","2022-05-15T14:02:00.000Z","1652623320",
"2551","22b77d7829c68dcd","E2:1F:7B:35:CC:08","87.34177215189874","5","0.5387931034482759","2","158","2022-05-15T14:03:00.000Z","1652623380",
"2551","22b77d7829c68dcd","E2:1F:7B:35:CC:08","100","7","0.6009615384615384","2","158","2022-05-15T14:04:00.000Z","1652623440",
"2551","22b77d7829c68dcd","E2:1F:7B:35:CC:08","100","9","0.5208333333333334","5","158","2022-05-15T14:05:00.000Z","1652623500",
"2551","22b77d7829c68dcd","E2:1F:7B:35:CC:08","100","0","0.78125","11","158","2022-05-15T14:06:00.000Z","1652623560",
"2551","22b77d7829c68dcd","E2:1F:7B:35:CC:08","100","4","0.5580357142857143","7","158","2022-05-15T14:07:00.000Z","1652623620",
"2551","22b77d7829c68dcd","E2:1F:7B:35:CC:08","100","7","1.1160714285714286","9","158","2022-05-15T14:08:00.000Z","1652623680",
"2551","22b77d7829c68dcd","E2:1F:7B:35:CC:08","100","6","1.4204545454545454","8","158","2022-05-15T14:09:00.000Z","1652623740",
"2551","22b77d7829c68dcd","E2:1F:7B:35:CC:08","100","5","0.6009615384615384","7","158","2022-05-15T14:10:00.000Z","1652623800",
"2551","22b77d7829c68dcd","E2:1F:7B:35:CC:08","100","0","1.0416666666666667","16","158","2022-05-15T14:11:00.000Z","1652623860",
"2551","22b77d7829c68dcd","E2:1F:7B:35:CC:08","100","0","1.3020833333333333","9","158","2022-05-15T14:12:00.000Z","1652623920",
"2551","22b77d7829c68dcd","E2:1F:7B:35:CC:08","100","0","0.9765625","22","158","2022-05-15T14:13:00.000Z","1652623980",
"2551","22b77d7829c68dcd","E2:1F:7B:35:CC:08","100","4","1.4204545454545454","11","158","2022-05-15T14:14:00.000Z","1652624040",
"2551","22b77d7829c68dcd","E2:1F:7B:35:CC:08","100","8","1.4204545454545454","5","158","2022-05-15T14:15:00.000Z","1652624100",
"2551","22b77d7829c68dcd","E2:1F:7B:35:CC:08","100","10","1.5625","7","158","2022-05-15T14:16:00.000Z","1652624160",
"2551","22b77d7829c68dcd","E2:1F:7B:35:CC:08","100","2","0.78125","5","158","2022-05-15T14:17:00.000Z","1652624220",
"2551","22b77d7829c68dcd","E2:1F:7B:35:CC:08","98.11320754716981","6","1.953125","16","159","2022-05-15T14:18:00.000Z","1652624280",
"2551","22b77d7829c68dcd","E2:1F:7B:35:CC:08","90.56603773584905","8","2.6041666666666665","0","159","2022-05-15T14:19:00.000Z","1652624340",
"2551","22b77d7829c68dcd","E2:1F:7B:35:CC:08","86.79245283018868","2","1.7361111111111112","5","159","2022-05-15T14:20:00.000Z","1652624400",
"2551","22b77d7829c68dcd","E2:1F:7B:35:CC:08","86.79245283018868","9","1.5625","12","159","2022-05-15T14:21:00.000Z","1652624460",
"2551","22b77d7829c68dcd","E2:1F:7B:35:CC:08","77.9874213836478","3","1.4204545454545454","0","159","2022-05-15T14:22:00.000Z","1652624520",
"2551","22b77d7829c68dcd","E2:1F:7B:35:CC:08","75.47169811320755","6","1.1160714285714286","7","159","2022-05-15T14:23:00.000Z","1652624580",
"2551","22b77d7829c68dcd","E2:1F:7B:35:CC:08","71.69811320754717","5","1.5625","4","159","2022-05-15T14:24:00.000Z","1652624640",
"2551","22b77d7829c68dcd","E2:1F:7B:35:CC:08","70.44025157232704","8","1.7361111111111112","2","159","2022-05-15T14:25:00.000Z","1652624700",
"2551","22b77d7829c68dcd","E2:1F:7B:35:CC:08","71.69811320754717","2","1.5625","9","159","2022-05-15T14:26:00.000Z","1652624760",
"2551","22b77d7829c68dcd","E2:1F:7B:35:CC:08","79.24528301886792","9","1.1160714285714286","8","159","2022-05-15T14:27:00.000Z","1652624820",
"2551","22b77d7829c68dcd","E2:1F:7B:35:CC:08","94.33962264150944","6","1.3020833333333333","5","159","2022-05-15T14:28:00.000Z","1652624880",
"2551","22b77d7829c68dcd","E2:1F:7B:35:CC:08","89.30817610062893","6","1.953125","11","159","2022-05-15T14:29:00.000Z","1652624940",
"2551","22b77d7829c68dcd","E2:1F:7B:35:CC:08","91.82389937106919","9","2.232142857142857","1","159","2022-05-15T14:30:00.000Z","1652625000",
"2551","22b77d7829c68dcd","E2:1F:7B:35:CC:08","88.0503144654088","5","2.232142857142857","2","159","2022-05-15T14:31:00.000Z","1652625060",
"2551","22b77d7829c68dcd","E2:1F:7B:35:CC:08","94.33962264150944","8","2.6041666666666665","4","159","2022-05-15T14:32:00.000Z","1652625120",
"2551","22b77d7829c68dcd","E2:1F:7B:35:CC:08","100","8","2.6041666666666665","7","159","2022-05-15T14:34:00.000Z","1652625240",
"2551","22b77d7829c68dcd","E2:1F:7B:35:CC:08","95.59748427672956","2","1.7361111111111112","4","159","2022-05-15T14:35:00.000Z","1652625300",
"2551","22b77d7829c68dcd","E2:1F:7B:35:CC:08","95.59748427672956","8","1.7361111111111112","0","159","2022-05-15T14:36:00.000Z","1652625360",
"2551","22b77d7829c68dcd","E2:1F:7B:35:CC:08","93.08176100628931","5","1.7361111111111112","12","159","2022-05-15T14:37:00.000Z","1652625420",
"2551","22b77d7829c68dcd","E2:1F:7B:35:CC:08","96.85534591194968","6","1.4204545454545454","8","159","2022-05-15T14:38:00.000Z","1652625480",
"2551","22b77d7829c68dcd","E2:1F:7B:35:CC:08","76.72955974842768","7","1.7361111111111112","0","159","2022-05-15T14:39:00.000Z","1652625540",
"2551","22b77d7829c68dcd","E2:1F:7B:35:CC:08","56.60377358490566","2","1.7361111111111112","0","159","2022-05-15T14:40:00.000Z","1652625600",
"2551","22b77d7829c68dcd","E2:1F:7B:35:CC:08","61.63522012578616","7","2.232142857142857","0","159","2022-05-15T14:41:00.000Z","1652625660",
"2551","22b77d7829c68dcd","E2:1F:7B:35:CC:08","59.119496855345915","3","2.232142857142857","4","159","2022-05-15T14:42:00.000Z","1652625720",
"2551","22b77d7829c68dcd","E2:1F:7B:35:CC:08","62.893081761006286","4","1.5625","0","159","2022-05-15T14:43:00.000Z","1652625780",
"2551","22b77d7829c68dcd","E2:1F:7B:35:CC:08","71.69811320754717","6","1.5625","0","159","2022-05-15T14:44:00.000Z","1652625840",
"2551","22b77d7829c68dcd","E2:1F:7B:35:CC:08","74.21383647798743","0","2.232142857142857","7","159","2022-05-15T14:45:00.000Z","1652625900",
"2551","22b77d7829c68dcd","E2:1F:7B:35:CC:08","80.50314465408805","6","2.232142857142857","12","159","2022-05-15T14:46:00.000Z","1652625960",
"2551","22b77d7829c68dcd","E2:1F:7B:35:CC:08","77.9874213836478","6","2.232142857142857","2","159","2022-05-15T14:47:00.000Z","1652626020",
"2551","22b77d7829c68dcd","E2:1F:7B:35:CC:08","64.15094339622641","6","2.6041666666666665","0","159","2022-05-15T14:48:00.000Z","1652626080",
"2551","22b77d7829c68dcd","E2:1F:7B:35:CC:08","71.69811320754717","8","2.6041666666666665","1","159","2022-05-15T14:49:00.000Z","1652626140",
"2551","22b77d7829c68dcd","E2:1F:7B:35:CC:08","72.95597484276729","7","3.125","11","159","2022-05-15T14:50:00.000Z","1652626200",
"2551","22b77d7829c68dcd","E2:1F:7B:35:CC:08","77.9874213836478","4","3.125","0","159","2022-05-15T14:51:00.000Z","1652626260",
"2551","22b77d7829c68dcd","E2:1F:7B:35:CC:08","81.76100628930817","6","3.125","1","159","2022-05-15T14:52:00.000Z","1652626320",
"2551","22b77d7829c68dcd","E2:1F:7B:35:CC:08","96.85534591194968","5","2.6041666666666665","2","159","2022-05-15T14:53:00.000Z","1652626380",
"2551","22b77d7829c68dcd","E2:1F:7B:35:CC:08","94.33962264150944","0","2.6041666666666665","9","159","2022-05-15T14:54:00.000Z","1652626440",
"2551","22b77d7829c68dcd","E2:1F:7B:35:CC:08","79.24528301886792","3","3.125","0","159","2022-05-15T14:55:00.000Z","1652626500",
"2551","22b77d7829c68dcd","E2:1F:7B:35:CC:08","86.79245283018868","6","0.9191176470588235","0","159","2022-05-15T14:56:00.000Z","1652626560",
"2551","22b77d7829c68dcd","E2:1F:7B:35:CC:08","86.79245283018868","0","1.1160714285714286","9","159","2022-05-15T14:57:00.000Z","1652626620",
"2551","22b77d7829c68dcd","E2:1F:7B:35:CC:08","88.0503144654088","4","0.9191176470588235","5","159","2022-05-15T14:58:00.000Z","1652626680",
"2551","22b77d7829c68dcd","E2:1F:7B:35:CC:08","90.56603773584905","9","0.9191176470588235","5","159","2022-05-15T14:59:00.000Z","1652626740",
"2551","22b77d7829c68dcd","E2:1F:7B:35:CC:08","100","8","1.3020833333333333","2","159","2022-05-15T15:00:00.000Z","1652626800",
"2551","22b77d7829c68dcd","E2:1F:7B:35:CC:08","94.33962264150944","12","0.9765625","0","159","2022-05-15T15:01:00.000Z","1652626860",
"2551","22b77d7829c68dcd","E2:1F:7B:35:CC:08","72.95597484276729","5","1.3020833333333333","1","159","2022-05-15T15:02:00.000Z","1652626920",
"2551","22b77d7829c68dcd","E2:1F:7B:35:CC:08","70.44025157232704","0","1.4204545454545454","2","159","2022-05-15T15:03:00.000Z","1652626980",
"2551","22b77d7829c68dcd","E2:1F:7B:35:CC:08","65.40880503144655","7","1.0416666666666667","7","159","2022-05-15T15:04:00.000Z","1652627040",
"2551","22b77d7829c68dcd","E2:1F:7B:35:CC:08","62.893081761006286","6","1.2019230769230769","1","159","2022-05-15T15:05:00.000Z","1652627100",
"2551","22b77d7829c68dcd","E2:1F:7B:35:CC:08","66.66666666666667","9","0.8223684210526315","0","159","2022-05-15T15:06:00.000Z","1652627160",
"2551","22b77d7829c68dcd","E2:1F:7B:35:CC:08","72.95597484276729","8","0.7102272727272727","1","159","2022-05-15T15:07:00.000Z","1652627220",
"2551","22b77d7829c68dcd","E2:1F:7B:35:CC:08","74.21383647798743","0","1.0416666666666667","2","159","2022-05-15T15:08:00.000Z","1652627280",
"2551","22b77d7829c68dcd","E2:1F:7B:35:CC:08","77.9874213836478","10","1.4204545454545454","5","159","2022-05-15T15:09:00.000Z","1652627340",
"2551","22b77d7829c68dcd","E2:1F:7B:35:CC:08","79.24528301886792","0","0.78125","12","159","2022-05-15T15:10:00.000Z","1652627400",
"2551","22b77d7829c68dcd","E2:1F:7B:35:CC:08","100","7","0.8680555555555556","1","159","2022-05-15T15:11:00.000Z","1652627460",
"2551","22b77d7829c68dcd","E2:1F:7B:35:CC:08","100","4","1.0416666666666667","2","159","2022-05-15T15:12:00.000Z","1652627520",
"2551","22b77d7829c68dcd","E2:1F:7B:35:CC:08","100","4","1.1160714285714286","4","159","2022-05-15T15:13:00.000Z","1652627580",
"2551","22b77d7829c68dcd","E2:1F:7B:35:CC:08","96.85534591194968","7","1.7361111111111112","4","159","2022-05-15T15:14:00.000Z","1652627640",
"2551","22b77d7829c68dcd","E2:1F:7B:35:CC:08","86.79245283018868","7","1.7361111111111112","1","159","2022-05-15T15:15:00.000Z","1652627700",
"2551","22b77d7829c68dcd","E2:1F:7B:35:CC:08","65.4320987654321","4","2.232142857142857","2","162","2022-05-15T15:17:00.000Z","1652627820",
"2551","22b77d7829c68dcd","E2:1F:7B:35:CC:08","48.148148148148145","2","1.953125","4","162","2022-05-15T15:18:00.000Z","1652627880",
"2551","22b77d7829c68dcd","E2:1F:7B:35:CC:08","62.96296296296296","5","2.232142857142857","8","162","2022-05-15T15:19:00.000Z","1652627940",
"2551","22b77d7829c68dcd","E2:1F:7B:35:CC:08","91.35802469135803","10","2.6041666666666665","26","162","2022-05-15T15:20:00.000Z","1652628000",
"2551","22b77d7829c68dcd","E2:1F:7B:35:CC:08","90.12345679012346","6","2.6041666666666665","4","162","2022-05-15T15:21:00.000Z","1652628060",
"2551","22b77d7829c68dcd","E2:1F:7B:35:CC:08","100","3","2.6041666666666665","1","162","2022-05-15T15:22:00.000Z","1652628120",
"2551","22b77d7829c68dcd","E2:1F:7B:35:CC:08","100","7","3.125","2","162","2022-05-15T15:23:00.000Z","1652628180",
"2551","22b77d7829c68dcd","E2:1F:7B:35:CC:08","71.60493827160494","4","3.125","0","162","2022-05-15T15:24:00.000Z","1652628240",
"2551","22b77d7829c68dcd","E2:1F:7B:35:CC:08","74.07407407407408","11","2.6041666666666665","1","162","2022-05-15T15:25:00.000Z","1652628300",
"2551","22b77d7829c68dcd","E2:1F:7B:35:CC:08","100","3","2.232142857142857","7","162","2022-05-15T15:26:00.000Z","1652628360",
"2551","22b77d7829c68dcd","E2:1F:7B:35:CC:08","97.53086419753086","7","2.232142857142857","7","162","2022-05-15T15:27:00.000Z","1652628420",
"2551","22b77d7829c68dcd","E2:1F:7B:35:CC:08","87.65432098765432","8","2.232142857142857","2","162","2022-05-15T15:28:00.000Z","1652628480",
"2551","22b77d7829c68dcd","E2:1F:7B:35:CC:08","90.12345679012346","11","2.232142857142857","0","162","2022-05-15T15:29:00.000Z","1652628540",
"2551","22b77d7829c68dcd","E2:1F:7B:35:CC:08","100","7","2.232142857142857","5","162","2022-05-15T15:30:00.000Z","1652628600",
"2551","22b77d7829c68dcd","E2:1F:7B:35:CC:08","100","4","2.6041666666666665","4","162","2022-05-15T15:31:00.000Z","1652628660",
"2551","22b77d7829c68dcd","E2:1F:7B:35:CC:08","80.24691358024691","6","1.953125","0","162","2022-05-15T15:32:00.000Z","1652628720",
"2551","22b77d7829c68dcd","E2:1F:7B:35:CC:08","74.07407407407408","3","1.953125","2","162","2022-05-15T15:33:00.000Z","1652628780",
"2551","22b77d7829c68dcd","E2:1F:7B:35:CC:08","88.88888888888889","5","2.6041666666666665","1","162","2022-05-15T15:34:00.000Z","1652628840",
"2551","22b77d7829c68dcd","E2:1F:7B:35:CC:08","67.90123456790124","5","2.6041666666666665","0","162","2022-05-15T15:35:00.000Z","1652628900",
"2551","22b77d7829c68dcd","E2:1F:7B:35:CC:08","67.90123456790124","3","3.125","1","162","2022-05-15T15:36:00.000Z","1652628960",
"2551","22b77d7829c68dcd","E2:1F:7B:35:CC:08","80.24691358024691","6","3.125","5","162","2022-05-15T15:37:00.000Z","1652629020",
"2551","22b77d7829c68dcd","E2:1F:7B:35:CC:08","81.48148148148148","3","3.125","1","162","2022-05-15T15:38:00.000Z","1652629080",
"2551","22b77d7829c68dcd","E2:1F:7B:35:CC:08","92.5925925925926","5","3.125","12","162","2022-05-15T15:39:00.000Z","1652629140",
"2551","22b77d7829c68dcd","E2:1F:7B:35:CC:08","96.29629629629629","7","3.90625","7","162","2022-05-15T15:40:00.000Z","1652629200",
"2551","22b77d7829c68dcd","E2:1F:7B:35:CC:08","100","7","3.90625","2","162","2022-05-15T15:41:00.000Z","1652629260",
"2551","22b77d7829c68dcd","E2:1F:7B:35:CC:08","96.29629629629629","9","1.953125","5","162","2022-05-15T15:42:00.000Z","1652629320",
"2551","22b77d7829c68dcd","E2:1F:7B:35:CC:08","83.95061728395062","7","1.953125","5","162","2022-05-15T15:43:00.000Z","1652629380",
"2551","22b77d7829c68dcd","E2:1F:7B:35:CC:08","90.12345679012346","4","1.953125","8","162","2022-05-15T15:44:00.000Z","1652629440",
"2551","22b77d7829c68dcd","E2:1F:7B:35:CC:08","100","8","2.6041666666666665","8","162","2022-05-15T15:45:00.000Z","1652629500",
"2551","22b77d7829c68dcd","E2:1F:7B:35:CC:08","100","6","2.6041666666666665","2","162","2022-05-15T15:46:00.000Z","1652629560",
"2551","22b77d7829c68dcd","E2:1F:7B:35:CC:08","100","8","3.125","5","162","2022-05-15T15:47:00.000Z","1652629620",
"2551","22b77d7829c68dcd","E2:1F:7B:35:CC:08","96.29629629629629","4","3.125","2","162","2022-05-15T15:48:00.000Z","1652629680",
"2551","22b77d7829c68dcd","E2:1F:7B:35:CC:08","82.71604938271605","5","3.125","15","162","2022-05-15T15:49:00.000Z","1652629740",
"2551","22b77d7829c68dcd","E2:1F:7B:35:CC:08","77.77777777777777","1","2.6041666666666665","19","162","2022-05-15T15:50:00.000Z","1652629800",
"2551","22b77d7829c68dcd","E2:1F:7B:35:CC:08","72.8395061728395","0","1.3020833333333333","23","162","2022-05-15T15:51:00.000Z","1652629860",
"2551","22b77d7829c68dcd","E2:1F:7B:35:CC:08","72.8395061728395","4","1.3020833333333333","9","162","2022-05-15T15:52:00.000Z","1652629920",
"2551","22b77d7829c68dcd","E2:1F:7B:35:CC:08","88.88888888888889","5","1.4204545454545454","2","162","2022-05-15T15:53:00.000Z","1652629980",
"2551","22b77d7829c68dcd","E2:1F:7B:35:CC:08","71.60493827160494","6","1.5625","2","162","2022-05-15T15:54:00.000Z","1652630040",
"2551","22b77d7829c68dcd","E2:1F:7B:35:CC:08","59.25925925925926","5","1.3020833333333333","2","162","2022-05-15T15:55:00.000Z","1652630100",
"2551","22b77d7829c68dcd","E2:1F:7B:35:CC:08","61.72839506172839","9","1.3020833333333333","2","162","2022-05-15T15:56:00.000Z","1652630160",
"2551","22b77d7829c68dcd","E2:1F:7B:35:CC:08","91.35802469135803","6","1.7361111111111112","2","162","2022-05-15T15:57:00.000Z","1652630220",
"2551","22b77d7829c68dcd","E2:1F:7B:35:CC:08","96.29629629629629","4","0.9765625","8","162","2022-05-15T15:58:00.000Z","1652630280",
"2551","22b77d7829c68dcd","E2:1F:7B:35:CC:08","100","10","0.8680555555555556","1","162","2022-05-15T15:59:00.000Z","1652630340",
"2551","22b77d7829c68dcd","E2:1F:7B:35:CC:08","100","9","0.9765625","1","162","2022-05-15T16:00:00.000Z","1652630400",
"2551","22b77d7829c68dcd","E2:1F:7B:35:CC:08","100","5","0.9765625","8","162","2022-05-15T16:01:00.000Z","1652630460",
"2551","22b77d7829c68dcd","E2:1F:7B:35:CC:08","100","8","1.5625","0","162","2022-05-15T16:02:00.000Z","1652630520",
"2551","22b77d7829c68dcd","E2:1F:7B:35:CC:08","100","5","1.5625","5","162","2022-05-15T16:03:00.000Z","1652630580",
"2551","22b77d7829c68dcd","E2:1F:7B:35:CC:08","100","5","1.7361111111111112","4","162","2022-05-15T16:04:00.000Z","1652630640",
"2551","22b77d7829c68dcd","E2:1F:7B:35:CC:08","100","10","1.3020833333333333","5","162","2022-05-15T16:05:00.000Z","1652630700",
"2551","22b77d7829c68dcd","E2:1F:7B:35:CC:08","100","10","0.625","7","162","2022-05-15T16:06:00.000Z","1652630760",
"2551","22b77d7829c68dcd","E2:1F:7B:35:CC:08","100","7","1.2019230769230769","9","162","2022-05-15T16:07:00.000Z","1652630820",
"2551","22b77d7829c68dcd","E2:1F:7B:35:CC:08","87.65432098765432","3","1.2019230769230769","2","162","2022-05-15T16:08:00.000Z","1652630880",
"2551","22b77d7829c68dcd","E2:1F:7B:35:CC:08","95.06172839506173","12","0.38109756097560976","7","162","2022-05-15T16:09:00.000Z","1652630940",
"2551","22b77d7829c68dcd","E2:1F:7B:35:CC:08","88.88888888888889","10","0.8223684210526315","4","162","2022-05-15T16:10:00.000Z","1652631000",
"2551","22b77d7829c68dcd","E2:1F:7B:35:CC:08","92.5925925925926","7","0.9191176470588235","8","162","2022-05-15T16:11:00.000Z","1652631060",
"2551","22b77d7829c68dcd","E2:1F:7B:35:CC:08","100","5","0.9765625","11","162","2022-05-15T16:12:00.000Z","1652631120",
"2551","22b77d7829c68dcd","E2:1F:7B:35:CC:08","100","3","1.2019230769230769","14","162","2022-05-15T16:13:00.000Z","1652631180",
"2551","22b77d7829c68dcd","E2:1F:7B:35:CC:08","90.12345679012346","8","1.3020833333333333","14","162","2022-05-15T16:14:00.000Z","1652631240",
"2551","22b77d7829c68dcd","E2:1F:7B:35:CC:08","100","6","1.5625","9","162","2022-05-15T16:15:00.000Z","1652631300",
"2551","22b77d7829c68dcd","E2:1F:7B:35:CC:08","96.29629629629629","5","1.5625","7","162","2022-05-15T16:16:00.000Z","1652631360",
"2551","22b77d7829c68dcd","E2:1F:7B:35:CC:08","70.37037037037037","1","1.5625","0","162","2022-05-15T16:17:00.000Z","1652631420",
"2551","22b77d7829c68dcd","E2:1F:7B:35:CC:08","49.382716049382715","1","1.5625","0","162","2022-05-15T16:18:00.000Z","1652631480",
"2551","22b77d7829c68dcd","E2:1F:7B:35:CC:08","37.03703703703704","0","1.4204545454545454","0","162","2022-05-15T16:19:00.000Z","1652631540",
"2551","22b77d7829c68dcd","E2:1F:7B:35:CC:08","37.03703703703704","4","1.4204545454545454","2","162","2022-05-15T16:20:00.000Z","1652631600",
"2551","22b77d7829c68dcd","E2:1F:7B:35:CC:08","76.54320987654322","2","1.7361111111111112","9","162","2022-05-15T16:21:00.000Z","1652631660",
"2551","22b77d7829c68dcd","E2:1F:7B:35:CC:08","92.5925925925926","12","2.232142857142857","4","162","2022-05-15T16:22:00.000Z","1652631720",
"2551","22b77d7829c68dcd","E2:1F:7B:35:CC:08","100","3","2.232142857142857","9","162","2022-05-15T16:23:00.000Z","1652631780",
"2551","22b77d7829c68dcd","E2:1F:7B:35:CC:08","100","5","1.5625","5","162","2022-05-15T16:24:00.000Z","1652631840",
"2551","22b77d7829c68dcd","E2:1F:7B:35:CC:08","100","8","1.4204545454545454","7","162","2022-05-15T16:25:00.000Z","1652631900",
"2551","22b77d7829c68dcd","E2:1F:7B:35:CC:08","93.82716049382717","2","1.2019230769230769","4","162","2022-05-15T16:26:00.000Z","1652631960",
"2551","22b77d7829c68dcd","E2:1F:7B:35:CC:08","100","7","1.7361111111111112","1","162","2022-05-15T16:27:00.000Z","1652632020",
"2551","22b77d7829c68dcd","E2:1F:7B:35:CC:08","97.53086419753086","7","1.953125","2","162","2022-05-15T16:28:00.000Z","1652632080",
"2551","22b77d7829c68dcd","E2:1F:7B:35:CC:08","93.82716049382717","7","2.232142857142857","2","162","2022-05-15T16:29:00.000Z","1652632140",
"2551","22b77d7829c68dcd","E2:1F:7B:35:CC:08","100","4","2.232142857142857","2","162","2022-05-15T16:30:00.000Z","1652632200",
"2551","22b77d7829c68dcd","E2:1F:7B:35:CC:08","100","4","1.5625","7","162","2022-05-15T16:31:00.000Z","1652632260",
"2551","22b77d7829c68dcd","E2:1F:7B:35:CC:08","100","7","1.5625","0","162","2022-05-15T16:32:00.000Z","1652632320",
"2551","22b77d7829c68dcd","E2:1F:7B:35:CC:08","85.18518518518519","7","1.7361111111111112","0","162","2022-05-15T16:33:00.000Z","1652632380",
"2551","22b77d7829c68dcd","E2:1F:7B:35:CC:08","93.82716049382717","9","2.6041666666666665","2","162","2022-05-15T16:34:00.000Z","1652632440",
"2551","22b77d7829c68dcd","E2:1F:7B:35:CC:08","100","3","2.232142857142857","7","162","2022-05-15T16:35:00.000Z","1652632500",
"2551","22b77d7829c68dcd","E2:1F:7B:35:CC:08","100","9","1.7361111111111112","11","162","2022-05-15T16:36:00.000Z","1652632560",
"2551","22b77d7829c68dcd","E2:1F:7B:35:CC:08","86.41975308641975","6","1.953125","1","162","2022-05-15T16:37:00.000Z","1652632620",
"2551","22b77d7829c68dcd","E2:1F:7B:35:CC:08","82.71604938271605","8","1.3020833333333333","2","162","2022-05-15T16:38:00.000Z","1652632680",
"2551","22b77d7829c68dcd","E2:1F:7B:35:CC:08","60.49382716049383","5","1.5625","1","162","2022-05-15T16:39:00.000Z","1652632740",
"2551","22b77d7829c68dcd","E2:1F:7B:35:CC:08","48.148148148148145","2","0.33967391304347827","1","162","2022-05-15T16:40:00.000Z","1652632800",
"2551","22b77d7829c68dcd","E2:1F:7B:35:CC:08","48.148148148148145","0","0.9765625","7","162","2022-05-15T16:41:00.000Z","1652632860",
"2551","22b77d7829c68dcd","E2:1F:7B:35:CC:08","48.148148148148145","0","1.4204545454545454","11","162","2022-05-15T16:42:00.000Z","1652632920",
"2551","22b77d7829c68dcd","E2:1F:7B:35:CC:08","49.382716049382715","0","1.3020833333333333","9","162","2022-05-15T16:43:00.000Z","1652632980",
"2551","22b77d7829c68dcd","E2:1F:7B:35:CC:08","56.79012345679013","17","2.232142857142857","11","162","2022-05-15T16:44:00.000Z","1652633040",
"2551","22b77d7829c68dcd","E2:1F:7B:35:CC:08","80.24691358024691","12","1.2019230769230769","4","162","2022-05-15T16:45:00.000Z","1652633100",
"2551","22b77d7829c68dcd","E2:1F:7B:35:CC:08","82.71604938271605","0","1.5625","1","162","2022-05-15T16:46:00.000Z","1652633160",
"2551","22b77d7829c68dcd","E2:1F:7B:35:CC:08","82.71604938271605","0","1.3020833333333333","8","162","2022-05-15T16:47:00.000Z","1652633220",
"2551","22b77d7829c68dcd","E2:1F:7B:35:CC:08","85.18518518518519","9","1.3020833333333333","2","162","2022-05-15T16:48:00.000Z","1652633280",
"2551","22b77d7829c68dcd","E2:1F:7B:35:CC:08","100","8","1.4204545454545454","0","162","2022-05-15T16:49:00.000Z","1652633340",
"2551","22b77d7829c68dcd","E2:1F:7B:35:CC:08","85.18518518518519","5","1.7361111111111112","1","162","2022-05-15T16:50:00.000Z","1652633400",
"2551","22b77d7829c68dcd","E2:1F:7B:35:CC:08","87.65432098765432","3","1.4204545454545454","1","162","2022-05-15T16:51:00.000Z","1652633460",
"2551","22b77d7829c68dcd","E2:1F:7B:35:CC:08","91.35802469135803","7","0.9765625","2","162","2022-05-15T16:52:00.000Z","1652633520",
"2551","22b77d7829c68dcd","E2:1F:7B:35:CC:08","100","11","1.3020833333333333","1","162","2022-05-15T16:53:00.000Z","1652633580",
"2551","22b77d7829c68dcd","E2:1F:7B:35:CC:08","100","9","1.3020833333333333","4","162","2022-05-15T16:54:00.000Z","1652633640",
"2551","22b77d7829c68dcd","E2:1F:7B:35:CC:08","95.06172839506173","7","0.9765625","4","162","2022-05-15T16:55:00.000Z","1652633700",
"2551","22b77d7829c68dcd","E2:1F:7B:35:CC:08","91.35802469135803","10","0.8680555555555556","18","162","2022-05-15T16:56:00.000Z","1652633760",
"2551","22b77d7829c68dcd","E2:1F:7B:35:CC:08","90.12345679012346","10","0.9765625","5","162","2022-05-15T16:57:00.000Z","1652633820",
"2551","22b77d7829c68dcd","E2:1F:7B:35:CC:08","92.5925925925926","7","1.953125","11","162","2022-05-15T16:58:00.000Z","1652633880",
"2551","22b77d7829c68dcd","E2:1F:7B:35:CC:08","95.06172839506173","4","1.3020833333333333","12","162","2022-05-15T16:59:00.000Z","1652633940",
"2551","22b77d7829c68dcd","E2:1F:7B:35:CC:08","90.12345679012346","5","0.8223684210526315","8","162","2022-05-15T17:00:00.000Z","1652634000",
"2551","22b77d7829c68dcd","E2:1F:7B:35:CC:08","91.35802469135803","5","1.2019230769230769","1","162","2022-05-15T17:01:00.000Z","1652634060",
"2551","22b77d7829c68dcd","E2:1F:7B:35:CC:08","100","6","1.3020833333333333","5","162","2022-05-15T17:02:00.000Z","1652634120",
"2551","22b77d7829c68dcd","E2:1F:7B:35:CC:08","92.5925925925926","1","1.0416666666666667","14","162","2022-05-15T17:03:00.000Z","1652634180",
"2551","22b77d7829c68dcd","E2:1F:7B:35:CC:08","82.71604938271605","3","0.8680555555555556","4","162","2022-05-15T17:04:00.000Z","1652634240",
"2551","22b77d7829c68dcd","E2:1F:7B:35:CC:08","74.07407407407408","3","0.8680555555555556","2","162","2022-05-15T17:05:00.000Z","1652634300",
"2551","22b77d7829c68dcd","E2:1F:7B:35:CC:08","61.72839506172839","8","1.0416666666666667","1","162","2022-05-15T17:06:00.000Z","1652634360",
"2551","22b77d7829c68dcd","E2:1F:7B:35:CC:08","46.91358024691358","0","0.9765625","5","162","2022-05-15T17:07:00.000Z","1652634420",
"2551","22b77d7829c68dcd","E2:1F:7B:35:CC:08","34.5679012345679","1","0.8223684210526315","0","162","2022-05-15T17:08:00.000Z","1652634480",
"2551","22b77d7829c68dcd","E2:1F:7B:35:CC:08","39.50617283950617","4","0.9191176470588235","0","162","2022-05-15T17:09:00.000Z","1652634540",
"2551","22b77d7829c68dcd","E2:1F:7B:35:CC:08","38.27160493827161","3","0.9191176470588235","1","162","2022-05-15T17:10:00.000Z","1652634600",
"2551","22b77d7829c68dcd","E2:1F:7B:35:CC:08","54.32098765432099","4","1.3020833333333333","4","162","2022-05-15T17:11:00.000Z","1652634660",
"2551","22b77d7829c68dcd","E2:1F:7B:35:CC:08","70.37037037037037","5","1.7361111111111112","2","162","2022-05-15T17:12:00.000Z","1652634720",
"2551","22b77d7829c68dcd","E2:1F:7B:35:CC:08","60.49382716049383","4","1.5625","0","162","2022-05-15T17:13:00.000Z","1652634780",
"2551","22b77d7829c68dcd","E2:1F:7B:35:CC:08","100","10","1.3020833333333333","7","162","2022-05-15T17:14:00.000Z","1652634840",
"2551","22b77d7829c68dcd","E2:1F:7B:35:CC:08","100","12","1.0416666666666667","7","162","2022-05-15T17:15:00.000Z","1652634900",
"2551","22b77d7829c68dcd","E2:1F:7B:35:CC:08","100","5","0.40064102564102566","7","162","2022-05-15T17:16:00.000Z","1652634960",
"2551","22b77d7829c68dcd","E2:1F:7B:35:CC:08","100","0","0.6009615384615384","12","162","2022-05-15T17:17:00.000Z","1652635020",
"2551","22b77d7829c68dcd","E2:1F:7B:35:CC:08","100","4","1.3020833333333333","11","162","2022-05-15T17:18:00.000Z","1652635080",
"2551","22b77d7829c68dcd","E2:1F:7B:35:CC:08","100","11","0.8680555555555556","4","162","2022-05-15T17:19:00.000Z","1652635140",
"2551","22b77d7829c68dcd","E2:1F:7B:35:CC:08","100","3","1.4204545454545454","9","162","2022-05-15T17:20:00.000Z","1652635200",
"2551","22b77d7829c68dcd","E2:1F:7B:35:CC:08","100","4","1.5625","22","162","2022-05-15T17:21:00.000Z","1652635260",
"2551","22b77d7829c68dcd","E2:1F:7B:35:CC:08","100","9","0.9765625","9","162","2022-05-15T17:22:00.000Z","1652635320",
"2551","22b77d7829c68dcd","E2:1F:7B:35:CC:08","100","3","5.208333333333333","19","162","2022-05-15T17:24:00.000Z","1652635440",
"2551","22b77d7829c68dcd","E2:1F:7B:35:CC:08","95.06172839506173","0","3.90625","2","162","2022-05-15T17:25:00.000Z","1652635500",
"2551","22b77d7829c68dcd","E2:1F:7B:35:CC:08","79.01234567901234","1","2.6041666666666665","1","162","2022-05-15T17:26:00.000Z","1652635560",
"2551","22b77d7829c68dcd","E2:1F:7B:35:CC:08","55.55555555555556","2","2.232142857142857","5","162","2022-05-15T17:27:00.000Z","1652635620",
"2551","22b77d7829c68dcd","E2:1F:7B:35:CC:08","45.67901234567901","5","2.232142857142857","11","162","2022-05-15T17:28:00.000Z","1652635680",
"2551","22b77d7829c68dcd","E2:1F:7B:35:CC:08","49.382716049382715","3","0.9765625","1","162","2022-05-15T17:29:00.000Z","1652635740",
"2551","22b77d7829c68dcd","E2:1F:7B:35:CC:08","93.82716049382717","6","0.6009615384615384","5","162","2022-05-15T17:30:00.000Z","1652635800",
"2551","22b77d7829c68dcd","E2:1F:7B:35:CC:08","100","7","0.41118421052631576","8","162","2022-05-15T17:31:00.000Z","1652635860",
"2551","22b77d7829c68dcd","E2:1F:7B:35:CC:08","100","0","0.6009615384615384","8","162","2022-05-15T17:32:00.000Z","1652635920",
"2551","22b77d7829c68dcd","E2:1F:7B:35:CC:08","100","1","1.7361111111111112","7","162","2022-05-15T17:33:00.000Z","1652635980",
"2551","22b77d7829c68dcd","E2:1F:7B:35:CC:08","100","3","1.4204545454545454","11","162","2022-05-15T17:34:00.000Z","1652636040",
"2551","22b77d7829c68dcd","E2:1F:7B:35:CC:08","100","4","1.3020833333333333","9","162","2022-05-15T17:35:00.000Z","1652636100",
"2551","22b77d7829c68dcd","E2:1F:7B:35:CC:08","100","5","1.1160714285714286","1","162","2022-05-15T17:36:00.000Z","1652636160",
"2551","22b77d7829c68dcd","E2:1F:7B:35:CC:08","81.48148148148148","2","0.7440476190476191","11","162","2022-05-15T17:37:00.000Z","1652636220",
"2551","22b77d7829c68dcd","E2:1F:7B:35:CC:08","71.60493827160494","3","0.9191176470588235","4","162","2022-05-15T17:38:00.000Z","1652636280",
"2551","22b77d7829c68dcd","E2:1F:7B:35:CC:08","61.72839506172839","6","1.0416666666666667","2","162","2022-05-15T17:39:00.000Z","1652636340",
"2551","22b77d7829c68dcd","E2:1F:7B:35:CC:08","69.1358024691358","3","0.78125","19","162","2022-05-15T17:40:00.000Z","1652636400",
"2551","22b77d7829c68dcd","E2:1F:7B:35:CC:08","70.37037037037037","0","0.35511363636363635","19","162","2022-05-15T17:41:00.000Z","1652636460",
"2551","22b77d7829c68dcd","E2:1F:7B:35:CC:08","70.37037037037037","0","0.7440476190476191","5","162","2022-05-15T17:42:00.000Z","1652636520",
"2551","22b77d7829c68dcd","E2:1F:7B:35:CC:08","81.48148148148148","5","0.8223684210526315","7","162","2022-05-15T17:43:00.000Z","1652636580",
"2551","22b77d7829c68dcd","E2:1F:7B:35:CC:08","82.71604938271605","0","0.9765625","14","162","2022-05-15T17:44:00.000Z","1652636640",
"2551","22b77d7829c68dcd","E2:1F:7B:35:CC:08","91.35802469135803","8","1.2019230769230769","1","162","2022-05-15T17:45:00.000Z","1652636700",
"2551","22b77d7829c68dcd","E2:1F:7B:35:CC:08","93.82716049382717","2","1.1160714285714286","1","162","2022-05-15T17:46:00.000Z","1652636760",
"2551","22b77d7829c68dcd","E2:1F:7B:35:CC:08","80.24691358024691","2","0.78125","2","162","2022-05-15T17:47:00.000Z","1652636820",
"2551","22b77d7829c68dcd","E2:1F:7B:35:CC:08","93.82716049382717","5","1.2019230769230769","7","162","2022-05-15T17:48:00.000Z","1652636880",
"2551","22b77d7829c68dcd","E2:1F:7B:35:CC:08","92.5925925925926","4","1.4204545454545454","12","162","2022-05-15T17:49:00.000Z","1652636940",
"2551","22b77d7829c68dcd","E2:1F:7B:35:CC:08","86.41975308641975","3","1.7361111111111112","2","162","2022-05-15T17:50:00.000Z","1652637000",
"2551","22b77d7829c68dcd","E2:1F:7B:35:CC:08","54.32098765432099","4","1.5625","0","162","2022-05-15T17:51:00.000Z","1652637060",
"2551","22b77d7829c68dcd","E2:1F:7B:35:CC:08","55.55555555555556","4","1.2019230769230769","0","162","2022-05-15T17:52:00.000Z","1652637120",
"2551","22b77d7829c68dcd","E2:1F:7B:35:CC:08","58.02469135802469","6","0.6793478260869565","4","162","2022-05-15T17:53:00.000Z","1652637180",
"2551","22b77d7829c68dcd","E2:1F:7B:35:CC:08","59.25925925925926","0","0.5787037037037037","5","162","2022-05-15T17:54:00.000Z","1652637240",
"2551","22b77d7829c68dcd","E2:1F:7B:35:CC:08","70.37037037037037","9","0.9765625","14","162","2022-05-15T17:55:00.000Z","1652637300",
"2551","22b77d7829c68dcd","E2:1F:7B:35:CC:08","98.76543209876543","8","1.2019230769230769","5","162","2022-05-15T17:56:00.000Z","1652637360",
"2551","22b77d7829c68dcd","E2:1F:7B:35:CC:08","53.08641975308642","3","1.1160714285714286","0","162","2022-05-15T17:57:00.000Z","1652637420",
"2551","22b77d7829c68dcd","E2:1F:7B:35:CC:08","41.97530864197531","3","0.8223684210526315","0","162","2022-05-15T17:58:00.000Z","1652637480",
"2551","22b77d7829c68dcd","E2:1F:7B:35:CC:08","45.67901234567901","0","0.6009615384615384","7","162","2022-05-15T17:59:00.000Z","1652637540",
"2551","22b77d7829c68dcd","E2:1F:7B:35:CC:08","54.32098765432099","7","0.9191176470588235","2","162","2022-05-15T18:00:00.000Z","1652637600",
"2551","22b77d7829c68dcd","E2:1F:7B:35:CC:08","61.72839506172839","4","0.9765625","4","162","2022-05-15T18:01:00.000Z","1652637660",
"2551","22b77d7829c68dcd","E2:1F:7B:35:CC:08","53.08641975308642","6","1.1160714285714286","4","162","2022-05-15T18:02:00.000Z","1652637720",
"2551","22b77d7829c68dcd","E2:1F:7B:35:CC:08","44.44444444444444","7","1.1160714285714286","4","162","2022-05-15T18:03:00.000Z","1652637780",
"2551","22b77d7829c68dcd","E2:1F:7B:35:CC:08","44.44444444444444","1","0.4340277777777778","2","162","2022-05-15T18:04:00.000Z","1652637840",
"2551","22b77d7829c68dcd","E2:1F:7B:35:CC:08","49.382716049382715","6","0.4734848484848485","1","162","2022-05-15T18:05:00.000Z","1652637900",
"2551","22b77d7829c68dcd","E2:1F:7B:35:CC:08","56.79012345679013","4","0.5580357142857143","11","162","2022-05-15T18:06:00.000Z","1652637960",
"2551","22b77d7829c68dcd","E2:1F:7B:35:CC:08","59.25925925925926","0","0.390625","5","162","2022-05-15T18:07:00.000Z","1652638020",
"2551","22b77d7829c68dcd","E2:1F:7B:35:CC:08","76.54320987654322","10","0.40064102564102566","15","162","2022-05-15T18:08:00.000Z","1652638080",
"2551","22b77d7829c68dcd","E2:1F:7B:35:CC:08","100","4","0.5208333333333334","2","162","2022-05-15T18:09:00.000Z","1652638140",
"2551","22b77d7829c68dcd","E2:1F:7B:35:CC:08","100","4","0.3125","9","162","2022-05-15T18:10:00.000Z","1652638200",
"2551","22b77d7829c68dcd","E2:1F:7B:35:CC:08","100","5","0.7102272727272727","2","162","2022-05-15T18:11:00.000Z","1652638260",
"2551","22b77d7829c68dcd","E2:1F:7B:35:CC:08","100","7","0.9191176470588235","0","162","2022-05-15T18:12:00.000Z","1652638320",
"2551","22b77d7829c68dcd","E2:1F:7B:35:CC:08","77.77777777777777","3","0.6009615384615384","1","162","2022-05-15T18:13:00.000Z","1652638380",
"2551","22b77d7829c68dcd","E2:1F:7B:35:CC:08","65.4320987654321","2","0.625","2","162","2022-05-15T18:14:00.000Z","1652638440",
"2551","22b77d7829c68dcd","E2:1F:7B:35:CC:08","72.8395061728395","5","0.8680555555555556","0","162","2022-05-15T18:15:00.000Z","1652638500",
"2551","22b77d7829c68dcd","E2:1F:7B:35:CC:08","75.30864197530865","2","0.6510416666666666","1","162","2022-05-15T18:16:00.000Z","1652638560",
"2551","22b77d7829c68dcd","E2:1F:7B:35:CC:08","81.48148148148148","5","0.6793478260869565","1","162","2022-05-15T18:17:00.000Z","1652638620",
"2551","22b77d7829c68dcd","E2:1F:7B:35:CC:08","95.06172839506173","2","0.37202380952380953","2","162","2022-05-15T18:19:00.000Z","1652638740",
"2551","22b77d7829c68dcd","E2:1F:7B:35:CC:08","100","2","0.4222972972972973","4","162","2022-05-15T18:20:00.000Z","1652638800",
"2551","22b77d7829c68dcd","E2:1F:7B:35:CC:08","93.82716049382717","10","0.19290123456790123","1","162","2022-05-15T18:21:00.000Z","1652638860",
"2551","22b77d7829c68dcd","E2:1F:7B:35:CC:08","85.18518518518519","8","0.4222972972972973","2","162","2022-05-15T18:22:00.000Z","1652638920",
"2551","22b77d7829c68dcd","E2:1F:7B:35:CC:08","81.48148148148148","6","0.41118421052631576","5","162","2022-05-15T18:23:00.000Z","1652638980",
"2551","22b77d7829c68dcd","E2:1F:7B:35:CC:08","87.65432098765432","5","0.13130252100840337","0","162","2022-05-15T18:24:00.000Z","1652639040",
"2551","22b77d7829c68dcd","E2:1F:7B:35:CC:08","100","5","0.5040322580645161","0","162","2022-05-15T18:25:00.000Z","1652639100",
"2551","22b77d7829c68dcd","E2:1F:7B:35:CC:08","67.90123456790124","3","0.48828125","1","162","2022-05-15T18:26:00.000Z","1652639160",
"2551","22b77d7829c68dcd","E2:1F:7B:35:CC:08","60.49382716049383","11","0.33967391304347827","9","162","2022-05-15T18:27:00.000Z","1652639220",
"2551","22b77d7829c68dcd","E2:1F:7B:35:CC:08","70.37037037037037","3","0.16801075268817203","4","162","2022-05-15T18:28:00.000Z","1652639280",
"2551","22b77d7829c68dcd","E2:1F:7B:35:CC:08","98.76543209876543","9","0.28935185185185186","2","162","2022-05-15T18:29:00.000Z","1652639340",
"2551","22b77d7829c68dcd","E2:1F:7B:35:CC:08","86.41975308641975","6","0.37202380952380953","0","162","2022-05-15T18:30:00.000Z","1652639400",
"2551","22b77d7829c68dcd","E2:1F:7B:35:CC:08","64.19753086419753","5","0.390625","0","162","2022-05-15T18:31:00.000Z","1652639460",
"2551","22b77d7829c68dcd","E2:1F:7B:35:CC:08","49.382716049382715","5","0.4340277777777778","0","162","2022-05-15T18:32:00.000Z","1652639520",
"2551","22b77d7829c68dcd","E2:1F:7B:35:CC:08","39.50617283950617","4","0.40064102564102566","1","162","2022-05-15T18:33:00.000Z","1652639580",
"2551","22b77d7829c68dcd","E2:1F:7B:35:CC:08","44.44444444444444","13","0.4222972972972973","7","162","2022-05-15T18:34:00.000Z","1652639640",
"2551","22b77d7829c68dcd","E2:1F:7B:35:CC:08","90.12345679012346","7","0.30637254901960786","1","162","2022-05-15T18:35:00.000Z","1652639700",
"2551","22b77d7829c68dcd","E2:1F:7B:35:CC:08","95.06172839506173","0","0.33967391304347827","9","162","2022-05-15T18:36:00.000Z","1652639760",
"2551","22b77d7829c68dcd","E2:1F:7B:35:CC:08","96.29629629629629","7","0.23674242424242425","9","162","2022-05-15T18:37:00.000Z","1652639820",
"2551","22b77d7829c68dcd","E2:1F:7B:35:CC:08","90.12345679012346","5","0.3324468085106383","4","162","2022-05-15T18:38:00.000Z","1652639880",
"2551","22b77d7829c68dcd","E2:1F:7B:35:CC:08","88.88888888888889","1","0.30637254901960786","12","162","2022-05-15T18:39:00.000Z","1652639940",
"2551","22b77d7829c68dcd","E2:1F:7B:35:CC:08","86.41975308641975","6","0.294811320754717","4","162","2022-05-15T18:40:00.000Z","1652640000",
"2551","22b77d7829c68dcd","E2:1F:7B:35:CC:08","85.18518518518519","8","0.3255208333333333","5","162","2022-05-15T18:41:00.000Z","1652640060",
"2551","22b77d7829c68dcd","E2:1F:7B:35:CC:08","76.54320987654322","8","0.3472222222222222","2","162","2022-05-15T18:42:00.000Z","1652640120",
"2551","22b77d7829c68dcd","E2:1F:7B:35:CC:08","80.24691358024691","7","0.244140625","2","162","2022-05-15T18:43:00.000Z","1652640180",
"2551","22b77d7829c68dcd","E2:1F:7B:35:CC:08","75.30864197530865","8","0.2604166666666667","1","162","2022-05-15T18:44:00.000Z","1652640240",
"2551","22b77d7829c68dcd","E2:1F:7B:35:CC:08","72.8395061728395","3","1.7361111111111112","15","162","2022-05-15T18:46:00.000Z","1652640360",
"2551","22b77d7829c68dcd","E2:1F:7B:35:CC:08","82.71604938271605","3","0.9765625","7","162","2022-05-15T18:47:00.000Z","1652640420",
"2551","22b77d7829c68dcd","E2:1F:7B:35:CC:08","87.65432098765432","4","0.41118421052631576","8","162","2022-05-15T18:48:00.000Z","1652640480",
"2551","22b77d7829c68dcd","E2:1F:7B:35:CC:08","65.4320987654321","1","0.3125","11","162","2022-05-15T18:49:00.000Z","1652640540",
"2551","22b77d7829c68dcd","E2:1F:7B:35:CC:08","48.148148148148145","4","0.35511363636363635","8","162","2022-05-15T18:50:00.000Z","1652640600",
"2551","22b77d7829c68dcd","E2:1F:7B:35:CC:08","48.148148148148145","5","0.37202380952380953","7","162","2022-05-15T18:51:00.000Z","1652640660",
"2551","22b77d7829c68dcd","E2:1F:7B:35:CC:08","58.02469135802469","5","0.16801075268817203","23","162","2022-05-15T18:52:00.000Z","1652640720",
"2551","22b77d7829c68dcd","E2:1F:7B:35:CC:08","65.4320987654321","6","0.08400537634408602","12","162","2022-05-15T18:53:00.000Z","1652640780",
"2551","22b77d7829c68dcd","E2:1F:7B:35:CC:08","86.41975308641975","0","0.20559210526315788","11","162","2022-05-15T18:57:00.000Z","1652641020",
"2551","22b77d7829c68dcd","E2:1F:7B:35:CC:08","100","6","0.14602803738317757","1","162","2022-05-15T18:58:00.000Z","1652641080",
"2551","22b77d7829c68dcd","E2:1F:7B:35:CC:08","100","5","0.20292207792207792","7","162","2022-05-15T19:00:00.000Z","1652641200",
"2551","22b77d7829c68dcd","E2:1F:7B:35:CC:08","100","5","0.20032051282051283","4","162","2022-05-15T19:03:00.000Z","1652641380",
"2551","22b77d7829c68dcd","E2:1F:7B:35:CC:08","100","4","0.20292207792207792","2","162","2022-05-15T19:04:00.000Z","1652641440",
"2551","22b77d7829c68dcd","E2:1F:7B:35:CC:08","100","8","0.33967391304347827","0","162","2022-05-15T19:05:00.000Z","1652641500",
"2551","22b77d7829c68dcd","E2:1F:7B:35:CC:08","93.82716049382717","8","0.3255208333333333","7","162","2022-05-15T19:06:00.000Z","1652641560",
"2551","22b77d7829c68dcd","E2:1F:7B:35:CC:08","100","10","0.3324468085106383","22","162","2022-05-15T19:07:00.000Z","1652641620",
"2551","22b77d7829c68dcd","E2:1F:7B:35:CC:08","100","11","0.40064102564102566","19","162","2022-05-15T19:08:00.000Z","1652641680",
"2551","22b77d7829c68dcd","E2:1F:7B:35:CC:08","100","7","0.48828125","26","162","2022-05-15T19:09:00.000Z","1652641740",
"2551","22b77d7829c68dcd","E2:1F:7B:35:CC:08","100","7","0.5040322580645161","12","162","2022-05-15T19:10:00.000Z","1652641800",
"2551","22b77d7829c68dcd","E2:1F:7B:35:CC:08","100","9","0.35511363636363635","11","162","2022-05-15T19:11:00.000Z","1652641860",
"2551","22b77d7829c68dcd","E2:1F:7B:35:CC:08","100","0","0.14076576576576577","4","162","2022-05-15T19:12:00.000Z","1652641920",
"2551","22b77d7829c68dcd","E2:1F:7B:35:CC:08","100","7","0.25201612903225806","1","162","2022-05-15T19:13:00.000Z","1652641980",
"2551","22b77d7829c68dcd","E2:1F:7B:35:CC:08","100","6","0.21114864864864866","7","162","2022-05-15T19:14:00.000Z","1652642040",
"2551","22b77d7829c68dcd","E2:1F:7B:35:CC:08","100","8","0.7440476190476191","1","162","2022-05-15T19:15:00.000Z","1652642100",
"2551","22b77d7829c68dcd","E2:1F:7B:35:CC:08","100","7","0.2840909090909091","7","162","2022-05-15T19:16:00.000Z","1652642160",
"2551","22b77d7829c68dcd","E2:1F:7B:35:CC:08","100","4","0.2403846153846154","7","162","2022-05-15T19:17:00.000Z","1652642220",
"2551","22b77d7829c68dcd","E2:1F:7B:35:CC:08","100","0","0.22977941176470587","4","162","2022-05-15T19:18:00.000Z","1652642280",
"2551","22b77d7829c68dcd","E2:1F:7B:35:CC:08","100","5","0.22644927536231885","5","162","2022-05-15T19:20:00.000Z","1652642400",
"2551","22b77d7829c68dcd","E2:1F:7B:35:CC:08","100","7","0.28935185185185186","2","162","2022-05-15T19:21:00.000Z","1652642460",
"2551","22b77d7829c68dcd","E2:1F:7B:35:CC:08","100","14","0.37202380952380953","8","162","2022-05-15T19:22:00.000Z","1652642520",
"2551","22b77d7829c68dcd","E2:1F:7B:35:CC:08","100","8","0.5208333333333334","0","162","2022-05-15T19:23:00.000Z","1652642580",
"2551","22b77d7829c68dcd","E2:1F:7B:35:CC:08","87.65432098765432","7","0.5580357142857143","0","162","2022-05-15T19:24:00.000Z","1652642640",
"2551","22b77d7829c68dcd","E2:1F:7B:35:CC:08","69.1358024691358","2","0.3125","0","162","2022-05-15T19:25:00.000Z","1652642700",
"2551","22b77d7829c68dcd","E2:1F:7B:35:CC:08","90.12345679012346","5","0.48828125","2","162","2022-05-15T19:26:00.000Z","1652642760",
"2551","22b77d7829c68dcd","E2:1F:7B:35:CC:08","76.54320987654322","3","0.48828125","2","162","2022-05-15T19:27:00.000Z","1652642820",
"2551","22b77d7829c68dcd","E2:1F:7B:35:CC:08","56.79012345679013","3","0.5040322580645161","7","162","2022-05-15T19:28:00.000Z","1652642880",
"2551","22b77d7829c68dcd","E2:1F:7B:35:CC:08","37.03703703703704","1","0.5387931034482759","0","162","2022-05-15T19:29:00.000Z","1652642940",
"2551","22b77d7829c68dcd","E2:1F:7B:35:CC:08","41.97530864197531","5","0.6009615384615384","16","162","2022-05-15T19:30:00.000Z","1652643000",
"2551","22b77d7829c68dcd","E2:1F:7B:35:CC:08","44.44444444444444","4","0.5387931034482759","2","162","2022-05-15T19:31:00.000Z","1652643060",
"2551","22b77d7829c68dcd","E2:1F:7B:35:CC:08","86.41975308641975","8","0.6510416666666666","16","162","2022-05-15T19:32:00.000Z","1652643120",
"2551","22b77d7829c68dcd","E2:1F:7B:35:CC:08","97.53086419753086","8","1.4204545454545454","4","162","2022-05-15T19:33:00.000Z","1652643180",
"2551","22b77d7829c68dcd","E2:1F:7B:35:CC:08","90.12345679012346","11","1.3020833333333333","11","162","2022-05-15T19:34:00.000Z","1652643240",
"2551","22b77d7829c68dcd","E2:1F:7B:35:CC:08","90.12345679012346","10","1.1160714285714286","5","162","2022-05-15T19:35:00.000Z","1652643300",
"2551","22b77d7829c68dcd","E2:1F:7B:35:CC:08","74.07407407407408","4","1.1160714285714286","19","162","2022-05-15T19:36:00.000Z","1652643360",
"2551","22b77d7829c68dcd","E2:1F:7B:35:CC:08","76.54320987654322","7","1.2019230769230769","19","162","2022-05-15T19:37:00.000Z","1652643420",
"2551","22b77d7829c68dcd","E2:1F:7B:35:CC:08","85.18518518518519","7","1.2019230769230769","2","162","2022-05-15T19:38:00.000Z","1652643480",
"2551","22b77d7829c68dcd","E2:1F:7B:35:CC:08","77.77777777777777","4","1.4204545454545454","5","162","2022-05-15T19:39:00.000Z","1652643540",
"2551","22b77d7829c68dcd","E2:1F:7B:35:CC:08","100","4","1.4204545454545454","0","162","2022-05-15T19:40:00.000Z","1652643600",
"2551","22b77d7829c68dcd","E2:1F:7B:35:CC:08","71.60493827160494","4","1.4204545454545454","0","162","2022-05-15T19:41:00.000Z","1652643660",
"2551","22b77d7829c68dcd","E2:1F:7B:35:CC:08","60.49382716049383","4","1.4204545454545454","0","162","2022-05-15T19:42:00.000Z","1652643720",
"2551","22b77d7829c68dcd","E2:1F:7B:35:CC:08","45.67901234567901","1","1.4204545454545454","0","162","2022-05-15T19:43:00.000Z","1652643780",
"2551","22b77d7829c68dcd","E2:1F:7B:35:CC:08","44.44444444444444","1","1.3020833333333333","0","162","2022-05-15T19:44:00.000Z","1652643840",
"2551","22b77d7829c68dcd","E2:1F:7B:35:CC:08","46.91358024691358","6","1.5625","4","162","2022-05-15T19:45:00.000Z","1652643900",
"2551","22b77d7829c68dcd","E2:1F:7B:35:CC:08","49.382716049382715","2","1.3020833333333333","0","162","2022-05-15T19:46:00.000Z","1652643960",
"2551","22b77d7829c68dcd","E2:1F:7B:35:CC:08","51.851851851851855","3","1.4204545454545454","8","162","2022-05-15T19:47:00.000Z","1652644020",
"2551","22b77d7829c68dcd","E2:1F:7B:35:CC:08","58.02469135802469","9","1.4204545454545454","4","162","2022-05-15T19:48:00.000Z","1652644080",
"2551","22b77d7829c68dcd","E2:1F:7B:35:CC:08","60.49382716049383","4","1.2019230769230769","2","162","2022-05-15T19:49:00.000Z","1652644140",
"2551","22b77d7829c68dcd","E2:1F:7B:35:CC:08","46.91358024691358","2","1.1160714285714286","0","162","2022-05-15T19:50:00.000Z","1652644200",
"2551","22b77d7829c68dcd","E2:1F:7B:35:CC:08","51.851851851851855","4","1.2019230769230769","2","162","2022-05-15T19:51:00.000Z","1652644260",
"2551","22b77d7829c68dcd","E2:1F:7B:35:CC:08","66.66666666666667","1","1.0416666666666667","2","162","2022-05-15T19:52:00.000Z","1652644320",
"2551","22b77d7829c68dcd","E2:1F:7B:35:CC:08","50.617283950617285","4","1.1160714285714286","2","162","2022-05-15T19:53:00.000Z","1652644380",
"2551","22b77d7829c68dcd","E2:1F:7B:35:CC:08","48.148148148148145","7","1.5625","0","162","2022-05-15T19:54:00.000Z","1652644440",
"2551","22b77d7829c68dcd","E2:1F:7B:35:CC:08","72.8395061728395","5","1.7361111111111112","1","162","2022-05-15T19:55:00.000Z","1652644500",
"2551","22b77d7829c68dcd","E2:1F:7B:35:CC:08","69.1358024691358","1","1.5625","0","162","2022-05-15T19:56:00.000Z","1652644560",
"2551","22b77d7829c68dcd","E2:1F:7B:35:CC:08","54.32098765432099","2","1.5625","0","162","2022-05-15T19:57:00.000Z","1652644620",
"2551","22b77d7829c68dcd","E2:1F:7B:35:CC:08","44.44444444444444","0","1.4204545454545454","0","162","2022-05-15T19:58:00.000Z","1652644680",
"2551","22b77d7829c68dcd","E2:1F:7B:35:CC:08","35.80246913580247","0","1.3020833333333333","0","162","2022-05-15T19:59:00.000Z","1652644740",
"2551","22b77d7829c68dcd","E2:1F:7B:35:CC:08","30.864197530864196","3","1.3020833333333333","0","162","2022-05-15T20:00:00.000Z","1652644800",
"2551","22b77d7829c68dcd","E2:1F:7B:35:CC:08","25.925925925925927","1","1.3020833333333333","0","162","2022-05-15T20:01:00.000Z","1652644860",
"2551","22b77d7829c68dcd","E2:1F:7B:35:CC:08","37.03703703703704","0","1.3020833333333333","0","162","2022-05-15T20:02:00.000Z","1652644920",
"2551","22b77d7829c68dcd","E2:1F:7B:35:CC:08","28.395061728395063","0","1.2019230769230769","0","162","2022-05-15T20:03:00.000Z","1652644980",
"2551","22b77d7829c68dcd","E2:1F:7B:35:CC:08","23.45679012345679","0","1.0416666666666667","1","162","2022-05-15T20:04:00.000Z","1652645040",
"2551","22b77d7829c68dcd","E2:1F:7B:35:CC:08","23.45679012345679","2","1.2019230769230769","0","162","2022-05-15T20:05:00.000Z","1652645100",
"2551","22b77d7829c68dcd","E2:1F:7B:35:CC:08","39.50617283950617","4","1.2019230769230769","4","162","2022-05-15T20:06:00.000Z","1652645160",
"2551","22b77d7829c68dcd","E2:1F:7B:35:CC:08","43.20987654320987","4","1.3020833333333333","0","162","2022-05-15T20:07:00.000Z","1652645220",
"2551","22b77d7829c68dcd","E2:1F:7B:35:CC:08","34.5679012345679","3","1.4204545454545454","0","162","2022-05-15T20:08:00.000Z","1652645280",
"2551","22b77d7829c68dcd","E2:1F:7B:35:CC:08","30.864197530864196","2","1.4204545454545454","0","162","2022-05-15T20:09:00.000Z","1652645340",
"2551","22b77d7829c68dcd","E2:1F:7B:35:CC:08","27.160493827160494","0","1.3020833333333333","0","162","2022-05-15T20:10:00.000Z","1652645400",
"2551","22b77d7829c68dcd","E2:1F:7B:35:CC:08","35.80246913580247","2","1.3020833333333333","0","162","2022-05-15T20:11:00.000Z","1652645460",
"2551","22b77d7829c68dcd","E2:1F:7B:35:CC:08","44.44444444444444","2","1.4204545454545454","0","162","2022-05-15T20:12:00.000Z","1652645520",
"2551","22b77d7829c68dcd","E2:1F:7B:35:CC:08","43.20987654320987","3","1.4204545454545454","0","162","2022-05-15T20:13:00.000Z","1652645580",
"2551","22b77d7829c68dcd","E2:1F:7B:35:CC:08","43.20987654320987","1","1.4204545454545454","0","162","2022-05-15T20:14:00.000Z","1652645640",
"2551","22b77d7829c68dcd","E2:1F:7B:35:CC:08","34.5679012345679","0","1.3020833333333333","0","162","2022-05-15T20:15:00.000Z","1652645700",
"2551","22b77d7829c68dcd","E2:1F:7B:35:CC:08","37.03703703703704","4","1.4204545454545454","2","162","2022-05-15T20:16:00.000Z","1652645760",
"2551","22b77d7829c68dcd","E2:1F:7B:35:CC:08","29.62962962962963","1","1.4204545454545454","0","162","2022-05-15T20:17:00.000Z","1652645820",
"2551","22b77d7829c68dcd","E2:1F:7B:35:CC:08","33.333333333333336","4","1.4204545454545454","5","162","2022-05-15T20:18:00.000Z","1652645880",
"2551","22b77d7829c68dcd","E2:1F:7B:35:CC:08","54.32098765432099","1","1.3020833333333333","0","162","2022-05-15T20:19:00.000Z","1652645940",
"2551","22b77d7829c68dcd","E2:1F:7B:35:CC:08","40.74074074074074","0","1.2019230769230769","7","162","2022-05-15T20:20:00.000Z","1652646000",
"2551","22b77d7829c68dcd","E2:1F:7B:35:CC:08","39.50617283950617","3","0.5580357142857143","0","162","2022-05-15T20:21:00.000Z","1652646060",
"2551","22b77d7829c68dcd","E2:1F:7B:35:CC:08","32.098765432098766","3","0.4734848484848485","1","162","2022-05-15T20:22:00.000Z","1652646120",
"2551","22b77d7829c68dcd","E2:1F:7B:35:CC:08","69.0909090909091","10","0.5787037037037037","7","165","2022-05-15T20:31:00.000Z","1652646660",
"2551","22b77d7829c68dcd","E2:1F:7B:35:CC:08","84.84848484848484","8","0.4734848484848485","1","165","2022-05-15T20:32:00.000Z","1652646720",
"2551","22b77d7829c68dcd","E2:1F:7B:35:CC:08","95.75757575757575","5","0.5208333333333334","5","165","2022-05-15T20:33:00.000Z","1652646780",
"2551","22b77d7829c68dcd","E2:1F:7B:35:CC:08","93.33333333333333","7","0.41118421052631576","0","165","2022-05-15T20:34:00.000Z","1652646840",
"2551","22b77d7829c68dcd","E2:1F:7B:35:CC:08","86.06060606060606","8","0.44642857142857145","1","165","2022-05-15T20:35:00.000Z","1652646900",
"2551","22b77d7829c68dcd","E2:1F:7B:35:CC:08","81.21212121212122","7","0.6009615384615384","0","165","2022-05-15T20:36:00.000Z","1652646960",
"2551","22b77d7829c68dcd","E2:1F:7B:35:CC:08","59.39393939393939","0","0.6510416666666666","0","165","2022-05-15T20:37:00.000Z","1652647020",
"2551","22b77d7829c68dcd","E2:1F:7B:35:CC:08","67.87878787878788","7","0.7102272727272727","0","165","2022-05-15T20:38:00.000Z","1652647080",
"2551","22b77d7829c68dcd","E2:1F:7B:35:CC:08","67.87878787878788","4","0.8680555555555556","0","165","2022-05-15T20:39:00.000Z","1652647140",
"2551","22b77d7829c68dcd","E2:1F:7B:35:CC:08","43.63636363636363","3","0.8223684210526315","1","165","2022-05-15T20:40:00.000Z","1652647200",
"2551","22b77d7829c68dcd","E2:1F:7B:35:CC:08","46.06060606060606","5","0.8680555555555556","5","165","2022-05-15T20:41:00.000Z","1652647260",
"2551","22b77d7829c68dcd","E2:1F:7B:35:CC:08","41.21212121212121","3","0.8680555555555556","7","165","2022-05-15T20:42:00.000Z","1652647320",
"2551","22b77d7829c68dcd","E2:1F:7B:35:CC:08","29.09090909090909","1","0.8680555555555556","0","165","2022-05-15T20:43:00.000Z","1652647380",
"2551","22b77d7829c68dcd","E2:1F:7B:35:CC:08","31.515151515151516","6","0.7440476190476191","0","165","2022-05-15T20:44:00.000Z","1652647440",
"2551","22b77d7829c68dcd","E2:1F:7B:35:CC:08","43.63636363636363","3","0.7440476190476191","0","165","2022-05-15T20:45:00.000Z","1652647500",
"2551","22b77d7829c68dcd","E2:1F:7B:35:CC:08","42.42424242424242","1","0.44642857142857145","0","165","2022-05-15T20:46:00.000Z","1652647560",
"2551","22b77d7829c68dcd","E2:1F:7B:35:CC:08","63.03030303030303","7","0.78125","0","165","2022-05-15T20:47:00.000Z","1652647620",
"2551","22b77d7829c68dcd","E2:1F:7B:35:CC:08","59.39393939393939","5","1.3020833333333333","5","165","2022-05-15T20:48:00.000Z","1652647680",
"2551","22b77d7829c68dcd","E2:1F:7B:35:CC:08","78.78787878787878","4","1.2019230769230769","18","165","2022-05-15T20:49:00.000Z","1652647740",
"2551","22b77d7829c68dcd","E2:1F:7B:35:CC:08","88.48484848484848","2","1.0416666666666667","12","165","2022-05-15T20:50:00.000Z","1652647800",
"2551","22b77d7829c68dcd","E2:1F:7B:35:CC:08","100","6","1.4204545454545454","5","165","2022-05-15T20:51:00.000Z","1652647860",
"2551","22b77d7829c68dcd","E2:1F:7B:35:CC:08","100","4","1.5625","0","165","2022-05-15T20:52:00.000Z","1652647920",
"2551","22b77d7829c68dcd","E2:1F:7B:35:CC:08","70.3030303030303","2","1.3020833333333333","1","165","2022-05-15T20:53:00.000Z","1652647980",
"2551","22b77d7829c68dcd","E2:1F:7B:35:CC:08","70.3030303030303","7","0.78125","11","165","2022-05-15T20:54:00.000Z","1652648040",
"2551","22b77d7829c68dcd","E2:1F:7B:35:CC:08","82.42424242424242","3","0.9765625","0","165","2022-05-15T20:55:00.000Z","1652648100",
"2551","22b77d7829c68dcd","E2:1F:7B:35:CC:08","40","0","0.9191176470588235","0","165","2022-05-15T20:56:00.000Z","1652648160",
"2551","22b77d7829c68dcd","E2:1F:7B:35:CC:08","31.515151515151516","1","0.9765625","0","165","2022-05-15T20:57:00.000Z","1652648220",
"2551","22b77d7829c68dcd","E2:1F:7B:35:CC:08","38.78787878787879","4","1.0416666666666667","0","165","2022-05-15T20:58:00.000Z","1652648280",
"2551","22b77d7829c68dcd","E2:1F:7B:35:CC:08","35.15151515151515","2","1.1160714285714286","0","165","2022-05-15T20:59:00.000Z","1652648340",
"2551","22b77d7829c68dcd","E2:1F:7B:35:CC:08","24.242424242424242","1","0.9765625","0","165","2022-05-15T21:00:00.000Z","1652648400",
"2551","22b77d7829c68dcd","E2:1F:7B:35:CC:08","20.606060606060606","1","0.9191176470588235","1","165","2022-05-15T21:01:00.000Z","1652648460",
"2551","22b77d7829c68dcd","E2:1F:7B:35:CC:08","36.36363636363637","5","1.3020833333333333","0","165","2022-05-15T21:02:00.000Z","1652648520",
"2551","22b77d7829c68dcd","E2:1F:7B:35:CC:08","56.96969696969697","1","1.4204545454545454","0","165","2022-05-15T21:03:00.000Z","1652648580",
"2551","22b77d7829c68dcd","E2:1F:7B:35:CC:08","38.78787878787879","3","1.4204545454545454","0","165","2022-05-15T21:04:00.000Z","1652648640",
"2551","22b77d7829c68dcd","E2:1F:7B:35:CC:08","66.66666666666667","6","1.953125","0","165","2022-05-15T21:05:00.000Z","1652648700",
"2551","22b77d7829c68dcd","E2:1F:7B:35:CC:08","65.45454545454545","0","1.953125","0","165","2022-05-15T21:06:00.000Z","1652648760",
"2551","22b77d7829c68dcd","E2:1F:7B:35:CC:08","47.27272727272727","2","1.953125","0","165","2022-05-15T21:07:00.000Z","1652648820",
"2551","22b77d7829c68dcd","E2:1F:7B:35:CC:08","40","2","1.4204545454545454","0","165","2022-05-15T21:08:00.000Z","1652648880",
"2551","22b77d7829c68dcd","E2:1F:7B:35:CC:08","42.42424242424242","2","1.3020833333333333","0","165","2022-05-15T21:09:00.000Z","1652648940",
"2551","22b77d7829c68dcd","E2:1F:7B:35:CC:08","30.303030303030305","1","1.3020833333333333","0","165","2022-05-15T21:10:00.000Z","1652649000",
"2551","22b77d7829c68dcd","E2:1F:7B:35:CC:08","21.818181818181817","0","1.3020833333333333","0","165","2022-05-15T21:11:00.000Z","1652649060",
"2551","22b77d7829c68dcd","E2:1F:7B:35:CC:08","21.818181818181817","1","0.9765625","0","165","2022-05-15T21:12:00.000Z","1652649120",
"2551","22b77d7829c68dcd","E2:1F:7B:35:CC:08","43.63636363636363","3","1.2019230769230769","1","165","2022-05-15T21:13:00.000Z","1652649180",
"2551","22b77d7829c68dcd","E2:1F:7B:35:CC:08","26.666666666666668","0","1.2019230769230769","0","165","2022-05-15T21:14:00.000Z","1652649240",
"2551","22b77d7829c68dcd","E2:1F:7B:35:CC:08","27.87878787878788","3","1.1160714285714286","2","165","2022-05-15T21:15:00.000Z","1652649300",
"2551","22b77d7829c68dcd","E2:1F:7B:35:CC:08","38.78787878787879","5","1.3020833333333333","1","165","2022-05-15T21:16:00.000Z","1652649360",
"2551","22b77d7829c68dcd","E2:1F:7B:35:CC:08","78.78787878787878","7","1.7361111111111112","0","165","2022-05-15T21:17:00.000Z","1652649420",
"2551","22b77d7829c68dcd","E2:1F:7B:35:CC:08","64.24242424242425","5","1.5625","1","165","2022-05-15T21:18:00.000Z","1652649480",
"2551","22b77d7829c68dcd","E2:1F:7B:35:CC:08","71.51515151515152","3","1.7361111111111112","0","165","2022-05-15T21:19:00.000Z","1652649540",
"2551","22b77d7829c68dcd","E2:1F:7B:35:CC:08","58.18181818181818","2","1.7361111111111112","0","165","2022-05-15T21:20:00.000Z","1652649600",
"2551","22b77d7829c68dcd","E2:1F:7B:35:CC:08","56.96969696969697","6","1.953125","0","165","2022-05-15T21:21:00.000Z","1652649660",
"2551","22b77d7829c68dcd","E2:1F:7B:35:CC:08","53.333333333333336","7","2.6041666666666665","0","165","2022-05-15T21:22:00.000Z","1652649720",
"2551","22b77d7829c68dcd","E2:1F:7B:35:CC:08","54.54545454545455","5","2.6041666666666665","0","165","2022-05-15T21:23:00.000Z","1652649780",
"2551","22b77d7829c68dcd","E2:1F:7B:35:CC:08","54.54545454545455","0","2.232142857142857","0","165","2022-05-15T21:24:00.000Z","1652649840",
"2551","22b77d7829c68dcd","E2:1F:7B:35:CC:08","44.84848484848485","0","1.5625","0","165","2022-05-15T21:25:00.000Z","1652649900",
"2551","22b77d7829c68dcd","E2:1F:7B:35:CC:08","46.06060606060606","1","1.5625","0","165","2022-05-15T21:26:00.000Z","1652649960",
"2551","22b77d7829c68dcd","E2:1F:7B:35:CC:08","60.60606060606061","6","1.5625","4","165","2022-05-15T21:27:00.000Z","1652650020",
"2551","22b77d7829c68dcd","E2:1F:7B:35:CC:08","50.90909090909091","2","1.0416666666666667","7","165","2022-05-15T21:28:00.000Z","1652650080",
"2551","22b77d7829c68dcd","E2:1F:7B:35:CC:08","83.63636363636364","9","1.953125","4","165","2022-05-15T21:29:00.000Z","1652650140",
"2551","22b77d7829c68dcd","E2:1F:7B:35:CC:08","100","2","1.3020833333333333","1","165","2022-05-15T21:30:00.000Z","1652650200",
"2551","22b77d7829c68dcd","E2:1F:7B:35:CC:08","86.06060606060606","2","1.1160714285714286","1","165","2022-05-15T21:31:00.000Z","1652650260",
"2551","22b77d7829c68dcd","E2:1F:7B:35:CC:08","76.36363636363636","1","1.0416666666666667","2","165","2022-05-15T21:32:00.000Z","1652650320",
"2551","22b77d7829c68dcd","E2:1F:7B:35:CC:08","54.54545454545455","2","1.0416666666666667","0","165","2022-05-15T21:33:00.000Z","1652650380",
"2551","22b77d7829c68dcd","E2:1F:7B:35:CC:08","48.484848484848484","5","1.0416666666666667","2","165","2022-05-15T21:34:00.000Z","1652650440",
"2551","22b77d7829c68dcd","E2:1F:7B:35:CC:08","49.696969696969695","2","0.8680555555555556","0","165","2022-05-15T21:35:00.000Z","1652650500",
"2551","22b77d7829c68dcd","E2:1F:7B:35:CC:08","53.333333333333336","7","0.8223684210526315","8","165","2022-05-15T21:36:00.000Z","1652650560",
"2551","22b77d7829c68dcd","E2:1F:7B:35:CC:08","53.333333333333336","5","0.8223684210526315","2","165","2022-05-15T21:37:00.000Z","1652650620",
"2551","22b77d7829c68dcd","E2:1F:7B:35:CC:08","53.333333333333336","3","0.21404109589041095","8","165","2022-05-15T21:38:00.000Z","1652650680",
"2551","22b77d7829c68dcd","E2:1F:7B:35:CC:08","100","6","0.38109756097560976","0","165","2022-05-15T21:39:00.000Z","1652650740",
"2551","22b77d7829c68dcd","E2:1F:7B:35:CC:08","71.51515151515152","1","0.45955882352941174","0","165","2022-05-15T21:40:00.000Z","1652650800",
"2551","22b77d7829c68dcd","E2:1F:7B:35:CC:08","49.696969696969695","1","0.16801075268817203","2","165","2022-05-15T21:41:00.000Z","1652650860",
"2551","22b77d7829c68dcd","E2:1F:7B:35:CC:08","100","7","0.3255208333333333","0","165","2022-05-15T21:42:00.000Z","1652650920",
"2551","22b77d7829c68dcd","E2:1F:7B:35:CC:08","99.39393939393939","7","0.31887755102040816","0","165","2022-05-15T21:43:00.000Z","1652650980",
"2551","22b77d7829c68dcd","E2:1F:7B:35:CC:08","100","2","0.10775862068965517","0","165","2022-05-15T21:44:00.000Z","1652651040",
"2551","22b77d7829c68dcd","E2:1F:7B:35:CC:08","100","10","0.390625","0","165","2022-05-15T21:45:00.000Z","1652651100",
"2551","22b77d7829c68dcd","E2:1F:7B:35:CC:08","100","7","0.09765625","0","165","2022-05-15T21:46:00.000Z","1652651160",
"2551","22b77d7829c68dcd","E2:1F:7B:35:CC:08","100","0","0.08223684210526316","0","165","2022-05-15T21:49:00.000Z","1652651340",
"2551","22b77d7829c68dcd","E2:1F:7B:35:CC:08","100","13","0.15782828282828282","1","165","2022-05-15T21:50:00.000Z","1652651400",
"2551","22b77d7829c68dcd","E2:1F:7B:35:CC:08","100","3","0.23674242424242425","1","165","2022-05-15T21:51:00.000Z","1652651460",
"2551","22b77d7829c68dcd","E2:1F:7B:35:CC:08","100","9","0.3633720930232558","1","165","2022-05-15T21:52:00.000Z","1652651520",
"2551","22b77d7829c68dcd","E2:1F:7B:35:CC:08","100","5","0.37202380952380953","4","165","2022-05-15T21:53:00.000Z","1652651580",
"2551","22b77d7829c68dcd","E2:1F:7B:35:CC:08","88.48484848484848","4","0.5580357142857143","7","165","2022-05-15T21:54:00.000Z","1652651640",
"2551","22b77d7829c68dcd","E2:1F:7B:35:CC:08","73.93939393939394","3","0.16622340425531915","5","165","2022-05-15T21:55:00.000Z","1652651700",
"2551","22b77d7829c68dcd","E2:1F:7B:35:CC:08","87.27272727272727","10","0.20559210526315788","0","165","2022-05-15T21:56:00.000Z","1652651760",
"2551","22b77d7829c68dcd","E2:1F:7B:35:CC:08","95.75757575757575","6","0.9765625","11","165","2022-05-15T21:57:00.000Z","1652651820",
"2551","22b77d7829c68dcd","E2:1F:7B:35:CC:08","100","8","0.22644927536231885","1","165","2022-05-15T21:58:00.000Z","1652651880",
"2551","22b77d7829c68dcd","E2:1F:7B:35:CC:08","95.75757575757575","7","0.78125","7","165","2022-05-15T21:59:00.000Z","1652651940",
"2551","22b77d7829c68dcd","E2:1F:7B:35:CC:08","90.9090909090909","9","0.9765625","12","165","2022-05-15T22:00:00.000Z","1652652000",
"2551","22b77d7829c68dcd","E2:1F:7B:35:CC:08","84.84848484848484","5","0.44642857142857145","0","165","2022-05-15T22:01:00.000Z","1652652060",
"2551","22b77d7829c68dcd","E2:1F:7B:35:CC:08","99.39393939393939","3","0.08223684210526316","1","165","2022-05-15T22:04:00.000Z","1652652240",
"2551","22b77d7829c68dcd","E2:1F:7B:35:CC:08","100","3","0.5787037037037037","0","165","2022-05-15T22:05:00.000Z","1652652300",
"2551","22b77d7829c68dcd","E2:1F:7B:35:CC:08","78.78787878787878","0","0.6009615384615384","0","165","2022-05-15T22:06:00.000Z","1652652360",
"2551","22b77d7829c68dcd","E2:1F:7B:35:CC:08","35.15151515151515","1","0.6510416666666666","0","165","2022-05-15T22:07:00.000Z","1652652420",
"2551","22b77d7829c68dcd","E2:1F:7B:35:CC:08","13.333333333333334","0","0.6793478260869565","0","165","2022-05-15T22:08:00.000Z","1652652480",
"2551","22b77d7829c68dcd","E2:1F:7B:35:CC:08","9.696969696969697","0","0.6793478260869565","0","165","2022-05-15T22:09:00.000Z","1652652540",
"2551","22b77d7829c68dcd","E2:1F:7B:35:CC:08","12.121212121212121","0","0.6793478260869565","0","165","2022-05-15T22:10:00.000Z","1652652600",
"2551","22b77d7829c68dcd","E2:1F:7B:35:CC:08","10.909090909090908","0","0.6510416666666666","0","165","2022-05-15T22:11:00.000Z","1652652660",
"2551","22b77d7829c68dcd","E2:1F:7B:35:CC:08","9.696969696969697","1","0.6510416666666666","0","165","2022-05-15T22:12:00.000Z","1652652720",
"2551","22b77d7829c68dcd","E2:1F:7B:35:CC:08","12.121212121212121","0","0.6510416666666666","0","165","2022-05-15T22:13:00.000Z","1652652780",
"2551","22b77d7829c68dcd","E2:1F:7B:35:CC:08","29.09090909090909","1","0.3633720930232558","0","165","2022-05-15T22:14:00.000Z","1652652840",
"2551","22b77d7829c68dcd","E2:1F:7B:35:CC:08","44.84848484848485","0","0.4222972972972973","0","165","2022-05-15T22:15:00.000Z","1652652900",
"2551","22b77d7829c68dcd","E2:1F:7B:35:CC:08","50.90909090909091","7","0.48828125","0","165","2022-05-15T22:16:00.000Z","1652652960",
"2551","22b77d7829c68dcd","E2:1F:7B:35:CC:08","35.15151515151515","0","0.5580357142857143","0","165","2022-05-15T22:17:00.000Z","1652653020",
"2551","22b77d7829c68dcd","E2:1F:7B:35:CC:08","24.242424242424242","0","0.37202380952380953","0","165","2022-05-15T22:18:00.000Z","1652653080",
"2551","22b77d7829c68dcd","E2:1F:7B:35:CC:08","13.333333333333334","0","0.38109756097560976","0","165","2022-05-15T22:19:00.000Z","1652653140",
"2551","22b77d7829c68dcd","E2:1F:7B:35:CC:08","7.2727272727272725","0","0.38109756097560976","0","165","2022-05-15T22:20:00.000Z","1652653200",
"2551","22b77d7829c68dcd","E2:1F:7B:35:CC:08","3.6363636363636362","0","0.390625","0","165","2022-05-15T22:21:00.000Z","1652653260",
"2551","22b77d7829c68dcd","E2:1F:7B:35:CC:08","26.666666666666668","5","0.5580357142857143","0","165","2022-05-15T22:22:00.000Z","1652653320",
"2551","22b77d7829c68dcd","E2:1F:7B:35:CC:08","31.515151515151516","1","0.41118421052631576","0","165","2022-05-15T22:23:00.000Z","1652653380",
"2551","22b77d7829c68dcd","E2:1F:7B:35:CC:08","40","2","0.28935185185185186","0","165","2022-05-15T22:24:00.000Z","1652653440",
"2551","22b77d7829c68dcd","E2:1F:7B:35:CC:08","31.515151515151516","0","0.41118421052631576","0","165","2022-05-15T22:25:00.000Z","1652653500",
"2551","22b77d7829c68dcd","E2:1F:7B:35:CC:08","24.242424242424242","0","0.35511363636363635","5","165","2022-05-15T22:26:00.000Z","1652653560",
"2551","22b77d7829c68dcd","E2:1F:7B:35:CC:08","26.666666666666668","0","0.33967391304347827","22","165","2022-05-15T22:27:00.000Z","1652653620",
"2551","22b77d7829c68dcd","E2:1F:7B:35:CC:08","30.303030303030305","6","0.3633720930232558","21","165","2022-05-15T22:28:00.000Z","1652653680",
"2551","22b77d7829c68dcd","E2:1F:7B:35:CC:08","32.72727272727273","0","0.3324468085106383","12","165","2022-05-15T22:29:00.000Z","1652653740",
"2551","22b77d7829c68dcd","E2:1F:7B:35:CC:08","58.18181818181818","5","0.45955882352941174","4","165","2022-05-15T22:30:00.000Z","1652653800",
"2551","22b77d7829c68dcd","E2:1F:7B:35:CC:08","56.96969696969697","2","0.4340277777777778","15","165","2022-05-15T22:31:00.000Z","1652653860",
"2551","22b77d7829c68dcd","E2:1F:7B:35:CC:08","59.39393939393939","9","0.390625","8","165","2022-05-15T22:32:00.000Z","1652653920",
"2551","22b77d7829c68dcd","E2:1F:7B:35:CC:08","56.96969696969697","3","0.3255208333333333","4","165","2022-05-15T22:33:00.000Z","1652653980",
"2551","22b77d7829c68dcd","E2:1F:7B:35:CC:08","50.90909090909091","2","0.45955882352941174","1","165","2022-05-15T22:34:00.000Z","1652654040",
"2551","22b77d7829c68dcd","E2:1F:7B:35:CC:08","69.0909090909091","10","0.30637254901960786","0","165","2022-05-15T22:35:00.000Z","1652654100",
"2551","22b77d7829c68dcd","E2:1F:7B:35:CC:08","47.27272727272727","0","0.33967391304347827","0","165","2022-05-15T22:36:00.000Z","1652654160",
"2551","22b77d7829c68dcd","E2:1F:7B:35:CC:08","26.666666666666668","0","0.3633720930232558","0","165","2022-05-15T22:37:00.000Z","1652654220",
"2551","22b77d7829c68dcd","E2:1F:7B:35:CC:08","15.757575757575758","0","0.37202380952380953","0","165","2022-05-15T22:38:00.000Z","1652654280",
"2551","22b77d7829c68dcd","E2:1F:7B:35:CC:08","21.818181818181817","1","0.5387931034482759","0","165","2022-05-15T22:39:00.000Z","1652654340",
"2551","22b77d7829c68dcd","E2:1F:7B:35:CC:08","16.96969696969697","0","0.5580357142857143","0","165","2022-05-15T22:40:00.000Z","1652654400",
"2551","22b77d7829c68dcd","E2:1F:7B:35:CC:08","13.333333333333334","3","0.21114864864864866","1","165","2022-05-15T22:41:00.000Z","1652654460",
"2551","22b77d7829c68dcd","E2:1F:7B:35:CC:08","31.515151515151516","2","0.25614754098360654","5","165","2022-05-15T22:42:00.000Z","1652654520",
"2551","22b77d7829c68dcd","E2:1F:7B:35:CC:08","21.818181818181817","0","0.2840909090909091","2","165","2022-05-15T22:43:00.000Z","1652654580",
"2551","22b77d7829c68dcd","E2:1F:7B:35:CC:08","49.696969696969695","5","0.390625","0","165","2022-05-15T22:44:00.000Z","1652654640",
"2551","22b77d7829c68dcd","E2:1F:7B:35:CC:08","54.54545454545455","2","0.3004807692307692","5","165","2022-05-15T22:45:00.000Z","1652654700",
"2551","22b77d7829c68dcd","E2:1F:7B:35:CC:08","89.6969696969697","5","0.44642857142857145","0","165","2022-05-15T22:46:00.000Z","1652654760",
"2551","22b77d7829c68dcd","E2:1F:7B:35:CC:08","81.21212121212122","6","0.44642857142857145","0","165","2022-05-15T22:47:00.000Z","1652654820",
"2551","22b77d7829c68dcd","E2:1F:7B:35:CC:08","35.15151515151515","0","0.4222972972972973","0","165","2022-05-15T22:48:00.000Z","1652654880",
"2551","22b77d7829c68dcd","E2:1F:7B:35:CC:08","25.454545454545453","1","0.38109756097560976","0","165","2022-05-15T22:49:00.000Z","1652654940",
"2551","22b77d7829c68dcd","E2:1F:7B:35:CC:08","49.696969696969695","5","0.40064102564102566","0","165","2022-05-15T22:50:00.000Z","1652655000",
"2551","22b77d7829c68dcd","E2:1F:7B:35:CC:08","47.27272727272727","4","0.390625","0","165","2022-05-15T22:51:00.000Z","1652655060",
"2551","22b77d7829c68dcd","E2:1F:7B:35:CC:08","41.21212121212121","4","0.33967391304347827","1","165","2022-05-15T22:52:00.000Z","1652655120",
"2551","22b77d7829c68dcd","E2:1F:7B:35:CC:08","33.93939393939394","0","0.19054878048780488","1","165","2022-05-15T22:53:00.000Z","1652655180",
"2551","22b77d7829c68dcd","E2:1F:7B:35:CC:08","31.515151515151516","4","0.3633720930232558","0","165","2022-05-15T22:54:00.000Z","1652655240",
"2551","22b77d7829c68dcd","E2:1F:7B:35:CC:08","25.454545454545453","0","0.2332089552238806","1","165","2022-05-15T22:55:00.000Z","1652655300",
"2551","22b77d7829c68dcd","E2:1F:7B:35:CC:08","24.242424242424242","0","0.23674242424242425","1","165","2022-05-15T22:56:00.000Z","1652655360",
"2551","22b77d7829c68dcd","E2:1F:7B:35:CC:08","38.78787878787879","7","0.18825301204819278","1","165","2022-05-15T22:57:00.000Z","1652655420",
"2551","22b77d7829c68dcd","E2:1F:7B:35:CC:08","44.84848484848485","3","0.2403846153846154","1","165","2022-05-15T22:58:00.000Z","1652655480",
"2551","22b77d7829c68dcd","E2:1F:7B:35:CC:08","36.36363636363637","1","0.2170138888888889","0","165","2022-05-15T22:59:00.000Z","1652655540",
"2551","22b77d7829c68dcd","E2:1F:7B:35:CC:08","29.09090909090909","0","0.3324468085106383","2","165","2022-05-15T23:00:00.000Z","1652655600",
"2551","22b77d7829c68dcd","E2:1F:7B:35:CC:08","25.454545454545453","2","0.19778481012658228","1","165","2022-05-15T23:01:00.000Z","1652655660",
"2551","22b77d7829c68dcd","E2:1F:7B:35:CC:08","27.87878787878788","1","0.20833333333333334","5","165","2022-05-15T23:02:00.000Z","1652655720",
"2551","22b77d7829c68dcd","E2:1F:7B:35:CC:08","29.09090909090909","0","0.22977941176470587","7","165","2022-05-15T23:03:00.000Z","1652655780",
"2551","22b77d7829c68dcd","E2:1F:7B:35:CC:08","64.24242424242425","3","0.31887755102040816","0","165","2022-05-15T23:04:00.000Z","1652655840",
"2551","22b77d7829c68dcd","E2:1F:7B:35:CC:08","31.515151515151516","0","0.33967391304347827","0","165","2022-05-15T23:05:00.000Z","1652655900",
"2551","22b77d7829c68dcd","E2:1F:7B:35:CC:08","14.545454545454545","0","0.35511363636363635","0","165","2022-05-15T23:06:00.000Z","1652655960",
"2551","22b77d7829c68dcd","E2:1F:7B:35:CC:08","30.303030303030305","0","0.33967391304347827","0","165","2022-05-15T23:07:00.000Z","1652656020",
"2551","22b77d7829c68dcd","E2:1F:7B:35:CC:08","18.181818181818183","0","0.35511363636363635","0","165","2022-05-15T23:08:00.000Z","1652656080",
"2551","22b77d7829c68dcd","E2:1F:7B:35:CC:08","13.333333333333334","1","0.35511363636363635","0","165","2022-05-15T23:09:00.000Z","1652656140",
"2551","22b77d7829c68dcd","E2:1F:7B:35:CC:08","13.333333333333334","1","0.37202380952380953","0","165","2022-05-15T23:10:00.000Z","1652656200",
"2551","22b77d7829c68dcd","E2:1F:7B:35:CC:08","36.36363636363637","0","0.4340277777777778","0","165","2022-05-15T23:11:00.000Z","1652656260",
"2551","22b77d7829c68dcd","E2:1F:7B:35:CC:08","20.606060606060606","0","0.4340277777777778","0","165","2022-05-15T23:12:00.000Z","1652656320",
"2551","22b77d7829c68dcd","E2:1F:7B:35:CC:08","20.606060606060606","1","0.2840909090909091","1","165","2022-05-15T23:13:00.000Z","1652656380",
"2551","22b77d7829c68dcd","E2:1F:7B:35:CC:08","24.242424242424242","3","0.2604166666666667","2","165","2022-05-15T23:14:00.000Z","1652656440",
"2551","22b77d7829c68dcd","E2:1F:7B:35:CC:08","35.15151515151515","9","0.3004807692307692","1","165","2022-05-15T23:15:00.000Z","1652656500",
"2551","22b77d7829c68dcd","E2:1F:7B:35:CC:08","29.09090909090909","0","0.33967391304347827","5","165","2022-05-15T23:16:00.000Z","1652656560",
"2551","22b77d7829c68dcd","E2:1F:7B:35:CC:08","32.72727272727273","10","0.3255208333333333","1","165","2022-05-15T23:17:00.000Z","1652656620",
"2551","22b77d7829c68dcd","E2:1F:7B:35:CC:08","37.57575757575758","5","0.35511363636363635","2","165","2022-05-15T23:18:00.000Z","1652656680",
"2551","22b77d7829c68dcd","E2:1F:7B:35:CC:08","43.63636363636363","3","0.3472222222222222","9","165","2022-05-15T23:19:00.000Z","1652656740",
"2551","22b77d7829c68dcd","E2:1F:7B:35:CC:08","54.54545454545455","3","0.4222972972972973","8","165","2022-05-15T23:20:00.000Z","1652656800",
"2551","22b77d7829c68dcd","E2:1F:7B:35:CC:08","71.51515151515152","6","0.390625","12","165","2022-05-15T23:21:00.000Z","1652656860",
"2551","22b77d7829c68dcd","E2:1F:7B:35:CC:08","80","0","0.41118421052631576","0","165","2022-05-15T23:22:00.000Z","1652656920",
"2551","22b77d7829c68dcd","E2:1F:7B:35:CC:08","77.57575757575758","8","0.45955882352941174","5","165","2022-05-15T23:23:00.000Z","1652656980",
"2551","22b77d7829c68dcd","E2:1F:7B:35:CC:08","84.84848484848484","9","0.37202380952380953","5","165","2022-05-15T23:24:00.000Z","1652657040",
"2551","22b77d7829c68dcd","E2:1F:7B:35:CC:08","84.84848484848484","4","0.4340277777777778","12","165","2022-05-15T23:25:00.000Z","1652657100",
"2551","22b77d7829c68dcd","E2:1F:7B:35:CC:08","77.57575757575758","4","0.45955882352941174","5","165","2022-05-15T23:26:00.000Z","1652657160",
"2551","22b77d7829c68dcd","E2:1F:7B:35:CC:08","75.15151515151516","8","0.21114864864864866","2","165","2022-05-15T23:27:00.000Z","1652657220",
"2551","22b77d7829c68dcd","E2:1F:7B:35:CC:08","88.48484848484848","7","0.3324468085106383","0","165","2022-05-15T23:28:00.000Z","1652657280",
"2551","22b77d7829c68dcd","E2:1F:7B:35:CC:08","87.27272727272727","8","0.4222972972972973","7","165","2022-05-15T23:29:00.000Z","1652657340",
"2551","22b77d7829c68dcd","E2:1F:7B:35:CC:08","94.54545454545455","6","0.35511363636363635","0","165","2022-05-15T23:30:00.000Z","1652657400",
"2551","22b77d7829c68dcd","E2:1F:7B:35:CC:08","84.84848484848484","5","0.48828125","2","165","2022-05-15T23:31:00.000Z","1652657460",
"2551","22b77d7829c68dcd","E2:1F:7B:35:CC:08","100","9","0.17959770114942528","1","165","2022-05-15T23:32:00.000Z","1652657520",
"2551","22b77d7829c68dcd","E2:1F:7B:35:CC:08","100","6","0.3324468085106383","1","165","2022-05-15T23:33:00.000Z","1652657580",
"2551","22b77d7829c68dcd","E2:1F:7B:35:CC:08","100","6","0.08491847826086957","1","165","2022-05-15T23:34:00.000Z","1652657640",
"2551","22b77d7829c68dcd","E2:1F:7B:35:CC:08","100","8","0.38109756097560976","2","165","2022-05-15T23:35:00.000Z","1652657700",
"2551","22b77d7829c68dcd","E2:1F:7B:35:CC:08","84.84848484848484","4","0.4222972972972973","0","165","2022-05-15T23:36:00.000Z","1652657760",
"2551","22b77d7829c68dcd","E2:1F:7B:35:CC:08","41.21212121212121","1","0.3633720930232558","0","165","2022-05-15T23:37:00.000Z","1652657820",
"2551","22b77d7829c68dcd","E2:1F:7B:35:CC:08","63.03030303030303","3","0.5040322580645161","0","165","2022-05-15T23:38:00.000Z","1652657880",
"2551","22b77d7829c68dcd","E2:1F:7B:35:CC:08","73.93939393939394","4","0.3472222222222222","0","165","2022-05-15T23:39:00.000Z","1652657940",
"2551","22b77d7829c68dcd","E2:1F:7B:35:CC:08","99.39393939393939","2","0.41118421052631576","0","165","2022-05-15T23:40:00.000Z","1652658000",
"2551","22b77d7829c68dcd","E2:1F:7B:35:CC:08","100","7","0.6009615384615384","0","165","2022-05-15T23:41:00.000Z","1652658060",
"2551","22b77d7829c68dcd","E2:1F:7B:35:CC:08","100","6","0.41118421052631576","2","165","2022-05-15T23:42:00.000Z","1652658120",
"2551","22b77d7829c68dcd","E2:1F:7B:35:CC:08","100","5","0.5787037037037037","4","165","2022-05-15T23:43:00.000Z","1652658180",
"2551","22b77d7829c68dcd","E2:1F:7B:35:CC:08","100","10","0.5787037037037037","9","165","2022-05-15T23:44:00.000Z","1652658240",
"2551","22b77d7829c68dcd","E2:1F:7B:35:CC:08","100","0","0.4734848484848485","2","165","2022-05-15T23:45:00.000Z","1652658300",
"2551","22b77d7829c68dcd","E2:1F:7B:35:CC:08","98.18181818181819","6","0.48828125","16","165","2022-05-15T23:46:00.000Z","1652658360",
"2551","22b77d7829c68dcd","E2:1F:7B:35:CC:08","67.87878787878788","6","0.5787037037037037","0","165","2022-05-15T23:47:00.000Z","1652658420",
"2551","22b77d7829c68dcd","E2:1F:7B:35:CC:08","60.60606060606061","2","0.6510416666666666","1","165","2022-05-15T23:48:00.000Z","1652658480",
"2551","22b77d7829c68dcd","E2:1F:7B:35:CC:08","41.21212121212121","2","0.4340277777777778","0","165","2022-05-15T23:49:00.000Z","1652658540",
"2551","22b77d7829c68dcd","E2:1F:7B:35:CC:08","23.03030303030303","0","0.4222972972972973","0","165","2022-05-15T23:50:00.000Z","1652658600",
"2551","22b77d7829c68dcd","E2:1F:7B:35:CC:08","9.696969696969697","0","0.4222972972972973","0","165","2022-05-15T23:51:00.000Z","1652658660",
"2551","22b77d7829c68dcd","E2:1F:7B:35:CC:08","6.0606060606060606","0","0.4222972972972973","0","165","2022-05-15T23:52:00.000Z","1652658720",
"2551","22b77d7829c68dcd","E2:1F:7B:35:CC:08","8.484848484848484","0","0.4222972972972973","0","165","2022-05-15T23:53:00.000Z","1652658780",
"2551","22b77d7829c68dcd","E2:1F:7B:35:CC:08","8.484848484848484","0","0.40064102564102566","0","165","2022-05-15T23:54:00.000Z","1652658840",
"2551","22b77d7829c68dcd","E2:1F:7B:35:CC:08","14.545454545454545","1","0.4340277777777778","0","165","2022-05-15T23:55:00.000Z","1652658900",
"2551","22b77d7829c68dcd","E2:1F:7B:35:CC:08","16.96969696969697","0","0.4340277777777778","0","165","2022-05-15T23:56:00.000Z","1652658960",
"2551","22b77d7829c68dcd","E2:1F:7B:35:CC:08","9.696969696969697","0","0.4340277777777778","0","165","2022-05-15T23:57:00.000Z","1652659020",
"2551","22b77d7829c68dcd","E2:1F:7B:35:CC:08","8.484848484848484","0","0.4222972972972973","0","165","2022-05-15T23:58:00.000Z","1652659080",
"2551","22b77d7829c68dcd","E2:1F:7B:35:CC:08","7.2727272727272725","0","0.41118421052631576","0","165","2022-05-15T23:59:00.000Z","1652659140",
"2551","22b77d7829c68dcd","E2:1F:7B:35:CC:08","6.0606060606060606","0","0.41118421052631576","0","165","2022-05-16T00:00:00.000Z","1652659200",
"2551","22b77d7829c68dcd","E2:1F:7B:35:CC:08","4.848484848484849","0","0.41118421052631576","0","165","2022-05-16T00:01:00.000Z","1652659260",
"2551","22b77d7829c68dcd","E2:1F:7B:35:CC:08","4.848484848484849","0","0.41118421052631576","0","165","2022-05-16T00:02:00.000Z","1652659320",
"2551","22b77d7829c68dcd","E2:1F:7B:35:CC:08","12.121212121212121","0","0.4222972972972973","0","165","2022-05-16T00:03:00.000Z","1652659380",
"2551","22b77d7829c68dcd","E2:1F:7B:35:CC:08","25.454545454545453","4","0.5040322580645161","0","165","2022-05-16T00:04:00.000Z","1652659440",
"2551","22b77d7829c68dcd","E2:1F:7B:35:CC:08","49.696969696969695","6","0.6009615384615384","0","165","2022-05-16T00:05:00.000Z","1652659500",
"2551","22b77d7829c68dcd","E2:1F:7B:35:CC:08","64.24242424242425","8","0.7440476190476191","0","165","2022-05-16T00:06:00.000Z","1652659560",
"2551","22b77d7829c68dcd","E2:1F:7B:35:CC:08","96.96969696969697","9","0.9765625","0","165","2022-05-16T00:07:00.000Z","1652659620",
"2551","22b77d7829c68dcd","E2:1F:7B:35:CC:08","89.6969696969697","8","1.1160714285714286","0","165","2022-05-16T00:08:00.000Z","1652659680",
"2551","22b77d7829c68dcd","E2:1F:7B:35:CC:08","100","6","1.3020833333333333","0","165","2022-05-16T00:09:00.000Z","1652659740",
"2551","22b77d7829c68dcd","E2:1F:7B:35:CC:08","100","6","1.4204545454545454","0","165","2022-05-16T00:10:00.000Z","1652659800",
"2551","22b77d7829c68dcd","E2:1F:7B:35:CC:08","100","6","1.5625","0","165","2022-05-16T00:11:00.000Z","1652659860",
"2551","22b77d7829c68dcd","E2:1F:7B:35:CC:08","100","5","1.7361111111111112","0","165","2022-05-16T00:12:00.000Z","1652659920",
"2551","22b77d7829c68dcd","E2:1F:7B:35:CC:08","98.18181818181819","8","1.7361111111111112","0","165","2022-05-16T00:13:00.000Z","1652659980",
"2551","22b77d7829c68dcd","E2:1F:7B:35:CC:08","89.6969696969697","8","1.7361111111111112","0","165","2022-05-16T00:14:00.000Z","1652660040",
"2551","22b77d7829c68dcd","E2:1F:7B:35:CC:08","93.33333333333333","9","1.953125","0","165","2022-05-16T00:15:00.000Z","1652660100",
"2551","22b77d7829c68dcd","E2:1F:7B:35:CC:08","100","5","1.953125","0","165","2022-05-16T00:16:00.000Z","1652660160",
"2551","22b77d7829c68dcd","E2:1F:7B:35:CC:08","100","6","2.232142857142857","0","165","2022-05-16T00:17:00.000Z","1652660220",
"2551","22b77d7829c68dcd","E2:1F:7B:35:CC:08","99.39393939393939","11","2.6041666666666665","0","165","2022-05-16T00:18:00.000Z","1652660280",
"2551","22b77d7829c68dcd","E2:1F:7B:35:CC:08","95.75757575757575","11","2.232142857142857","4","165","2022-05-16T00:19:00.000Z","1652660340",
"2551","22b77d7829c68dcd","E2:1F:7B:35:CC:08","94.54545454545455","9","2.6041666666666665","0","165","2022-05-16T00:20:00.000Z","1652660400",
"2551","22b77d7829c68dcd","E2:1F:7B:35:CC:08","86.06060606060606","7","2.6041666666666665","0","165","2022-05-16T00:21:00.000Z","1652660460",
"2551","22b77d7829c68dcd","E2:1F:7B:35:CC:08","92.12121212121212","7","2.6041666666666665","0","165","2022-05-16T00:22:00.000Z","1652660520",
"2551","22b77d7829c68dcd","E2:1F:7B:35:CC:08","82.42424242424242","7","2.6041666666666665","0","165","2022-05-16T00:23:00.000Z","1652660580",
"2551","22b77d7829c68dcd","E2:1F:7B:35:CC:08","76.36363636363636","6","2.6041666666666665","0","165","2022-05-16T00:24:00.000Z","1652660640",
"2551","22b77d7829c68dcd","E2:1F:7B:35:CC:08","82.42424242424242","7","3.125","0","165","2022-05-16T00:25:00.000Z","1652660700",
"2551","22b77d7829c68dcd","E2:1F:7B:35:CC:08","76.36363636363636","6","3.125","0","165","2022-05-16T00:26:00.000Z","1652660760",
"2551","22b77d7829c68dcd","E2:1F:7B:35:CC:08","88.48484848484848","8","2.6041666666666665","2","165","2022-05-16T00:27:00.000Z","1652660820",
"2551","22b77d7829c68dcd","E2:1F:7B:35:CC:08","94.54545454545455","9","2.6041666666666665","0","165","2022-05-16T00:28:00.000Z","1652660880",
"2551","22b77d7829c68dcd","E2:1F:7B:35:CC:08","94.54545454545455","10","2.6041666666666665","0","165","2022-05-16T00:29:00.000Z","1652660940",
"2551","22b77d7829c68dcd","E2:1F:7B:35:CC:08","96.96969696969697","10","3.125","0","165","2022-05-16T00:30:00.000Z","1652661000",
"2551","22b77d7829c68dcd","E2:1F:7B:35:CC:08","89.6969696969697","7","3.125","0","165","2022-05-16T00:31:00.000Z","1652661060",
"2551","22b77d7829c68dcd","E2:1F:7B:35:CC:08","90.9090909090909","8","3.125","0","165","2022-05-16T00:32:00.000Z","1652661120",
"2551","22b77d7829c68dcd","E2:1F:7B:35:CC:08","80","6","3.125","0","165","2022-05-16T00:33:00.000Z","1652661180",
"2551","22b77d7829c68dcd","E2:1F:7B:35:CC:08","92.12121212121212","9","3.90625","0","165","2022-05-16T00:34:00.000Z","1652661240",
"2551","22b77d7829c68dcd","E2:1F:7B:35:CC:08","100","9","3.90625","0","165","2022-05-16T00:35:00.000Z","1652661300",
"2551","22b77d7829c68dcd","E2:1F:7B:35:CC:08","89.6969696969697","8","3.90625","0","165","2022-05-16T00:36:00.000Z","1652661360",
"2551","22b77d7829c68dcd","E2:1F:7B:35:CC:08","87.27272727272727","8","3.90625","0","165","2022-05-16T00:37:00.000Z","1652661420",
"2551","22b77d7829c68dcd","E2:1F:7B:35:CC:08","93.33333333333333","5","3.90625","0","165","2022-05-16T00:38:00.000Z","1652661480",
"2551","22b77d7829c68dcd","E2:1F:7B:35:CC:08","93.33333333333333","4","3.125","5","165","2022-05-16T00:39:00.000Z","1652661540",
"2551","22b77d7829c68dcd","E2:1F:7B:35:CC:08","83.63636363636364","7","3.125","0","165","2022-05-16T00:40:00.000Z","1652661600",
"2551","22b77d7829c68dcd","E2:1F:7B:35:CC:08","84.84848484848484","2","2.6041666666666665","0","165","2022-05-16T00:41:00.000Z","1652661660",
"2551","22b77d7829c68dcd","E2:1F:7B:35:CC:08","99.39393939393939","4","2.6041666666666665","0","165","2022-05-16T00:42:00.000Z","1652661720",
"2551","22b77d7829c68dcd","E2:1F:7B:35:CC:08","100","6","2.6041666666666665","0","165","2022-05-16T00:43:00.000Z","1652661780",
"2551","22b77d7829c68dcd","E2:1F:7B:35:CC:08","100","7","2.6041666666666665","0","165","2022-05-16T00:44:00.000Z","1652661840",
"2551","22b77d7829c68dcd","E2:1F:7B:35:CC:08","100","3","2.232142857142857","0","165","2022-05-16T00:45:00.000Z","1652661900",
"2551","22b77d7829c68dcd","E2:1F:7B:35:CC:08","93.33333333333333","3","1.953125","0","165","2022-05-16T00:46:00.000Z","1652661960",
"2551","22b77d7829c68dcd","E2:1F:7B:35:CC:08","84.84848484848484","3","1.953125","0","165","2022-05-16T00:47:00.000Z","1652662020",
"2551","22b77d7829c68dcd","E2:1F:7B:35:CC:08","81.21212121212122","2","1.7361111111111112","0","165","2022-05-16T00:48:00.000Z","1652662080",
"2551","22b77d7829c68dcd","E2:1F:7B:35:CC:08","64.24242424242425","0","1.4204545454545454","0","165","2022-05-16T00:49:00.000Z","1652662140",
"2551","22b77d7829c68dcd","E2:1F:7B:35:CC:08","49.696969696969695","1","1.3020833333333333","0","165","2022-05-16T00:50:00.000Z","1652662200",
"2551","22b77d7829c68dcd","E2:1F:7B:35:CC:08","44.84848484848485","0","1.2019230769230769","0","165","2022-05-16T00:51:00.000Z","1652662260",
"2551","22b77d7829c68dcd","E2:1F:7B:35:CC:08","38.78787878787879","2","1.3020833333333333","0","165","2022-05-16T00:52:00.000Z","1652662320",
"2551","22b77d7829c68dcd","E2:1F:7B:35:CC:08","36.36363636363637","0","1.2019230769230769","0","165","2022-05-16T00:53:00.000Z","1652662380",
"2551","22b77d7829c68dcd","E2:1F:7B:35:CC:08","30.303030303030305","0","0.9765625","0","165","2022-05-16T00:54:00.000Z","1652662440",
"2551","22b77d7829c68dcd","E2:1F:7B:35:CC:08","23.03030303030303","0","0.9191176470588235","0","165","2022-05-16T00:55:00.000Z","1652662500",
"2551","22b77d7829c68dcd","E2:1F:7B:35:CC:08","23.03030303030303","0","0.9191176470588235","0","165","2022-05-16T00:56:00.000Z","1652662560",
"2551","22b77d7829c68dcd","E2:1F:7B:35:CC:08","48.484848484848484","0","1.1160714285714286","0","165","2022-05-16T00:57:00.000Z","1652662620",
"2551","22b77d7829c68dcd","E2:1F:7B:35:CC:08","24.242424242424242","0","1.1160714285714286","0","165","2022-05-16T00:58:00.000Z","1652662680",
"2551","22b77d7829c68dcd","E2:1F:7B:35:CC:08","19.393939393939394","0","1.2019230769230769","0","165","2022-05-16T00:59:00.000Z","1652662740",
"2551","22b77d7829c68dcd","E2:1F:7B:35:CC:08","31.515151515151516","1","0.8680555555555556","0","165","2022-05-16T01:00:00.000Z","1652662800",
"2551","22b77d7829c68dcd","E2:1F:7B:35:CC:08","29.09090909090909","0","0.8223684210526315","0","165","2022-05-16T01:01:00.000Z","1652662860",
"2551","22b77d7829c68dcd","E2:1F:7B:35:CC:08","21.818181818181817","0","0.78125","0","165","2022-05-16T01:02:00.000Z","1652662920",
"2551","22b77d7829c68dcd","E2:1F:7B:35:CC:08","32.72727272727273","1","0.78125","0","165","2022-05-16T01:03:00.000Z","1652662980",
"2551","22b77d7829c68dcd","E2:1F:7B:35:CC:08","29.09090909090909","0","0.7102272727272727","0","165","2022-05-16T01:04:00.000Z","1652663040",
"2551","22b77d7829c68dcd","E2:1F:7B:35:CC:08","19.393939393939394","0","0.7102272727272727","0","165","2022-05-16T01:05:00.000Z","1652663100",
"2551","22b77d7829c68dcd","E2:1F:7B:35:CC:08","13.333333333333334","0","0.7102272727272727","0","165","2022-05-16T01:06:00.000Z","1652663160",
"2551","22b77d7829c68dcd","E2:1F:7B:35:CC:08","13.333333333333334","0","0.6793478260869565","0","165","2022-05-16T01:07:00.000Z","1652663220",
"2551","22b77d7829c68dcd","E2:1F:7B:35:CC:08","14.545454545454545","1","0.6793478260869565","0","165","2022-05-16T01:08:00.000Z","1652663280",
"2551","22b77d7829c68dcd","E2:1F:7B:35:CC:08","29.09090909090909","2","0.7102272727272727","0","165","2022-05-16T01:09:00.000Z","1652663340",
"2551","22b77d7829c68dcd","E2:1F:7B:35:CC:08","46.06060606060606","2","0.78125","0","165","2022-05-16T01:10:00.000Z","1652663400",
"2551","22b77d7829c68dcd","E2:1F:7B:35:CC:08","75.15151515151516","6","0.9765625","0","165","2022-05-16T01:11:00.000Z","1652663460",
"2551","22b77d7829c68dcd","E2:1F:7B:35:CC:08","100","5","1.0416666666666667","0","165","2022-05-16T01:12:00.000Z","1652663520",
"2551","22b77d7829c68dcd","E2:1F:7B:35:CC:08","100","6","1.4204545454545454","0","165","2022-05-16T01:13:00.000Z","1652663580",
"2551","22b77d7829c68dcd","E2:1F:7B:35:CC:08","100","7","1.5625","0","165","2022-05-16T01:14:00.000Z","1652663640",
"2551","22b77d7829c68dcd","E2:1F:7B:35:CC:08","100","3","1.3020833333333333","0","165","2022-05-16T01:15:00.000Z","1652663700",
"2551","22b77d7829c68dcd","E2:1F:7B:35:CC:08","100","6","1.5625","0","165","2022-05-16T01:16:00.000Z","1652663760",
"2551","22b77d7829c68dcd","E2:1F:7B:35:CC:08","100","6","1.7361111111111112","0","165","2022-05-16T01:17:00.000Z","1652663820",
"2551","22b77d7829c68dcd","E2:1F:7B:35:CC:08","100","2","1.5625","0","165","2022-05-16T01:18:00.000Z","1652663880",
"2551","22b77d7829c68dcd","E2:1F:7B:35:CC:08","100","3","1.3020833333333333","0","165","2022-05-16T01:19:00.000Z","1652663940",
"2551","22b77d7829c68dcd","E2:1F:7B:35:CC:08","96.96969696969697","7","1.5625","0","165","2022-05-16T01:20:00.000Z","1652664000",
"2551","22b77d7829c68dcd","E2:1F:7B:35:CC:08","100","6","1.953125","0","165","2022-05-16T01:21:00.000Z","1652664060",
"2551","22b77d7829c68dcd","E2:1F:7B:35:CC:08","100","5","1.7361111111111112","0","165","2022-05-16T01:22:00.000Z","1652664120",
"2551","22b77d7829c68dcd","E2:1F:7B:35:CC:08","100","5","1.7361111111111112","0","165","2022-05-16T01:23:00.000Z","1652664180",
"2551","22b77d7829c68dcd","E2:1F:7B:35:CC:08","100","6","1.953125","0","165","2022-05-16T01:24:00.000Z","1652664240",
"2551","22b77d7829c68dcd","E2:1F:7B:35:CC:08","100","6","1.953125","0","165","2022-05-16T01:25:00.000Z","1652664300",
"2551","22b77d7829c68dcd","E2:1F:7B:35:CC:08","100","7","2.232142857142857","0","165","2022-05-16T01:26:00.000Z","1652664360",
"2551","22b77d7829c68dcd","E2:1F:7B:35:CC:08","99.39393939393939","11","2.232142857142857","0","165","2022-05-16T01:27:00.000Z","1652664420",
"2551","22b77d7829c68dcd","E2:1F:7B:35:CC:08","100","8","2.232142857142857","0","165","2022-05-16T01:28:00.000Z","1652664480",
"2551","22b77d7829c68dcd","E2:1F:7B:35:CC:08","100","6","2.232142857142857","0","165","2022-05-16T01:29:00.000Z","1652664540",
"2551","22b77d7829c68dcd","E2:1F:7B:35:CC:08","100","8","2.232142857142857","0","165","2022-05-16T01:30:00.000Z","1652664600",
"2551","22b77d7829c68dcd","E2:1F:7B:35:CC:08","98.18181818181819","10","2.6041666666666665","0","165","2022-05-16T01:31:00.000Z","1652664660",
"2551","22b77d7829c68dcd","E2:1F:7B:35:CC:08","100","8","2.6041666666666665","0","165","2022-05-16T01:32:00.000Z","1652664720",
"2551","22b77d7829c68dcd","E2:1F:7B:35:CC:08","100","4","2.6041666666666665","0","165","2022-05-16T01:33:00.000Z","1652664780",
"2551","22b77d7829c68dcd","E2:1F:7B:35:CC:08","100","9","2.6041666666666665","0","165","2022-05-16T01:34:00.000Z","1652664840",
"2551","22b77d7829c68dcd","E2:1F:7B:35:CC:08","100","9","2.6041666666666665","0","165","2022-05-16T01:35:00.000Z","1652664900",
"2551","22b77d7829c68dcd","E2:1F:7B:35:CC:08","100","6","2.6041666666666665","0","165","2022-05-16T01:36:00.000Z","1652664960",
"2551","22b77d7829c68dcd","E2:1F:7B:35:CC:08","100","8","2.6041666666666665","0","165","2022-05-16T01:37:00.000Z","1652665020",
"2551","22b77d7829c68dcd","E2:1F:7B:35:CC:08","100","8","2.6041666666666665","0","165","2022-05-16T01:38:00.000Z","1652665080",
"2551","22b77d7829c68dcd","E2:1F:7B:35:CC:08","100","7","2.6041666666666665","0","165","2022-05-16T01:39:00.000Z","1652665140",
"2551","22b77d7829c68dcd","E2:1F:7B:35:CC:08","100","7","2.6041666666666665","0","165","2022-05-16T01:40:00.000Z","1652665200",
"2551","22b77d7829c68dcd","E2:1F:7B:35:CC:08","95.75757575757575","7","2.6041666666666665","0","165","2022-05-16T01:41:00.000Z","1652665260",
"2551","22b77d7829c68dcd","E2:1F:7B:35:CC:08","100","6","2.6041666666666665","0","165","2022-05-16T01:42:00.000Z","1652665320",
"2551","22b77d7829c68dcd","E2:1F:7B:35:CC:08","100","8","2.6041666666666665","1","165","2022-05-16T01:43:00.000Z","1652665380",
"2551","22b77d7829c68dcd","E2:1F:7B:35:CC:08","99.39393939393939","7","3.125","0","165","2022-05-16T01:44:00.000Z","1652665440",
"2551","22b77d7829c68dcd","E2:1F:7B:35:CC:08","100","7","3.125","0","165","2022-05-16T01:45:00.000Z","1652665500",
"2551","22b77d7829c68dcd","E2:1F:7B:35:CC:08","100","8","3.90625","0","165","2022-05-16T01:46:00.000Z","1652665560",
"2551","22b77d7829c68dcd","E2:1F:7B:35:CC:08","92.12121212121212","8","3.90625","0","165","2022-05-16T01:47:00.000Z","1652665620",
"2551","22b77d7829c68dcd","E2:1F:7B:35:CC:08","98.18181818181819","9","3.90625","0","165","2022-05-16T01:48:00.000Z","1652665680",
"2551","22b77d7829c68dcd","E2:1F:7B:35:CC:08","89.6969696969697","5","3.90625","0","165","2022-05-16T01:49:00.000Z","1652665740",
"2551","22b77d7829c68dcd","E2:1F:7B:35:CC:08","82.42424242424242","5","3.90625","0","165","2022-05-16T01:50:00.000Z","1652665800",
"2551","22b77d7829c68dcd","E2:1F:7B:35:CC:08","99.39393939393939","1","3.125","0","165","2022-05-16T01:51:00.000Z","1652665860",
"2551","22b77d7829c68dcd","E2:1F:7B:35:CC:08","98.18181818181819","1","3.125","0","165","2022-05-16T01:52:00.000Z","1652665920",
"2551","22b77d7829c68dcd","E2:1F:7B:35:CC:08","100","5","3.125","0","165","2022-05-16T01:53:00.000Z","1652665980",
"2551","22b77d7829c68dcd","E2:1F:7B:35:CC:08","100","4","3.125","0","165","2022-05-16T01:54:00.000Z","1652666040",
"2551","22b77d7829c68dcd","E2:1F:7B:35:CC:08","99.39393939393939","5","3.125","0","165","2022-05-16T01:55:00.000Z","1652666100",
"2551","22b77d7829c68dcd","E2:1F:7B:35:CC:08","100","4","3.125","0","165","2022-05-16T01:56:00.000Z","1652666160",
"2551","22b77d7829c68dcd","E2:1F:7B:35:CC:08","100","3","3.90625","0","165","2022-05-16T01:57:00.000Z","1652666220",
"2551","22b77d7829c68dcd","E2:1F:7B:35:CC:08","100","8","3.90625","0","165","2022-05-16T01:58:00.000Z","1652666280",
"2551","22b77d7829c68dcd","E2:1F:7B:35:CC:08","100","5","3.125","0","165","2022-05-16T01:59:00.000Z","1652666340",
"2551","22b77d7829c68dcd","E2:1F:7B:35:CC:08","100","5","3.125","0","165","2022-05-16T02:00:00.000Z","1652666400",
"2551","22b77d7829c68dcd","E2:1F:7B:35:CC:08","84.84848484848484","1","2.6041666666666665","0","165","2022-05-16T02:01:00.000Z","1652666460",
"2551","22b77d7829c68dcd","E2:1F:7B:35:CC:08","69.0909090909091","0","2.232142857142857","0","165","2022-05-16T02:02:00.000Z","1652666520",
"2551","22b77d7829c68dcd","E2:1F:7B:35:CC:08","56.96969696969697","1","2.232142857142857","0","165","2022-05-16T02:03:00.000Z","1652666580",
"2551","22b77d7829c68dcd","E2:1F:7B:35:CC:08","65.45454545454545","0","2.232142857142857","0","165","2022-05-16T02:04:00.000Z","1652666640",
"2551","22b77d7829c68dcd","E2:1F:7B:35:CC:08","64.24242424242425","0","1.953125","0","165","2022-05-16T02:05:00.000Z","1652666700",
"2551","22b77d7829c68dcd","E2:1F:7B:35:CC:08","43.63636363636363","0","1.7361111111111112","0","165","2022-05-16T02:06:00.000Z","1652666760",
"2551","22b77d7829c68dcd","E2:1F:7B:35:CC:08","32.72727272727273","0","1.5625","0","165","2022-05-16T02:07:00.000Z","1652666820",
"2551","22b77d7829c68dcd","E2:1F:7B:35:CC:08","26.666666666666668","0","1.4204545454545454","0","165","2022-05-16T02:08:00.000Z","1652666880",
"2551","22b77d7829c68dcd","E2:1F:7B:35:CC:08","24.242424242424242","0","1.3020833333333333","0","165","2022-05-16T02:09:00.000Z","1652666940",
"2551","22b77d7829c68dcd","E2:1F:7B:35:CC:08","23.03030303030303","0","1.0416666666666667","0","165","2022-05-16T02:10:00.000Z","1652667000",
"2551","22b77d7829c68dcd","E2:1F:7B:35:CC:08","24.242424242424242","0","1.0416666666666667","0","165","2022-05-16T02:11:00.000Z","1652667060",
"2551","22b77d7829c68dcd","E2:1F:7B:35:CC:08","30.303030303030305","0","0.9765625","0","165","2022-05-16T02:12:00.000Z","1652667120",
"2551","22b77d7829c68dcd","E2:1F:7B:35:CC:08","23.03030303030303","0","0.9191176470588235","0","165","2022-05-16T02:13:00.000Z","1652667180",
"2551","22b77d7829c68dcd","E2:1F:7B:35:CC:08","21.818181818181817","0","0.9191176470588235","0","165","2022-05-16T02:14:00.000Z","1652667240",
"2551","22b77d7829c68dcd","E2:1F:7B:35:CC:08","25.454545454545453","1","0.9191176470588235","0","165","2022-05-16T02:15:00.000Z","1652667300",
"2551","22b77d7829c68dcd","E2:1F:7B:35:CC:08","21.818181818181817","0","0.8680555555555556","0","165","2022-05-16T02:16:00.000Z","1652667360",
"2551","22b77d7829c68dcd","E2:1F:7B:35:CC:08","25.454545454545453","1","0.8223684210526315","0","165","2022-05-16T02:17:00.000Z","1652667420",
"2551","22b77d7829c68dcd","E2:1F:7B:35:CC:08","19.393939393939394","1","0.8680555555555556","0","165","2022-05-16T02:18:00.000Z","1652667480",
"2551","22b77d7829c68dcd","E2:1F:7B:35:CC:08","19.393939393939394","0","0.8680555555555556","0","165","2022-05-16T02:19:00.000Z","1652667540",
"2551","22b77d7829c68dcd","E2:1F:7B:35:CC:08","13.333333333333334","0","0.8223684210526315","0","165","2022-05-16T02:20:00.000Z","1652667600",
"2551","22b77d7829c68dcd","E2:1F:7B:35:CC:08","10.909090909090908","0","0.8223684210526315","0","165","2022-05-16T02:21:00.000Z","1652667660",
"2551","22b77d7829c68dcd","E2:1F:7B:35:CC:08","9.696969696969697","0","0.8223684210526315","0","165","2022-05-16T02:22:00.000Z","1652667720",
"2551","22b77d7829c68dcd","E2:1F:7B:35:CC:08","9.696969696969697","0","0.78125","0","165","2022-05-16T02:23:00.000Z","1652667780",
"2551","22b77d7829c68dcd","E2:1F:7B:35:CC:08","13.333333333333334","0","0.78125","0","165","2022-05-16T02:24:00.000Z","1652667840",
"2551","22b77d7829c68dcd","E2:1F:7B:35:CC:08","10.909090909090908","0","0.78125","0","165","2022-05-16T02:25:00.000Z","1652667900",
"2551","22b77d7829c68dcd","E2:1F:7B:35:CC:08","8.484848484848484","0","0.78125","0","165","2022-05-16T02:26:00.000Z","1652667960",
"2551","22b77d7829c68dcd","E2:1F:7B:35:CC:08","7.2727272727272725","0","0.7440476190476191","0","165","2022-05-16T02:27:00.000Z","1652668020",
"2551","22b77d7829c68dcd","E2:1F:7B:35:CC:08","20.606060606060606","1","0.9765625","0","165","2022-05-16T02:28:00.000Z","1652668080",
"2551","22b77d7829c68dcd","E2:1F:7B:35:CC:08","9.696969696969697","0","0.9765625","0","165","2022-05-16T02:29:00.000Z","1652668140",
"2551","22b77d7829c68dcd","E2:1F:7B:35:CC:08","6.0606060606060606","0","0.9765625","0","165","2022-05-16T02:30:00.000Z","1652668200",
"2551","22b77d7829c68dcd","E2:1F:7B:35:CC:08","6.0606060606060606","0","1.0416666666666667","0","165","2022-05-16T02:31:00.000Z","1652668260",
"2551","22b77d7829c68dcd","E2:1F:7B:35:CC:08","9.696969696969697","0","0.7440476190476191","4","165","2022-05-16T02:32:00.000Z","1652668320",
"2551","22b77d7829c68dcd","E2:1F:7B:35:CC:08","10.909090909090908","0","0.7440476190476191","0","165","2022-05-16T02:33:00.000Z","1652668380",
"2551","22b77d7829c68dcd","E2:1F:7B:35:CC:08","16.96969696969697","1","0.7440476190476191","0","165","2022-05-16T02:34:00.000Z","1652668440",
"2551","22b77d7829c68dcd","E2:1F:7B:35:CC:08","21.818181818181817","1","0.7440476190476191","0","165","2022-05-16T02:35:00.000Z","1652668500",
"2551","22b77d7829c68dcd","E2:1F:7B:35:CC:08","26.666666666666668","3","0.7440476190476191","0","165","2022-05-16T02:36:00.000Z","1652668560",
"2551","22b77d7829c68dcd","E2:1F:7B:35:CC:08","32.72727272727273","0","0.7102272727272727","0","165","2022-05-16T02:37:00.000Z","1652668620",
"2551","22b77d7829c68dcd","E2:1F:7B:35:CC:08","26.666666666666668","3","0.8680555555555556","1","165","2022-05-16T02:38:00.000Z","1652668680",
"2551","22b77d7829c68dcd","E2:1F:7B:35:CC:08","20.606060606060606","0","0.9191176470588235","0","165","2022-05-16T02:39:00.000Z","1652668740",
"2551","22b77d7829c68dcd","E2:1F:7B:35:CC:08","10.909090909090908","0","0.9765625","0","165","2022-05-16T02:40:00.000Z","1652668800",
"2551","22b77d7829c68dcd","E2:1F:7B:35:CC:08","7.2727272727272725","0","1.0416666666666667","0","165","2022-05-16T02:41:00.000Z","1652668860",
"2551","22b77d7829c68dcd","E2:1F:7B:35:CC:08","4.848484848484849","0","1.0416666666666667","0","165","2022-05-16T02:42:00.000Z","1652668920",
"2551","22b77d7829c68dcd","E2:1F:7B:35:CC:08","3.6363636363636362","0","1.1160714285714286","0","165","2022-05-16T02:43:00.000Z","1652668980",
"2551","22b77d7829c68dcd","E2:1F:7B:35:CC:08","6.0606060606060606","0","1.1160714285714286","0","165","2022-05-16T02:44:00.000Z","1652669040",
"2551","22b77d7829c68dcd","E2:1F:7B:35:CC:08","7.2727272727272725","0","0.8680555555555556","0","165","2022-05-16T02:45:00.000Z","1652669100",
"2551","22b77d7829c68dcd","E2:1F:7B:35:CC:08","26.666666666666668","1","0.9191176470588235","0","165","2022-05-16T02:46:00.000Z","1652669160",
"2551","22b77d7829c68dcd","E2:1F:7B:35:CC:08","13.333333333333334","0","0.9765625","0","165","2022-05-16T02:47:00.000Z","1652669220",
"2551","22b77d7829c68dcd","E2:1F:7B:35:CC:08","6.0606060606060606","0","0.9765625","0","165","2022-05-16T02:48:00.000Z","1652669280",
"2551","22b77d7829c68dcd","E2:1F:7B:35:CC:08","3.6363636363636362","0","0.9765625","0","165","2022-05-16T02:49:00.000Z","1652669340",
"2551","22b77d7829c68dcd","E2:1F:7B:35:CC:08","3.6363636363636362","0","1.0416666666666667","0","165","2022-05-16T02:50:00.000Z","1652669400",
"2551","22b77d7829c68dcd","E2:1F:7B:35:CC:08","2.4242424242424243","0","1.0416666666666667","0","165","2022-05-16T02:51:00.000Z","1652669460",
"2551","22b77d7829c68dcd","E2:1F:7B:35:CC:08","2.4242424242424243","0","1.0416666666666667","0","165","2022-05-16T02:52:00.000Z","1652669520",
"2551","22b77d7829c68dcd","E2:1F:7B:35:CC:08","2.4242424242424243","0","1.0416666666666667","0","165","2022-05-16T02:53:00.000Z","1652669580",
"2551","22b77d7829c68dcd","E2:1F:7B:35:CC:08","3.6363636363636362","0","1.1160714285714286","0","165","2022-05-16T02:54:00.000Z","1652669640",
"2551","22b77d7829c68dcd","E2:1F:7B:35:CC:08","3.6363636363636362","0","1.1160714285714286","0","165","2022-05-16T02:55:00.000Z","1652669700",
"2551","22b77d7829c68dcd","E2:1F:7B:35:CC:08","3.6363636363636362","0","1.1160714285714286","0","165","2022-05-16T02:56:00.000Z","1652669760",
"2551","22b77d7829c68dcd","E2:1F:7B:35:CC:08","13.333333333333334","2","0.78125","0","165","2022-05-16T02:57:00.000Z","1652669820",
"2551","22b77d7829c68dcd","E2:1F:7B:35:CC:08","46.06060606060606","7","1.0416666666666667","0","165","2022-05-16T02:58:00.000Z","1652669880",
"2551","22b77d7829c68dcd","E2:1F:7B:35:CC:08","67.87878787878788","9","1.0416666666666667","2","165","2022-05-16T02:59:00.000Z","1652669940",
"2551","22b77d7829c68dcd","E2:1F:7B:35:CC:08","73.93939393939394","6","1.1160714285714286","0","165","2022-05-16T03:00:00.000Z","1652670000",
"2551","22b77d7829c68dcd","E2:1F:7B:35:CC:08","77.57575757575758","0","0.9191176470588235","0","165","2022-05-16T03:01:00.000Z","1652670060",
"2551","22b77d7829c68dcd","E2:1F:7B:35:CC:08","52.121212121212125","0","0.8223684210526315","0","165","2022-05-16T03:02:00.000Z","1652670120",
"2551","22b77d7829c68dcd","E2:1F:7B:35:CC:08","33.93939393939394","1","0.78125","0","165","2022-05-16T03:03:00.000Z","1652670180",
"2551","22b77d7829c68dcd","E2:1F:7B:35:CC:08","26.666666666666668","1","0.78125","0","165","2022-05-16T03:04:00.000Z","1652670240",
"2551","22b77d7829c68dcd","E2:1F:7B:35:CC:08","49.696969696969695","6","0.78125","0","165","2022-05-16T03:05:00.000Z","1652670300",
"2551","22b77d7829c68dcd","E2:1F:7B:35:CC:08","52.121212121212125","5","0.8223684210526315","0","165","2022-05-16T03:06:00.000Z","1652670360",
"2551","22b77d7829c68dcd","E2:1F:7B:35:CC:08","54.54545454545455","3","0.6793478260869565","0","165","2022-05-16T03:07:00.000Z","1652670420",
"2551","22b77d7829c68dcd","E2:1F:7B:35:CC:08","65.45454545454545","8","0.8223684210526315","0","165","2022-05-16T03:08:00.000Z","1652670480",
"2551","22b77d7829c68dcd","E2:1F:7B:35:CC:08","69.0909090909091","5","0.78125","0","165","2022-05-16T03:09:00.000Z","1652670540",
"2551","22b77d7829c68dcd","E2:1F:7B:35:CC:08","65.45454545454545","0","0.6510416666666666","0","165","2022-05-16T03:10:00.000Z","1652670600",
"2551","22b77d7829c68dcd","E2:1F:7B:35:CC:08","42.42424242424242","1","0.5787037037037037","0","165","2022-05-16T03:11:00.000Z","1652670660",
"2551","22b77d7829c68dcd","E2:1F:7B:35:CC:08","23.03030303030303","0","0.5580357142857143","0","165","2022-05-16T03:12:00.000Z","1652670720",
"2551","22b77d7829c68dcd","E2:1F:7B:35:CC:08","15.757575757575758","0","0.5387931034482759","0","165","2022-05-16T03:13:00.000Z","1652670780",
"2551","22b77d7829c68dcd","E2:1F:7B:35:CC:08","9.696969696969697","0","0.5208333333333334","0","165","2022-05-16T03:14:00.000Z","1652670840",
"2551","22b77d7829c68dcd","E2:1F:7B:35:CC:08","12.121212121212121","1","0.5387931034482759","0","165","2022-05-16T03:15:00.000Z","1652670900",
"2551","22b77d7829c68dcd","E2:1F:7B:35:CC:08","9.696969696969697","0","0.5208333333333334","0","165","2022-05-16T03:16:00.000Z","1652670960",
"2551","22b77d7829c68dcd","E2:1F:7B:35:CC:08","7.2727272727272725","0","0.5040322580645161","0","165","2022-05-16T03:17:00.000Z","1652671020",
"2551","22b77d7829c68dcd","E2:1F:7B:35:CC:08","12.121212121212121","1","0.5208333333333334","0","165","2022-05-16T03:18:00.000Z","1652671080",
"2551","22b77d7829c68dcd","E2:1F:7B:35:CC:08","12.121212121212121","1","0.4222972972972973","1","165","2022-05-16T03:19:00.000Z","1652671140",
"2551","22b77d7829c68dcd","E2:1F:7B:35:CC:08","49.696969696969695","5","0.5787037037037037","0","165","2022-05-16T03:20:00.000Z","1652671200",
"2551","22b77d7829c68dcd","E2:1F:7B:35:CC:08","77.57575757575758","12","0.8223684210526315","0","165","2022-05-16T03:21:00.000Z","1652671260",
"2551","22b77d7829c68dcd","E2:1F:7B:35:CC:08","83.63636363636364","4","0.9191176470588235","0","165","2022-05-16T03:22:00.000Z","1652671320",
"2551","22b77d7829c68dcd","E2:1F:7B:35:CC:08","87.27272727272727","7","0.9191176470588235","0","165","2022-05-16T03:23:00.000Z","1652671380",
"2551","22b77d7829c68dcd","E2:1F:7B:35:CC:08","100","9","1.0416666666666667","0","165","2022-05-16T03:24:00.000Z","1652671440",
"2551","22b77d7829c68dcd","E2:1F:7B:35:CC:08","100","4","1.0416666666666667","0","165","2022-05-16T03:25:00.000Z","1652671500",
"2551","22b77d7829c68dcd","E2:1F:7B:35:CC:08","98.18181818181819","6","0.9765625","0","165","2022-05-16T03:26:00.000Z","1652671560",
"2551","22b77d7829c68dcd","E2:1F:7B:35:CC:08","84.84848484848484","4","0.9191176470588235","0","165","2022-05-16T03:27:00.000Z","1652671620",
"2551","22b77d7829c68dcd","E2:1F:7B:35:CC:08","92.12121212121212","5","0.9765625","0","165","2022-05-16T03:28:00.000Z","1652671680",
"2551","22b77d7829c68dcd","E2:1F:7B:35:CC:08","93.33333333333333","4","0.9765625","0","165","2022-05-16T03:29:00.000Z","1652671740",
"2551","22b77d7829c68dcd","E2:1F:7B:35:CC:08","90.9090909090909","7","1.0416666666666667","0","165","2022-05-16T03:30:00.000Z","1652671800",
"2551","22b77d7829c68dcd","E2:1F:7B:35:CC:08","99.39393939393939","5","1.0416666666666667","0","165","2022-05-16T03:31:00.000Z","1652671860",
"2551","22b77d7829c68dcd","E2:1F:7B:35:CC:08","100","3","1.1160714285714286","0","165","2022-05-16T03:32:00.000Z","1652671920",
"2551","22b77d7829c68dcd","E2:1F:7B:35:CC:08","100","6","1.1160714285714286","0","165","2022-05-16T03:33:00.000Z","1652671980",
"2551","22b77d7829c68dcd","E2:1F:7B:35:CC:08","100","8","1.2019230769230769","0","165","2022-05-16T03:34:00.000Z","1652672040",
"2551","22b77d7829c68dcd","E2:1F:7B:35:CC:08","100","9","1.5625","0","165","2022-05-16T03:35:00.000Z","1652672100",
"2551","22b77d7829c68dcd","E2:1F:7B:35:CC:08","100","6","1.5625","0","165","2022-05-16T03:36:00.000Z","1652672160",
"2551","22b77d7829c68dcd","E2:1F:7B:35:CC:08","100","8","1.5625","0","165","2022-05-16T03:37:00.000Z","1652672220",
"2551","22b77d7829c68dcd","E2:1F:7B:35:CC:08","100","8","1.5625","0","165","2022-05-16T03:38:00.000Z","1652672280",
"2551","22b77d7829c68dcd","E2:1F:7B:35:CC:08","100","9","1.7361111111111112","0","165","2022-05-16T03:39:00.000Z","1652672340",
"2551","22b77d7829c68dcd","E2:1F:7B:35:CC:08","98.18181818181819","6","1.7361111111111112","0","165","2022-05-16T03:40:00.000Z","1652672400",
"2551","22b77d7829c68dcd","E2:1F:7B:35:CC:08","100","8","1.7361111111111112","0","165","2022-05-16T03:41:00.000Z","1652672460",
"2551","22b77d7829c68dcd","E2:1F:7B:35:CC:08","100","7","1.953125","0","165","2022-05-16T03:42:00.000Z","1652672520",
"2551","22b77d7829c68dcd","E2:1F:7B:35:CC:08","99.39393939393939","8","1.953125","0","165","2022-05-16T03:43:00.000Z","1652672580",
"2551","22b77d7829c68dcd","E2:1F:7B:35:CC:08","100","6","2.232142857142857","0","165","2022-05-16T03:44:00.000Z","1652672640",
"2551","22b77d7829c68dcd","E2:1F:7B:35:CC:08","100","8","2.232142857142857","0","165","2022-05-16T03:45:00.000Z","1652672700",
"2551","22b77d7829c68dcd","E2:1F:7B:35:CC:08","99.39393939393939","10","2.232142857142857","0","165","2022-05-16T03:46:00.000Z","1652672760",
"2551","22b77d7829c68dcd","E2:1F:7B:35:CC:08","95.75757575757575","6","2.232142857142857","0","165","2022-05-16T03:47:00.000Z","1652672820",
"2551","22b77d7829c68dcd","E2:1F:7B:35:CC:08","80","6","2.232142857142857","0","165","2022-05-16T03:48:00.000Z","1652672880",
"2551","22b77d7829c68dcd","E2:1F:7B:35:CC:08","90.9090909090909","10","2.232142857142857","0","165","2022-05-16T03:49:00.000Z","1652672940",
"2551","22b77d7829c68dcd","E2:1F:7B:35:CC:08","83.63636363636364","6","2.232142857142857","0","165","2022-05-16T03:50:00.000Z","1652673000",
"2551","22b77d7829c68dcd","E2:1F:7B:35:CC:08","100","7","2.6041666666666665","0","165","2022-05-16T03:51:00.000Z","1652673060",
"2551","22b77d7829c68dcd","E2:1F:7B:35:CC:08","100","6","2.6041666666666665","0","165","2022-05-16T03:52:00.000Z","1652673120",
"2551","22b77d7829c68dcd","E2:1F:7B:35:CC:08","94.54545454545455","5","2.232142857142857","0","165","2022-05-16T03:53:00.000Z","1652673180",
"2551","22b77d7829c68dcd","E2:1F:7B:35:CC:08","100","9","3.125","0","165","2022-05-16T03:54:00.000Z","1652673240",
"2551","22b77d7829c68dcd","E2:1F:7B:35:CC:08","83.63636363636364","9","3.90625","0","165","2022-05-16T03:55:00.000Z","1652673300",
"2551","22b77d7829c68dcd","E2:1F:7B:35:CC:08","75.15151515151516","6","5.208333333333333","0","165","2022-05-16T03:56:00.000Z","1652673360",
"2551","22b77d7829c68dcd","E2:1F:7B:35:CC:08","65.45454545454545","12","3.125","0","165","2022-05-16T03:57:00.000Z","1652673420",
"2551","22b77d7829c68dcd","E2:1F:7B:35:CC:08","54.54545454545455","4","3.125","0","165","2022-05-16T03:58:00.000Z","1652673480",
"2551","22b77d7829c68dcd","E2:1F:7B:35:CC:08","66.66666666666667","5","1.5625","2","165","2022-05-16T03:59:00.000Z","1652673540",
"2551","22b77d7829c68dcd","E2:1F:7B:35:CC:08","76.36363636363636","4","1.4204545454545454","0","165","2022-05-16T04:00:00.000Z","1652673600",
"2551","22b77d7829c68dcd","E2:1F:7B:35:CC:08","70.3030303030303","0","1.1160714285714286","0","165","2022-05-16T04:01:00.000Z","1652673660",
"2551","22b77d7829c68dcd","E2:1F:7B:35:CC:08","66.66666666666667","5","1.2019230769230769","0","165","2022-05-16T04:02:00.000Z","1652673720",
"2551","22b77d7829c68dcd","E2:1F:7B:35:CC:08","52.121212121212125","1","1.0416666666666667","0","165","2022-05-16T04:03:00.000Z","1652673780",
"2551","22b77d7829c68dcd","E2:1F:7B:35:CC:08","40","0","0.9765625","0","165","2022-05-16T04:04:00.000Z","1652673840",
"2551","22b77d7829c68dcd","E2:1F:7B:35:CC:08","30.303030303030305","0","0.8680555555555556","0","165","2022-05-16T04:05:00.000Z","1652673900",
"2551","22b77d7829c68dcd","E2:1F:7B:35:CC:08","24.242424242424242","0","0.8680555555555556","0","165","2022-05-16T04:06:00.000Z","1652673960",
"2551","22b77d7829c68dcd","E2:1F:7B:35:CC:08","21.818181818181817","0","0.78125","0","165","2022-05-16T04:07:00.000Z","1652674020",
"2551","22b77d7829c68dcd","E2:1F:7B:35:CC:08","16.96969696969697","0","0.7440476190476191","0","165","2022-05-16T04:08:00.000Z","1652674080",
"2551","22b77d7829c68dcd","E2:1F:7B:35:CC:08","14.545454545454545","0","0.7440476190476191","0","165","2022-05-16T04:09:00.000Z","1652674140",
"2551","22b77d7829c68dcd","E2:1F:7B:35:CC:08","38.78787878787879","4","0.6793478260869565","0","165","2022-05-16T04:10:00.000Z","1652674200",
"2551","22b77d7829c68dcd","E2:1F:7B:35:CC:08","37.57575757575758","2","0.78125","0","165","2022-05-16T04:11:00.000Z","1652674260",
"2551","22b77d7829c68dcd","E2:1F:7B:35:CC:08","35.15151515151515","2","0.8223684210526315","0","165","2022-05-16T04:12:00.000Z","1652674320",
"2551","22b77d7829c68dcd","E2:1F:7B:35:CC:08","27.87878787878788","0","0.8223684210526315","0","165","2022-05-16T04:13:00.000Z","1652674380",
"2551","22b77d7829c68dcd","E2:1F:7B:35:CC:08","30.303030303030305","1","0.8223684210526315","0","165","2022-05-16T04:14:00.000Z","1652674440",
"2551","22b77d7829c68dcd","E2:1F:7B:35:CC:08","36.36363636363637","3","0.8223684210526315","0","165","2022-05-16T04:15:00.000Z","1652674500",
"2551","22b77d7829c68dcd","E2:1F:7B:35:CC:08","42.42424242424242","6","0.9191176470588235","0","165","2022-05-16T04:16:00.000Z","1652674560",
"2551","22b77d7829c68dcd","E2:1F:7B:35:CC:08","41.21212121212121","2","0.8680555555555556","0","165","2022-05-16T04:17:00.000Z","1652674620",
"2551","22b77d7829c68dcd","E2:1F:7B:35:CC:08","40","5","0.7102272727272727","0","165","2022-05-16T04:18:00.000Z","1652674680",
"2551","22b77d7829c68dcd","E2:1F:7B:35:CC:08","66.66666666666667","7","0.7440476190476191","0","165","2022-05-16T04:19:00.000Z","1652674740",
"2551","22b77d7829c68dcd","E2:1F:7B:35:CC:08","81.21212121212122","7","0.8680555555555556","0","165","2022-05-16T04:20:00.000Z","1652674800",
"2551","22b77d7829c68dcd","E2:1F:7B:35:CC:08","100","5","0.9765625","0","165","2022-05-16T04:21:00.000Z","1652674860",
"2551","22b77d7829c68dcd","E2:1F:7B:35:CC:08","77.57575757575758","3","0.9765625","0","165","2022-05-16T04:22:00.000Z","1652674920",
"2551","22b77d7829c68dcd","E2:1F:7B:35:CC:08","55.75757575757576","0","0.8680555555555556","0","165","2022-05-16T04:23:00.000Z","1652674980",
"2551","22b77d7829c68dcd","E2:1F:7B:35:CC:08","40","1","0.8680555555555556","0","165","2022-05-16T04:24:00.000Z","1652675040",
"2551","22b77d7829c68dcd","E2:1F:7B:35:CC:08","47.27272727272727","3","0.9765625","0","165","2022-05-16T04:25:00.000Z","1652675100",
"2551","22b77d7829c68dcd","E2:1F:7B:35:CC:08","84.84848484848484","4","1.0416666666666667","0","165","2022-05-16T04:26:00.000Z","1652675160",
"2551","22b77d7829c68dcd","E2:1F:7B:35:CC:08","60.60606060606061","0","0.9191176470588235","0","165","2022-05-16T04:27:00.000Z","1652675220",
"2551","22b77d7829c68dcd","E2:1F:7B:35:CC:08","46.06060606060606","2","0.5580357142857143","1","165","2022-05-16T04:28:00.000Z","1652675280",
"2551","22b77d7829c68dcd","E2:1F:7B:35:CC:08","53.333333333333336","3","0.48828125","0","165","2022-05-16T04:29:00.000Z","1652675340",
"2551","22b77d7829c68dcd","E2:1F:7B:35:CC:08","53.333333333333336","3","0.45955882352941174","8","165","2022-05-16T04:30:00.000Z","1652675400",
"2551","22b77d7829c68dcd","E2:1F:7B:35:CC:08","76.36363636363636","8","0.13354700854700854","9","165","2022-05-16T05:07:00.000Z","1652677620",
"2551","22b77d7829c68dcd","E2:1F:7B:35:CC:08","78.78787878787878","10","0.14076576576576577","23","165","2022-05-16T05:08:00.000Z","1652677680",
"2551","22b77d7829c68dcd","E2:1F:7B:35:CC:08","71.51515151515152","6","0.10279605263157894","19","165","2022-05-16T05:09:00.000Z","1652677740",
"2551","22b77d7829c68dcd","E2:1F:7B:35:CC:08","66.66666666666667","2","0.10775862068965517","11","165","2022-05-16T05:10:00.000Z","1652677800",
"2551","22b77d7829c68dcd","E2:1F:7B:35:CC:08","69.0909090909091","6","0.12400793650793651","0","165","2022-05-16T05:11:00.000Z","1652677860",
"2551","22b77d7829c68dcd","E2:1F:7B:35:CC:08","60.60606060606061","4","0.11160714285714286","1","165","2022-05-16T05:12:00.000Z","1652677920",
"2551","22b77d7829c68dcd","E2:1F:7B:35:CC:08","49.696969696969695","11","0.07006726457399103","4","165","2022-05-16T05:17:00.000Z","1652678220",
"2551","22b77d7829c68dcd","E2:1F:7B:35:CC:08","54.54545454545455","11","0.09585889570552147","0","165","2022-05-16T05:19:00.000Z","1652678340",
"2551","22b77d7829c68dcd","E2:1F:7B:35:CC:08","43.63636363636363","3","0.10926573426573427","0","165","2022-05-16T05:20:00.000Z","1652678400",
"2551","22b77d7829c68dcd","E2:1F:7B:35:CC:08","33.93939393939394","1","0.125","0","165","2022-05-16T05:21:00.000Z","1652678460",
"2551","22b77d7829c68dcd","E2:1F:7B:35:CC:08","31.515151515151516","2","0.07038288288288289","0","165","2022-05-16T05:32:00.000Z","1652679120",
"2551","22b77d7829c68dcd","E2:1F:7B:35:CC:08","42.42424242424242","9","0.08538251366120218","0","165","2022-05-16T05:33:00.000Z","1652679180",
"2551","22b77d7829c68dcd","E2:1F:7B:35:CC:08","25.454545454545453","0","0.09137426900584796","0","165","2022-05-16T05:34:00.000Z","1652679240",
"2551","22b77d7829c68dcd","E2:1F:7B:35:CC:08","25.454545454545453","2","0.07233796296296297","0","165","2022-05-16T05:35:00.000Z","1652679300",
"2551","22b77d7829c68dcd","E2:1F:7B:35:CC:08","49.696969696969695","3","0.09245562130177515","0","165","2022-05-16T05:36:00.000Z","1652679360",
"2551","22b77d7829c68dcd","E2:1F:7B:35:CC:08","73.93939393939394","4","0.08400537634408602","0","165","2022-05-16T05:37:00.000Z","1652679420",
"2551","22b77d7829c68dcd","E2:1F:7B:35:CC:08","92.12121212121212","4","0.078125","0","165","2022-05-16T05:41:00.000Z","1652679660",
"2551","22b77d7829c68dcd","E2:1F:7B:35:CC:08","75.15151515151516","7","0.08138020833333333","0","165","2022-05-16T05:42:00.000Z","1652679720",
"2551","22b77d7829c68dcd","E2:1F:7B:35:CC:08","42.42424242424242","0","0.09084302325581395","0","165","2022-05-16T05:49:00.000Z","1652680140",
"2551","22b77d7829c68dcd","E2:1F:7B:35:CC:08","58.18181818181818","8","0.1166044776119403","1","165","2022-05-16T05:50:00.000Z","1652680200",
"2551","22b77d7829c68dcd","E2:1F:7B:35:CC:08","92.12121212121212","6","0.08012820512820513","0","165","2022-05-16T05:53:00.000Z","1652680380",
"2551","22b77d7829c68dcd","E2:1F:7B:35:CC:08","69.0909090909091","9","0.08445945945945946","0","165","2022-05-16T05:54:00.000Z","1652680440",
"2551","22b77d7829c68dcd","E2:1F:7B:35:CC:08","66.66666666666667","10","0.08267195767195767","0","165","2022-05-16T05:58:00.000Z","1652680680",
"2551","22b77d7829c68dcd","E2:1F:7B:35:CC:08","58.18181818181818","10","0.1547029702970297","0","165","2022-05-16T06:01:00.000Z","1652680860",
"2551","22b77d7829c68dcd","E2:1F:7B:35:CC:08","38.78787878787879","5","0.16801075268817203","0","165","2022-05-16T06:04:00.000Z","1652681040",
"2551","22b77d7829c68dcd","E2:1F:7B:35:CC:08","36.36363636363637","2","0.14467592592592593","0","165","2022-05-16T06:05:00.000Z","1652681100",
"2551","22b77d7829c68dcd","E2:1F:7B:35:CC:08","70.3030303030303","6","0.11081560283687943","0","165","2022-05-16T06:08:00.000Z","1652681280",
"2551","22b77d7829c68dcd","E2:1F:7B:35:CC:08","49.696969696969695","2","0.08138020833333333","0","165","2022-05-16T06:10:00.000Z","1652681400",
"2551","22b77d7829c68dcd","E2:1F:7B:35:CC:08","46.06060606060606","2","0.0882768361581921","0","165","2022-05-16T06:11:00.000Z","1652681460",
"2551","22b77d7829c68dcd","E2:1F:7B:35:CC:08","72.72727272727273","7","0.10016025641025642","0","165","2022-05-16T06:12:00.000Z","1652681520",
"2551","22b77d7829c68dcd","E2:1F:7B:35:CC:08","82.42424242424242","5","0.09412650602409639","0","165","2022-05-16T06:13:00.000Z","1652681580",
"2551","22b77d7829c68dcd","E2:1F:7B:35:CC:08","75.15151515151516","6","0.078125","0","165","2022-05-16T06:14:00.000Z","1652681640",
"2551","22b77d7829c68dcd","E2:1F:7B:35:CC:08","67.87878787878788","7","0.06913716814159292","0","165","2022-05-16T06:15:00.000Z","1652681700",
"2551","22b77d7829c68dcd","E2:1F:7B:35:CC:08","78.78787878787878","7","0.125","0","165","2022-05-16T06:16:00.000Z","1652681760",
"2551","22b77d7829c68dcd","E2:1F:7B:35:CC:08","75.15151515151516","8","0.12112403100775193","2","165","2022-05-16T06:21:00.000Z","1652682060",
"2551","22b77d7829c68dcd","E2:1F:7B:35:CC:08","42.42424242424242","6","0.10926573426573427","0","165","2022-05-16T06:28:00.000Z","1652682480",
"2551","22b77d7829c68dcd","E2:1F:7B:35:CC:08","42.42424242424242","3","0.12913223140495866","0","165","2022-05-16T06:29:00.000Z","1652682540",
"2551","22b77d7829c68dcd","E2:1F:7B:35:CC:08","31.515151515151516","0","0.10850694444444445","0","165","2022-05-16T06:30:00.000Z","1652682600",
"2551","22b77d7829c68dcd","E2:1F:7B:35:CC:08","44.84848484848485","3","0.09827044025157233","2","165","2022-05-16T06:32:00.000Z","1652682720",
"2551","22b77d7829c68dcd","E2:1F:7B:35:CC:08","37.57575757575758","0","0.08267195767195767","0","165","2022-05-16T06:43:00.000Z","1652683380",
"2551","22b77d7829c68dcd","E2:1F:7B:35:CC:08","26.666666666666668","2","0.0744047619047619","1","165","2022-05-16T06:44:00.000Z","1652683440",
"2551","22b77d7829c68dcd","E2:1F:7B:35:CC:08","36.36363636363637","4","0.11241007194244604","0","165","2022-05-16T06:52:00.000Z","1652683920",
"2551","22b77d7829c68dcd","E2:1F:7B:35:CC:08","71.51515151515152","6","0.12600806451612903","0","165","2022-05-16T06:53:00.000Z","1652683980",
"2551","22b77d7829c68dcd","E2:1F:7B:35:CC:08","100","8","0.15318627450980393","0","165","2022-05-16T06:54:00.000Z","1652684040",
"2551","22b77d7829c68dcd","E2:1F:7B:35:CC:08","100","4","0.062250996015936255","0","165","2022-05-16T06:55:00.000Z","1652684100",
"2551","22b77d7829c68dcd","E2:1F:7B:35:CC:08","80","8","0.11837121212121213","0","165","2022-05-16T07:07:00.000Z","1652684820",
"2551","22b77d7829c68dcd","E2:1F:7B:35:CC:08","100","6","0.13706140350877194","0","165","2022-05-16T07:08:00.000Z","1652684880",
"2551","22b77d7829c68dcd","E2:1F:7B:35:CC:08","77.57575757575758","5","0.143348623853211","0","165","2022-05-16T07:09:00.000Z","1652684940",
"2551","22b77d7829c68dcd","E2:1F:7B:35:CC:08","49.696969696969695","1","0.1502403846153846","0","165","2022-05-16T07:10:00.000Z","1652685000",
"2551","22b77d7829c68dcd","E2:1F:7B:35:CC:08","36.36363636363637","0","0.06764069264069264","1","165","2022-05-16T07:11:00.000Z","1652685060",
"2551","22b77d7829c68dcd","E2:1F:7B:35:CC:08","55.75757575757576","4","0.09084302325581395","4","165","2022-05-16T07:18:00.000Z","1652685480",
"2551","22b77d7829c68dcd","E2:1F:7B:35:CC:08","75.15151515151516","0","0.244140625","2","165","2022-05-16T07:21:00.000Z","1652685660",
"2551","22b77d7829c68dcd","E2:1F:7B:35:CC:08","90.9090909090909","6","0.1736111111111111","2","165","2022-05-16T07:22:00.000Z","1652685720",
"2551","22b77d7829c68dcd","E2:1F:7B:35:CC:08","98.18181818181819","9","0.15169902912621358","2","165","2022-05-16T07:23:00.000Z","1652685780",
"2551","22b77d7829c68dcd","E2:1F:7B:35:CC:08","96.96969696969697","0","0.16983695652173914","4","165","2022-05-16T07:24:00.000Z","1652685840",
"2551","22b77d7829c68dcd","E2:1F:7B:35:CC:08","84.84848484848484","0","0.062250996015936255","4","165","2022-05-16T07:27:00.000Z","1652686020",
"2551","22b77d7829c68dcd","E2:1F:7B:35:CC:08","96.96969696969697","2","0.38109756097560976","0","165","2022-05-16T07:28:00.000Z","1652686080",
"2551","22b77d7829c68dcd","E2:1F:7B:35:CC:08","100","0","0.16447368421052633","1","165","2022-05-16T07:30:00.000Z","1652686200",
"2551","22b77d7829c68dcd","E2:1F:7B:35:CC:08","100","0","0.1736111111111111","4","165","2022-05-16T07:31:00.000Z","1652686260",
"2551","22b77d7829c68dcd","E2:1F:7B:35:CC:08","100","7","0.27901785714285715","4","165","2022-05-16T07:32:00.000Z","1652686320",
"2551","22b77d7829c68dcd","E2:1F:7B:35:CC:08","100","5","0.244140625","2","165","2022-05-16T07:33:00.000Z","1652686380",
"2551","22b77d7829c68dcd","E2:1F:7B:35:CC:08","100","5","0.062250996015936255","4","165","2022-05-16T07:34:00.000Z","1652686440",
"2551","22b77d7829c68dcd","E2:1F:7B:35:CC:08","100","0","0.17755681818181818","5","165","2022-05-16T07:35:00.000Z","1652686500",
"2551","22b77d7829c68dcd","E2:1F:7B:35:CC:08","100","4","0.17755681818181818","0","165","2022-05-16T07:36:00.000Z","1652686560",
"2551","22b77d7829c68dcd","E2:1F:7B:35:CC:08","90.9090909090909","7","0.20833333333333334","0","165","2022-05-16T07:37:00.000Z","1652686620",
"2551","22b77d7829c68dcd","E2:1F:7B:35:CC:08","69.0909090909091","5","0.2170138888888889","0","165","2022-05-16T07:38:00.000Z","1652686680",
"2551","22b77d7829c68dcd","E2:1F:7B:35:CC:08","44.84848484848485","2","0.13354700854700854","0","165","2022-05-16T07:39:00.000Z","1652686740",
"2551","22b77d7829c68dcd","E2:1F:7B:35:CC:08","46.06060606060606","5","0.22977941176470587","0","165","2022-05-16T07:40:00.000Z","1652686800",
"2551","22b77d7829c68dcd","E2:1F:7B:35:CC:08","50.90909090909091","4","0.27901785714285715","1","165","2022-05-16T07:41:00.000Z","1652686860",
"2551","22b77d7829c68dcd","E2:1F:7B:35:CC:08","52.121212121212125","3","0.33967391304347827","0","165","2022-05-16T07:42:00.000Z","1652686920",
"2551","22b77d7829c68dcd","E2:1F:7B:35:CC:08","36.36363636363637","0","0.12303149606299213","1","165","2022-05-16T07:43:00.000Z","1652686980",
"2551","22b77d7829c68dcd","E2:1F:7B:35:CC:08","55.75757575757576","7","0.15943877551020408","0","165","2022-05-16T07:48:00.000Z","1652687280",
"2551","22b77d7829c68dcd","E2:1F:7B:35:CC:08","100","5","0.18825301204819278","0","165","2022-05-16T07:49:00.000Z","1652687340",
"2551","22b77d7829c68dcd","E2:1F:7B:35:CC:08","100","4","0.18382352941176472","0","165","2022-05-16T07:50:00.000Z","1652687400",
"2551","22b77d7829c68dcd","E2:1F:7B:35:CC:08","88.48484848484848","11","0.22977941176470587","0","165","2022-05-16T07:51:00.000Z","1652687460",
"2551","22b77d7829c68dcd","E2:1F:7B:35:CC:08","65.45454545454545","6","0.2648305084745763","0","165","2022-05-16T07:52:00.000Z","1652687520",
"2551","22b77d7829c68dcd","E2:1F:7B:35:CC:08","69.0909090909091","5","0.28935185185185186","0","165","2022-05-16T07:53:00.000Z","1652687580",
"2551","22b77d7829c68dcd","E2:1F:7B:35:CC:08","48.484848484848484","0","0.3125","0","165","2022-05-16T07:54:00.000Z","1652687640",
"2551","22b77d7829c68dcd","E2:1F:7B:35:CC:08","42.42424242424242","2","0.3004807692307692","0","165","2022-05-16T07:55:00.000Z","1652687700",
"2551","22b77d7829c68dcd","E2:1F:7B:35:CC:08","52.121212121212125","7","0.3125","0","165","2022-05-16T07:56:00.000Z","1652687760",
"2551","22b77d7829c68dcd","E2:1F:7B:35:CC:08","80","6","0.1736111111111111","0","165","2022-05-16T07:57:00.000Z","1652687820",
"2551","22b77d7829c68dcd","E2:1F:7B:35:CC:08","94.54545454545455","10","0.23674242424242425","0","165","2022-05-16T07:58:00.000Z","1652687880",
"2551","22b77d7829c68dcd","E2:1F:7B:35:CC:08","76.36363636363636","7","0.27901785714285715","0","165","2022-05-16T07:59:00.000Z","1652687940",
"2551","22b77d7829c68dcd","E2:1F:7B:35:CC:08","83.13253012048193","9","0.1474056603773585","2","166","2022-05-16T08:02:00.000Z","1652688120",
"2551","22b77d7829c68dcd","E2:1F:7B:35:CC:08","83.13253012048193","8","0.15943877551020408","0","166","2022-05-16T08:03:00.000Z","1652688180",
"2551","22b77d7829c68dcd","E2:1F:7B:35:CC:08","79.51807228915662","6","0.1736111111111111","0","166","2022-05-16T08:04:00.000Z","1652688240",
"2551","22b77d7829c68dcd","E2:1F:7B:35:CC:08","83.13253012048193","7","0.16622340425531915","0","166","2022-05-16T08:05:00.000Z","1652688300",
"2551","22b77d7829c68dcd","E2:1F:7B:35:CC:08","75.90361445783132","15","0.20032051282051283","2","166","2022-05-16T08:06:00.000Z","1652688360",
"2551","22b77d7829c68dcd","E2:1F:7B:35:CC:08","73.49397590361446","9","0.12600806451612903","0","166","2022-05-16T08:08:00.000Z","1652688480",
"2551","22b77d7829c68dcd","E2:1F:7B:35:CC:08","80.72289156626506","3","0.12703252032520326","0","166","2022-05-16T08:09:00.000Z","1652688540",
"2551","22b77d7829c68dcd","E2:1F:7B:35:CC:08","83.13253012048193","6","0.15782828282828282","0","166","2022-05-16T08:10:00.000Z","1652688600",
"2551","22b77d7829c68dcd","E2:1F:7B:35:CC:08","67.46987951807229","12","0.16108247422680413","0","166","2022-05-16T08:11:00.000Z","1652688660",
"2551","22b77d7829c68dcd","E2:1F:7B:35:CC:08","67.46987951807229","5","0.1717032967032967","1","166","2022-05-16T08:12:00.000Z","1652688720",
"2551","22b77d7829c68dcd","E2:1F:7B:35:CC:08","53.01204819277108","3","0.19054878048780488","0","166","2022-05-16T08:13:00.000Z","1652688780",
"2551","22b77d7829c68dcd","E2:1F:7B:35:CC:08","57.83132530120482","4","0.1201923076923077","7","166","2022-05-16T08:14:00.000Z","1652688840",
"2551","22b77d7829c68dcd","E2:1F:7B:35:CC:08","96.3855421686747","8","0.15318627450980393","4","166","2022-05-16T08:15:00.000Z","1652688900",
"2551","22b77d7829c68dcd","E2:1F:7B:35:CC:08","100","3","0.16447368421052633","1","166","2022-05-16T08:16:00.000Z","1652688960",
"2551","22b77d7829c68dcd","E2:1F:7B:35:CC:08","95.18072289156626","12","0.2840909090909091","2","166","2022-05-16T08:17:00.000Z","1652689020",
"2551","22b77d7829c68dcd","E2:1F:7B:35:CC:08","93.97590361445783","5","0.1474056603773585","1","166","2022-05-16T08:18:00.000Z","1652689080",
"2551","22b77d7829c68dcd","E2:1F:7B:35:CC:08","98.79518072289157","5","0.20292207792207792","0","166","2022-05-16T08:19:00.000Z","1652689140",
"2551","22b77d7829c68dcd","E2:1F:7B:35:CC:08","84.33734939759036","2","0.22644927536231885","0","166","2022-05-16T08:20:00.000Z","1652689200",
"2551","22b77d7829c68dcd","E2:1F:7B:35:CC:08","91.56626506024097","7","0.2403846153846154","0","166","2022-05-16T08:21:00.000Z","1652689260",
"2551","22b77d7829c68dcd","E2:1F:7B:35:CC:08","62.65060240963855","4","0.2604166666666667","0","166","2022-05-16T08:22:00.000Z","1652689320",
"2551","22b77d7829c68dcd","E2:1F:7B:35:CC:08","34.93975903614458","2","0.2648305084745763","0","166","2022-05-16T08:23:00.000Z","1652689380",
"2551","22b77d7829c68dcd","E2:1F:7B:35:CC:08","28.91566265060241","0","0.2840909090909091","0","166","2022-05-16T08:24:00.000Z","1652689440",
"2551","22b77d7829c68dcd","E2:1F:7B:35:CC:08","33.734939759036145","7","0.2648305084745763","2","166","2022-05-16T08:25:00.000Z","1652689500",
"2551","22b77d7829c68dcd","E2:1F:7B:35:CC:08","54.21686746987952","2","0.2648305084745763","0","166","2022-05-16T08:26:00.000Z","1652689560",
"2551","22b77d7829c68dcd","E2:1F:7B:35:CC:08","54.21686746987952","5","0.27901785714285715","0","166","2022-05-16T08:27:00.000Z","1652689620",
"2551","22b77d7829c68dcd","E2:1F:7B:35:CC:08","65.06024096385542","3","0.13354700854700854","0","166","2022-05-16T08:31:00.000Z","1652689860",
"2551","22b77d7829c68dcd","E2:1F:7B:35:CC:08","73.49397590361446","9","0.1547029702970297","1","166","2022-05-16T08:32:00.000Z","1652689920",
"2551","22b77d7829c68dcd","E2:1F:7B:35:CC:08","74.6987951807229","9","0.16622340425531915","1","166","2022-05-16T08:33:00.000Z","1652689980",
"2551","22b77d7829c68dcd","E2:1F:7B:35:CC:08","62.65060240963855","7","0.20833333333333334","0","166","2022-05-16T08:34:00.000Z","1652690040",
"2551","22b77d7829c68dcd","E2:1F:7B:35:CC:08","89.1566265060241","8","0.22007042253521128","1","166","2022-05-16T08:35:00.000Z","1652690100",
"2551","22b77d7829c68dcd","E2:1F:7B:35:CC:08","80.72289156626506","2","0.3324468085106383","1","166","2022-05-16T08:36:00.000Z","1652690160",
"2551","22b77d7829c68dcd","E2:1F:7B:35:CC:08","89.1566265060241","9","0.21404109589041095","0","166","2022-05-16T08:37:00.000Z","1652690220",
"2551","22b77d7829c68dcd","E2:1F:7B:35:CC:08","92.7710843373494","6","0.2604166666666667","0","166","2022-05-16T08:38:00.000Z","1652690280",
"2551","22b77d7829c68dcd","E2:1F:7B:35:CC:08","68.67469879518072","3","0.2604166666666667","1","166","2022-05-16T08:39:00.000Z","1652690340",
"2551","22b77d7829c68dcd","E2:1F:7B:35:CC:08","100","4","0.18825301204819278","0","166","2022-05-16T08:40:00.000Z","1652690400",
"2551","22b77d7829c68dcd","E2:1F:7B:35:CC:08","100","8","0.21404109589041095","0","166","2022-05-16T08:41:00.000Z","1652690460",
"2551","22b77d7829c68dcd","E2:1F:7B:35:CC:08","73.49397590361446","12","0.21114864864864866","1","166","2022-05-16T08:42:00.000Z","1652690520",
"2551","22b77d7829c68dcd","E2:1F:7B:35:CC:08","62.65060240963855","9","0.19054878048780488","0","166","2022-05-16T08:43:00.000Z","1652690580",
"2551","22b77d7829c68dcd","E2:1F:7B:35:CC:08","68.67469879518072","5","0.2170138888888889","0","166","2022-05-16T08:44:00.000Z","1652690640",
"2551","22b77d7829c68dcd","E2:1F:7B:35:CC:08","51.80722891566265","7","0.21404109589041095","0","166","2022-05-16T08:45:00.000Z","1652690700",
"2551","22b77d7829c68dcd","E2:1F:7B:35:CC:08","54.21686746987952","9","0.23674242424242425","0","166","2022-05-16T08:46:00.000Z","1652690760",
"2551","22b77d7829c68dcd","E2:1F:7B:35:CC:08","37.34939759036145","6","0.24801587301587302","0","166","2022-05-16T08:47:00.000Z","1652690820",
"2551","22b77d7829c68dcd","E2:1F:7B:35:CC:08","34.93975903614458","8","0.24801587301587302","0","166","2022-05-16T08:48:00.000Z","1652690880",
"2551","22b77d7829c68dcd","E2:1F:7B:35:CC:08","39.75903614457831","3","0.22977941176470587","0","166","2022-05-16T08:49:00.000Z","1652690940",
"2551","22b77d7829c68dcd","E2:1F:7B:35:CC:08","53.01204819277108","11","0.22321428571428573","1","166","2022-05-16T08:50:00.000Z","1652691000",
"2551","22b77d7829c68dcd","E2:1F:7B:35:CC:08","81.92771084337349","7","0.25614754098360654","1","166","2022-05-16T08:51:00.000Z","1652691060",
"2551","22b77d7829c68dcd","E2:1F:7B:35:CC:08","49.397590361445786","2","0.26939655172413796","0","166","2022-05-16T08:52:00.000Z","1652691120",
"2551","22b77d7829c68dcd","E2:1F:7B:35:CC:08","36.144578313253014","4","0.26939655172413796","0","166","2022-05-16T08:53:00.000Z","1652691180",
"2551","22b77d7829c68dcd","E2:1F:7B:35:CC:08","44.57831325301205","5","0.20292207792207792","1","166","2022-05-16T08:54:00.000Z","1652691240",
"2551","22b77d7829c68dcd","E2:1F:7B:35:CC:08","46.98795180722892","0","0.1166044776119403","7","166","2022-05-16T08:55:00.000Z","1652691300",
"2551","22b77d7829c68dcd","E2:1F:7B:35:CC:08","53.01204819277108","12","0.2332089552238806","5","166","2022-05-16T08:56:00.000Z","1652691360",
"2551","22b77d7829c68dcd","E2:1F:7B:35:CC:08","55.42168674698795","12","0.2741228070175439","0","166","2022-05-16T08:57:00.000Z","1652691420",
"2551","22b77d7829c68dcd","E2:1F:7B:35:CC:08","62.65060240963855","2","0.22644927536231885","0","166","2022-05-16T08:58:00.000Z","1652691480",
"2551","22b77d7829c68dcd","E2:1F:7B:35:CC:08","57.83132530120482","2","0.22644927536231885","0","166","2022-05-16T08:59:00.000Z","1652691540",
"2551","22b77d7829c68dcd","E2:1F:7B:35:CC:08","63.855421686746986","11","0.22977941176470587","0","166","2022-05-16T09:00:00.000Z","1652691600",
"2551","22b77d7829c68dcd","E2:1F:7B:35:CC:08","67.46987951807229","2","0.14467592592592593","5","166","2022-05-16T09:01:00.000Z","1652691660",
"2551","22b77d7829c68dcd","E2:1F:7B:35:CC:08","65.06024096385542","4","0.1816860465116279","0","166","2022-05-16T09:02:00.000Z","1652691720",
"2551","22b77d7829c68dcd","E2:1F:7B:35:CC:08","65.06024096385542","6","0.2170138888888889","4","166","2022-05-16T09:03:00.000Z","1652691780",
"2551","22b77d7829c68dcd","E2:1F:7B:35:CC:08","66.26506024096386","7","0.13130252100840337","1","166","2022-05-16T09:04:00.000Z","1652691840",
"2551","22b77d7829c68dcd","E2:1F:7B:35:CC:08","95.18072289156626","7","0.18601190476190477","2","166","2022-05-16T09:05:00.000Z","1652691900",
"2551","22b77d7829c68dcd","E2:1F:7B:35:CC:08","100","9","0.1736111111111111","1","166","2022-05-16T09:06:00.000Z","1652691960",
"2551","22b77d7829c68dcd","E2:1F:7B:35:CC:08","86.74698795180723","6","0.1816860465116279","0","166","2022-05-16T09:07:00.000Z","1652692020",
"2551","22b77d7829c68dcd","E2:1F:7B:35:CC:08","59.036144578313255","5","0.16983695652173914","0","166","2022-05-16T09:08:00.000Z","1652692080",
"2551","22b77d7829c68dcd","E2:1F:7B:35:CC:08","69.87951807228916","2","0.19290123456790123","0","166","2022-05-16T09:09:00.000Z","1652692140",
"2551","22b77d7829c68dcd","E2:1F:7B:35:CC:08","86.74698795180723","5","0.16108247422680413","0","166","2022-05-16T09:10:00.000Z","1652692200",
"2551","22b77d7829c68dcd","E2:1F:7B:35:CC:08","63.855421686746986","2","0.15318627450980393","0","166","2022-05-16T09:11:00.000Z","1652692260",
"2551","22b77d7829c68dcd","E2:1F:7B:35:CC:08","71.08433734939759","4","0.13827433628318583","1","166","2022-05-16T09:12:00.000Z","1652692320",
"2551","22b77d7829c68dcd","E2:1F:7B:35:CC:08","91.56626506024097","5","0.15782828282828282","0","166","2022-05-16T09:13:00.000Z","1652692380",
"2551","22b77d7829c68dcd","E2:1F:7B:35:CC:08","96.3855421686747","13","0.13827433628318583","1","166","2022-05-16T09:14:00.000Z","1652692440",
"2551","22b77d7829c68dcd","E2:1F:7B:35:CC:08","81.92771084337349","3","0.15625","0","166","2022-05-16T09:15:00.000Z","1652692500",
"2551","22b77d7829c68dcd","E2:1F:7B:35:CC:08","54.21686746987952","4","0.175561797752809","0","166","2022-05-16T09:16:00.000Z","1652692560",
"2551","22b77d7829c68dcd","E2:1F:7B:35:CC:08","39.75903614457831","7","0.16622340425531915","0","166","2022-05-16T09:17:00.000Z","1652692620",
"2551","22b77d7829c68dcd","E2:1F:7B:35:CC:08","45.78313253012048","7","0.19778481012658228","2","166","2022-05-16T09:18:00.000Z","1652692680",
"2551","22b77d7829c68dcd","E2:1F:7B:35:CC:08","50.602409638554214","4","0.1816860465116279","1","166","2022-05-16T09:19:00.000Z","1652692740",
"2551","22b77d7829c68dcd","E2:1F:7B:35:CC:08","59.036144578313255","3","0.18825301204819278","2","166","2022-05-16T09:20:00.000Z","1652692800",
"2551","22b77d7829c68dcd","E2:1F:7B:35:CC:08","55.42168674698795","3","0.1717032967032967","0","166","2022-05-16T09:21:00.000Z","1652692860",
"2551","22b77d7829c68dcd","E2:1F:7B:35:CC:08","44.57831325301205","3","0.1953125","0","166","2022-05-16T09:22:00.000Z","1652692920",
"2551","22b77d7829c68dcd","E2:1F:7B:35:CC:08","57.83132530120482","5","0.1358695652173913","1","166","2022-05-16T09:23:00.000Z","1652692980",
"2551","22b77d7829c68dcd","E2:1F:7B:35:CC:08","75.90361445783132","6","0.17755681818181818","0","166","2022-05-16T09:24:00.000Z","1652693040",
"2551","22b77d7829c68dcd","E2:1F:7B:35:CC:08","77.10843373493977","3","0.15782828282828282","0","166","2022-05-16T09:25:00.000Z","1652693100",
"2551","22b77d7829c68dcd","E2:1F:7B:35:CC:08","83.13253012048193","8","0.15782828282828282","0","166","2022-05-16T09:26:00.000Z","1652693160",
"2551","22b77d7829c68dcd","E2:1F:7B:35:CC:08","78.3132530120482","10","0.16108247422680413","0","166","2022-05-16T09:27:00.000Z","1652693220",
"2551","22b77d7829c68dcd","E2:1F:7B:35:CC:08","78.3132530120482","10","0.16983695652173914","0","166","2022-05-16T09:28:00.000Z","1652693280",
"2551","22b77d7829c68dcd","E2:1F:7B:35:CC:08","79.51807228915662","7","0.15318627450980393","2","166","2022-05-16T09:29:00.000Z","1652693340",
"2551","22b77d7829c68dcd","E2:1F:7B:35:CC:08","79.51807228915662","0","0.1547029702970297","28","166","2022-05-16T09:30:00.000Z","1652693400",
"2551","22b77d7829c68dcd","E2:1F:7B:35:CC:08","75.90361445783132","6","0.1717032967032967","11","166","2022-05-16T09:31:00.000Z","1652693460",
"2551","22b77d7829c68dcd","E2:1F:7B:35:CC:08","85.5421686746988","7","0.20833333333333334","43","166","2022-05-16T09:32:00.000Z","1652693520",
"2551","22b77d7829c68dcd","E2:1F:7B:35:CC:08","85.5421686746988","11","0.16983695652173914","47","166","2022-05-16T09:33:00.000Z","1652693580",
"2551","22b77d7829c68dcd","E2:1F:7B:35:CC:08","79.51807228915662","7","0.2170138888888889","54","166","2022-05-16T09:34:00.000Z","1652693640",
"2551","22b77d7829c68dcd","E2:1F:7B:35:CC:08","77.10843373493977","7","0.25201612903225806","50","166","2022-05-16T09:35:00.000Z","1652693700",
"2551","22b77d7829c68dcd","E2:1F:7B:35:CC:08","67.46987951807229","5","0.24801587301587302","64","166","2022-05-16T09:36:00.000Z","1652693760",
"2551","22b77d7829c68dcd","E2:1F:7B:35:CC:08","69.87951807228916","5","0.19778481012658228","12","166","2022-05-16T09:37:00.000Z","1652693820",
"2551","22b77d7829c68dcd","E2:1F:7B:35:CC:08","75.90361445783132","3","0.062250996015936255","15","166","2022-05-16T09:38:00.000Z","1652693880",
"2551","22b77d7829c68dcd","E2:1F:7B:35:CC:08","59.036144578313255","6","0.16622340425531915","0","166","2022-05-16T09:41:00.000Z","1652694060",
"2551","22b77d7829c68dcd","E2:1F:7B:35:CC:08","37.34939759036145","1","0.18382352941176472","0","166","2022-05-16T09:42:00.000Z","1652694120",
"2551","22b77d7829c68dcd","E2:1F:7B:35:CC:08","30.120481927710845","0","0.19290123456790123","0","166","2022-05-16T09:43:00.000Z","1652694180",
"2551","22b77d7829c68dcd","E2:1F:7B:35:CC:08","30.120481927710845","2","0.18601190476190477","0","166","2022-05-16T09:44:00.000Z","1652694240",
"2551","22b77d7829c68dcd","E2:1F:7B:35:CC:08","43.373493975903614","4","0.22007042253521128","7","166","2022-05-16T09:45:00.000Z","1652694300",
"2551","22b77d7829c68dcd","E2:1F:7B:35:CC:08","32.53012048192771","0","0.244140625","9","166","2022-05-16T09:46:00.000Z","1652694360",
"2551","22b77d7829c68dcd","E2:1F:7B:35:CC:08","25.301204819277107","0","0.14467592592592593","1","166","2022-05-16T09:47:00.000Z","1652694420",
"2551","22b77d7829c68dcd","E2:1F:7B:35:CC:08","45.78313253012048","4","0.22644927536231885","1","166","2022-05-16T09:48:00.000Z","1652694480",
"2551","22b77d7829c68dcd","E2:1F:7B:35:CC:08","59.036144578313255","9","0.1953125","2","166","2022-05-16T09:49:00.000Z","1652694540",
"2551","22b77d7829c68dcd","E2:1F:7B:35:CC:08","54.21686746987952","8","0.18382352941176472","0","166","2022-05-16T09:50:00.000Z","1652694600",
"2551","22b77d7829c68dcd","E2:1F:7B:35:CC:08","54.21686746987952","9","0.17755681818181818","0","166","2022-05-16T09:51:00.000Z","1652694660",
"2551","22b77d7829c68dcd","E2:1F:7B:35:CC:08","46.98795180722892","5","0.16983695652173914","0","166","2022-05-16T09:52:00.000Z","1652694720",
"2551","22b77d7829c68dcd","E2:1F:7B:35:CC:08","43.373493975903614","4","0.19290123456790123","0","166","2022-05-16T09:53:00.000Z","1652694780",
"2551","22b77d7829c68dcd","E2:1F:7B:35:CC:08","39.75903614457831","5","0.175561797752809","0","166","2022-05-16T09:54:00.000Z","1652694840",
"2551","22b77d7829c68dcd","E2:1F:7B:35:CC:08","42.16867469879518","0","0.17755681818181818","5","166","2022-05-16T09:55:00.000Z","1652694900",
"2551","22b77d7829c68dcd","E2:1F:7B:35:CC:08","48.19277108433735","1","0.1717032967032967","1","166","2022-05-16T09:56:00.000Z","1652694960",
"2551","22b77d7829c68dcd","E2:1F:7B:35:CC:08","55.42168674698795","12","0.16801075268817203","0","166","2022-05-16T09:57:00.000Z","1652695020",
"2551","22b77d7829c68dcd","E2:1F:7B:35:CC:08","57.83132530120482","6","0.31887755102040816","2","166","2022-05-16T09:58:00.000Z","1652695080",
"2551","22b77d7829c68dcd","E2:1F:7B:35:CC:08","67.46987951807229","13","0.16983695652173914","11","166","2022-05-16T09:59:00.000Z","1652695140",
"2551","22b77d7829c68dcd","E2:1F:7B:35:CC:08","71.08433734939759","5","0.12703252032520326","12","166","2022-05-16T10:00:00.000Z","1652695200",
"2551","22b77d7829c68dcd","E2:1F:7B:35:CC:08","71.08433734939759","10","0.1717032967032967","8","166","2022-05-16T10:01:00.000Z","1652695260",
"2551","22b77d7829c68dcd","E2:1F:7B:35:CC:08","86.74698795180723","5","0.12112403100775193","0","166","2022-05-16T10:04:00.000Z","1652695440",
"2551","22b77d7829c68dcd","E2:1F:7B:35:CC:08","90.36144578313252","6","0.11927480916030535","8","166","2022-05-16T10:05:00.000Z","1652695500",
"2551","22b77d7829c68dcd","E2:1F:7B:35:CC:08","83.13253012048193","10","0.20032051282051283","4","166","2022-05-16T10:07:00.000Z","1652695620",
"2551","22b77d7829c68dcd","E2:1F:7B:35:CC:08","54.21686746987952","2","0.20833333333333334","0","166","2022-05-16T10:08:00.000Z","1652695680",
"2551","22b77d7829c68dcd","E2:1F:7B:35:CC:08","56.626506024096386","5","0.1736111111111111","25","166","2022-05-16T10:09:00.000Z","1652695740",
"2551","22b77d7829c68dcd","E2:1F:7B:35:CC:08","66.26506024096386","8","0.12600806451612903","0","166","2022-05-16T10:23:00.000Z","1652696580",
"2551","22b77d7829c68dcd","E2:1F:7B:35:CC:08","89.1566265060241","5","0.12913223140495866","0","166","2022-05-16T10:24:00.000Z","1652696640",
"2551","22b77d7829c68dcd","E2:1F:7B:35:CC:08","83.13253012048193","7","0.062250996015936255","1","166","2022-05-16T10:25:00.000Z","1652696700",
"2551","22b77d7829c68dcd","E2:1F:7B:35:CC:08","81.92771084337349","5","0.062250996015936255","18","166","2022-05-16T10:28:00.000Z","1652696880",
"2551","22b77d7829c68dcd","E2:1F:7B:35:CC:08","97.59036144578313","10","0.08680555555555555","0","166","2022-05-16T11:12:00.000Z","1652699520",
"2551","22b77d7829c68dcd","E2:1F:7B:35:CC:08","100","6","0.3324468085106383","4","166","2022-05-16T11:14:00.000Z","1652699640",
"2551","22b77d7829c68dcd","E2:1F:7B:35:CC:08","100","6","0.062250996015936255","0","166","2022-05-16T11:15:00.000Z","1652699700",
"2551","22b77d7829c68dcd","E2:1F:7B:35:CC:08","100","9","0.0733568075117371","1","166","2022-05-16T11:24:00.000Z","1652700240",
"2551","22b77d7829c68dcd","E2:1F:7B:35:CC:08","100","4","0.244140625","4","166","2022-05-16T11:26:00.000Z","1652700360",
"2551","22b77d7829c68dcd","E2:1F:7B:35:CC:08","100","7","0.7440476190476191","1","166","2022-05-16T11:28:00.000Z","1652700480",
"2551","22b77d7829c68dcd","E2:1F:7B:35:CC:08","100","0","0.48828125","1","166","2022-05-16T11:29:00.000Z","1652700540",
"2551","22b77d7829c68dcd","E2:1F:7B:35:CC:08","100","5","0.40064102564102566","4","166","2022-05-16T11:30:00.000Z","1652700600",
"2551","22b77d7829c68dcd","E2:1F:7B:35:CC:08","100","10","0.26939655172413796","9","166","2022-05-16T11:31:00.000Z","1652700660",
"2551","22b77d7829c68dcd","E2:1F:7B:35:CC:08","98.79518072289157","7","0.143348623853211","1","166","2022-05-16T11:39:00.000Z","1652701140",
"2551","22b77d7829c68dcd","E2:1F:7B:35:CC:08","86.74698795180723","2","0.1488095238095238","0","166","2022-05-16T11:40:00.000Z","1652701200",
"2551","22b77d7829c68dcd","E2:1F:7B:35:CC:08","79.51807228915662","8","0.1717032967032967","0","166","2022-05-16T11:41:00.000Z","1652701260",
"2551","22b77d7829c68dcd","E2:1F:7B:35:CC:08","77.10843373493977","6","0.1358695652173913","2","166","2022-05-16T11:43:00.000Z","1652701380",
"2551","22b77d7829c68dcd","E2:1F:7B:35:CC:08","68.67469879518072","5","0.1488095238095238","0","166","2022-05-16T11:44:00.000Z","1652701440",
"2551","22b77d7829c68dcd","E2:1F:7B:35:CC:08","53.01204819277108","4","0.1547029702970297","0","166","2022-05-16T11:45:00.000Z","1652701500",
"2551","22b77d7829c68dcd","E2:1F:7B:35:CC:08","42.16867469879518","4","0.18382352941176472","0","166","2022-05-16T11:46:00.000Z","1652701560",
"2551","22b77d7829c68dcd","E2:1F:7B:35:CC:08","48.19277108433735","0","0.13020833333333334","0","166","2022-05-16T11:47:00.000Z","1652701620",
"2551","22b77d7829c68dcd","E2:1F:7B:35:CC:08","69.87951807228916","7","0.15318627450980393","1","166","2022-05-16T11:48:00.000Z","1652701680",
"2551","22b77d7829c68dcd","E2:1F:7B:35:CC:08","79.04191616766467","4","0.11160714285714286","0","167","2022-05-16T12:05:00.000Z","1652702700",
"2551","22b77d7829c68dcd","E2:1F:7B:35:CC:08","81.437125748503","0","0.12303149606299213","0","167","2022-05-16T12:06:00.000Z","1652702760",
"2551","22b77d7829c68dcd","E2:1F:7B:35:CC:08","82.63473053892216","3","0.07621951219512195","4","167","2022-05-16T12:07:00.000Z","1652702820",
"2551","22b77d7829c68dcd","E2:1F:7B:35:CC:08","100","5","0.1174812030075188","1","167","2022-05-16T12:09:00.000Z","1652702940",
"2551","22b77d7829c68dcd","E2:1F:7B:35:CC:08","94.61077844311377","2","0.16447368421052633","0","167","2022-05-16T12:10:00.000Z","1652703000",
"2551","22b77d7829c68dcd","E2:1F:7B:35:CC:08","92.21556886227545","8","0.17959770114942528","0","167","2022-05-16T12:11:00.000Z","1652703060",
"2551","22b77d7829c68dcd","E2:1F:7B:35:CC:08","76.64670658682634","8","0.17755681818181818","1","167","2022-05-16T12:12:00.000Z","1652703120",
"2551","22b77d7829c68dcd","E2:1F:7B:35:CC:08","62.275449101796404","2","0.125","0","167","2022-05-16T12:13:00.000Z","1652703180",
"2551","22b77d7829c68dcd","E2:1F:7B:35:CC:08","50.29940119760479","1","0.19778481012658228","0","167","2022-05-16T12:14:00.000Z","1652703240",
"2551","22b77d7829c68dcd","E2:1F:7B:35:CC:08","67.06586826347305","7","0.20032051282051283","1","167","2022-05-16T12:15:00.000Z","1652703300",
"2551","22b77d7829c68dcd","E2:1F:7B:35:CC:08","64.67065868263474","7","0.16276041666666666","0","167","2022-05-16T12:16:00.000Z","1652703360",
"2551","22b77d7829c68dcd","E2:1F:7B:35:CC:08","64.67065868263474","6","0.20292207792207792","1","167","2022-05-16T12:17:00.000Z","1652703420",
"2551","22b77d7829c68dcd","E2:1F:7B:35:CC:08","65.86826347305389","3","0.21404109589041095","1","167","2022-05-16T12:18:00.000Z","1652703480",
"2551","22b77d7829c68dcd","E2:1F:7B:35:CC:08","40.7185628742515","0","0.19290123456790123","1","167","2022-05-16T12:19:00.000Z","1652703540",
"2551","22b77d7829c68dcd","E2:1F:7B:35:CC:08","55.08982035928144","9","0.19054878048780488","0","167","2022-05-16T12:20:00.000Z","1652703600",
"2551","22b77d7829c68dcd","E2:1F:7B:35:CC:08","75.44910179640719","5","0.19054878048780488","1","167","2022-05-16T12:21:00.000Z","1652703660",
"2551","22b77d7829c68dcd","E2:1F:7B:35:CC:08","100","7","0.18382352941176472","0","167","2022-05-16T12:22:00.000Z","1652703720",
"2551","22b77d7829c68dcd","E2:1F:7B:35:CC:08","100","8","0.1717032967032967","5","167","2022-05-16T12:23:00.000Z","1652703780",
"2551","22b77d7829c68dcd","E2:1F:7B:35:CC:08","100","5","0.09585889570552147","0","167","2022-05-16T12:25:00.000Z","1652703900",
"2551","22b77d7829c68dcd","E2:1F:7B:35:CC:08","100","7","0.2170138888888889","0","167","2022-05-16T12:26:00.000Z","1652703960",
"2551","22b77d7829c68dcd","E2:1F:7B:35:CC:08","100","6","0.13354700854700854","0","167","2022-05-16T12:27:00.000Z","1652704020",
"2551","22b77d7829c68dcd","E2:1F:7B:35:CC:08","100","6","0.21114864864864866","0","167","2022-05-16T12:28:00.000Z","1652704080",
"2551","22b77d7829c68dcd","E2:1F:7B:35:CC:08","100","7","0.2170138888888889","2","167","2022-05-16T12:29:00.000Z","1652704140",
"2551","22b77d7829c68dcd","E2:1F:7B:35:CC:08","63.47305389221557","1","0.25614754098360654","0","167","2022-05-16T12:30:00.000Z","1652704200",
"2551","22b77d7829c68dcd","E2:1F:7B:35:CC:08","55.08982035928144","4","0.16622340425531915","0","167","2022-05-16T12:31:00.000Z","1652704260",
"2551","22b77d7829c68dcd","E2:1F:7B:35:CC:08","67.06586826347305","9","0.17755681818181818","0","167","2022-05-16T12:32:00.000Z","1652704320",
"2551","22b77d7829c68dcd","E2:1F:7B:35:CC:08","76.64670658682634","4","0.17959770114942528","0","167","2022-05-16T12:33:00.000Z","1652704380",
"2551","22b77d7829c68dcd","E2:1F:7B:35:CC:08","73.05389221556887","5","0.20833333333333334","0","167","2022-05-16T12:34:00.000Z","1652704440",
"2551","22b77d7829c68dcd","E2:1F:7B:35:CC:08","56.287425149700596","1","0.21114864864864866","0","167","2022-05-16T12:35:00.000Z","1652704500",
"2551","22b77d7829c68dcd","E2:1F:7B:35:CC:08","53.89221556886228","5","0.062250996015936255","0","167","2022-05-16T12:36:00.000Z","1652704560",
"2551","22b77d7829c68dcd","E2:1F:7B:35:CC:08","83.83233532934132","5","0.11574074074074074","0","167","2022-05-16T12:40:00.000Z","1652704800",
"2551","22b77d7829c68dcd","E2:1F:7B:35:CC:08","100","6","0.11574074074074074","0","167","2022-05-16T12:41:00.000Z","1652704860",
"2551","22b77d7829c68dcd","E2:1F:7B:35:CC:08","98.20359281437126","4","0.15318627450980393","1","167","2022-05-16T12:42:00.000Z","1652704920",
"2551","22b77d7829c68dcd","E2:1F:7B:35:CC:08","98.20359281437126","7","0.1816860465116279","0","167","2022-05-16T12:43:00.000Z","1652704980",
"2551","22b77d7829c68dcd","E2:1F:7B:35:CC:08","100","6","0.20292207792207792","0","167","2022-05-16T12:44:00.000Z","1652705040",
"2551","22b77d7829c68dcd","E2:1F:7B:35:CC:08","92.21556886227545","6","0.1953125","0","167","2022-05-16T12:45:00.000Z","1652705100",
"2551","22b77d7829c68dcd","E2:1F:7B:35:CC:08","71.8562874251497","7","0.21404109589041095","0","167","2022-05-16T12:46:00.000Z","1652705160",
"2551","22b77d7829c68dcd","E2:1F:7B:35:CC:08","68.26347305389221","4","0.19290123456790123","1","167","2022-05-16T12:47:00.000Z","1652705220",
"2551","22b77d7829c68dcd","E2:1F:7B:35:CC:08","63.47305389221557","8","0.23674242424242425","1","167","2022-05-16T12:48:00.000Z","1652705280",
"2551","22b77d7829c68dcd","E2:1F:7B:35:CC:08","44.31137724550898","6","0.25614754098360654","1","167","2022-05-16T12:49:00.000Z","1652705340",
"2551","22b77d7829c68dcd","E2:1F:7B:35:CC:08","40.7185628742515","5","0.21114864864864866","1","167","2022-05-16T12:50:00.000Z","1652705400",
"2551","22b77d7829c68dcd","E2:1F:7B:35:CC:08","51.49700598802395","7","0.21404109589041095","0","167","2022-05-16T12:51:00.000Z","1652705460",
"2551","22b77d7829c68dcd","E2:1F:7B:35:CC:08","53.89221556886228","6","0.23674242424242425","1","167","2022-05-16T12:52:00.000Z","1652705520",
"2551","22b77d7829c68dcd","E2:1F:7B:35:CC:08","53.89221556886228","3","0.22644927536231885","0","167","2022-05-16T12:53:00.000Z","1652705580",
"2551","22b77d7829c68dcd","E2:1F:7B:35:CC:08","62.275449101796404","6","0.23674242424242425","0","167","2022-05-16T12:54:00.000Z","1652705640",
"2551","22b77d7829c68dcd","E2:1F:7B:35:CC:08","52.69461077844311","6","0.22644927536231885","1","167","2022-05-16T12:55:00.000Z","1652705700",
"2551","22b77d7829c68dcd","E2:1F:7B:35:CC:08","43.11377245508982","7","0.21114864864864866","0","167","2022-05-16T12:56:00.000Z","1652705760",
"2551","22b77d7829c68dcd","E2:1F:7B:35:CC:08","56.287425149700596","6","0.2332089552238806","1","167","2022-05-16T12:57:00.000Z","1652705820",
"2551","22b77d7829c68dcd","E2:1F:7B:35:CC:08","53.89221556886228","1","0.20833333333333334","1","167","2022-05-16T12:58:00.000Z","1652705880",
"2551","22b77d7829c68dcd","E2:1F:7B:35:CC:08","61.07784431137725","3","0.1736111111111111","0","167","2022-05-16T12:59:00.000Z","1652705940",
"2551","22b77d7829c68dcd","E2:1F:7B:35:CC:08","68.26347305389221","1","0.18825301204819278","1","167","2022-05-16T13:00:00.000Z","1652706000",
"2551","22b77d7829c68dcd","E2:1F:7B:35:CC:08","67.06586826347305","0","0.20032051282051283","2","167","2022-05-16T13:01:00.000Z","1652706060",
"2551","22b77d7829c68dcd","E2:1F:7B:35:CC:08","65.86826347305389","8","0.13827433628318583","0","167","2022-05-16T13:02:00.000Z","1652706120",
"2551","22b77d7829c68dcd","E2:1F:7B:35:CC:08","87.42514970059881","4","0.2604166666666667","0","167","2022-05-16T13:03:00.000Z","1652706180",
"2551","22b77d7829c68dcd","E2:1F:7B:35:CC:08","40.7185628742515","0","0.2648305084745763","0","167","2022-05-16T13:04:00.000Z","1652706240",
"2551","22b77d7829c68dcd","E2:1F:7B:35:CC:08","22.75449101796407","0","0.22321428571428573","0","167","2022-05-16T13:05:00.000Z","1652706300",
"2551","22b77d7829c68dcd","E2:1F:7B:35:CC:08","26.347305389221557","11","0.21114864864864866","2","167","2022-05-16T13:06:00.000Z","1652706360",
"2551","22b77d7829c68dcd","E2:1F:7B:35:CC:08","47.90419161676647","8","0.26939655172413796","0","167","2022-05-16T13:07:00.000Z","1652706420",
"2551","22b77d7829c68dcd","E2:1F:7B:35:CC:08","58.68263473053892","4","0.2741228070175439","0","167","2022-05-16T13:08:00.000Z","1652706480",
"2551","22b77d7829c68dcd","E2:1F:7B:35:CC:08","59.880239520958085","6","0.2604166666666667","0","167","2022-05-16T13:09:00.000Z","1652706540",
"2551","22b77d7829c68dcd","E2:1F:7B:35:CC:08","61.07784431137725","5","0.26939655172413796","0","167","2022-05-16T13:10:00.000Z","1652706600",
"2551","22b77d7829c68dcd","E2:1F:7B:35:CC:08","67.06586826347305","4","0.2648305084745763","1","167","2022-05-16T13:11:00.000Z","1652706660",
"2551","22b77d7829c68dcd","E2:1F:7B:35:CC:08","62.275449101796404","7","0.3125","1","167","2022-05-16T13:12:00.000Z","1652706720",
"2551","22b77d7829c68dcd","E2:1F:7B:35:CC:08","67.06586826347305","6","0.30637254901960786","0","167","2022-05-16T13:13:00.000Z","1652706780",
"2551","22b77d7829c68dcd","E2:1F:7B:35:CC:08","64.67065868263474","9","0.2840909090909091","0","167","2022-05-16T13:14:00.000Z","1652706840",
"2551","22b77d7829c68dcd","E2:1F:7B:35:CC:08","93.41317365269461","3","0.294811320754717","1","167","2022-05-16T13:15:00.000Z","1652706900",
"2551","22b77d7829c68dcd","E2:1F:7B:35:CC:08","82.63473053892216","7","0.244140625","0","167","2022-05-16T13:16:00.000Z","1652706960",
"2551","22b77d7829c68dcd","E2:1F:7B:35:CC:08","81.437125748503","6","0.2170138888888889","0","167","2022-05-16T13:17:00.000Z","1652707020",
"2551","22b77d7829c68dcd","E2:1F:7B:35:CC:08","74.25149700598803","3","0.13020833333333334","0","167","2022-05-16T13:18:00.000Z","1652707080",
"2551","22b77d7829c68dcd","E2:1F:7B:35:CC:08","97.0059880239521","3","0.2840909090909091","0","167","2022-05-16T13:19:00.000Z","1652707140",
"2551","22b77d7829c68dcd","E2:1F:7B:35:CC:08","91.01796407185628","7","0.27901785714285715","4","167","2022-05-16T13:20:00.000Z","1652707200",
"2551","22b77d7829c68dcd","E2:1F:7B:35:CC:08","81.437125748503","12","0.2741228070175439","0","167","2022-05-16T13:21:00.000Z","1652707260",
"2551","22b77d7829c68dcd","E2:1F:7B:35:CC:08","57.48502994011976","9","0.28935185185185186","0","167","2022-05-16T13:22:00.000Z","1652707320",
"2551","22b77d7829c68dcd","E2:1F:7B:35:CC:08","53.89221556886228","2","0.244140625","0","167","2022-05-16T13:23:00.000Z","1652707380",
"2551","22b77d7829c68dcd","E2:1F:7B:35:CC:08","65.86826347305389","10","0.13827433628318583","1","167","2022-05-16T13:24:00.000Z","1652707440",
"2551","22b77d7829c68dcd","E2:1F:7B:35:CC:08","64.67065868263474","6","0.22321428571428573","1","167","2022-05-16T13:25:00.000Z","1652707500",
"2551","22b77d7829c68dcd","E2:1F:7B:35:CC:08","68.26347305389221","4","0.33967391304347827","1","167","2022-05-16T13:26:00.000Z","1652707560",
"2551","22b77d7829c68dcd","E2:1F:7B:35:CC:08","51.49700598802395","4","0.2648305084745763","1","167","2022-05-16T13:27:00.000Z","1652707620",
"2551","22b77d7829c68dcd","E2:1F:7B:35:CC:08","47.90419161676647","8","0.25201612903225806","0","167","2022-05-16T13:28:00.000Z","1652707680",
"2551","22b77d7829c68dcd","E2:1F:7B:35:CC:08","56.287425149700596","11","0.23674242424242425","0","167","2022-05-16T13:29:00.000Z","1652707740",
"2551","22b77d7829c68dcd","E2:1F:7B:35:CC:08","67.06586826347305","8","0.2403846153846154","2","167","2022-05-16T13:30:00.000Z","1652707800",
"2551","22b77d7829c68dcd","E2:1F:7B:35:CC:08","59.880239520958085","8","0.24801587301587302","2","167","2022-05-16T13:31:00.000Z","1652707860",
"2551","22b77d7829c68dcd","E2:1F:7B:35:CC:08","51.49700598802395","6","0.17959770114942528","1","167","2022-05-16T13:32:00.000Z","1652707920",
"2551","22b77d7829c68dcd","E2:1F:7B:35:CC:08","64.67065868263474","10","0.18601190476190477","1","167","2022-05-16T13:33:00.000Z","1652707980",
"2551","22b77d7829c68dcd","E2:1F:7B:35:CC:08","67.06586826347305","5","0.12303149606299213","0","167","2022-05-16T13:34:00.000Z","1652708040",
"2551","22b77d7829c68dcd","E2:1F:7B:35:CC:08","71.8562874251497","2","0.16622340425531915","0","167","2022-05-16T13:35:00.000Z","1652708100",
"2551","22b77d7829c68dcd","E2:1F:7B:35:CC:08","68.26347305389221","7","0.18601190476190477","1","167","2022-05-16T13:36:00.000Z","1652708160",
"2551","22b77d7829c68dcd","E2:1F:7B:35:CC:08","76.64670658682634","7","0.1474056603773585","1","167","2022-05-16T13:37:00.000Z","1652708220",
"2551","22b77d7829c68dcd","E2:1F:7B:35:CC:08","71.8562874251497","10","0.16276041666666666","0","167","2022-05-16T13:38:00.000Z","1652708280",
"2551","22b77d7829c68dcd","E2:1F:7B:35:CC:08","87.42514970059881","7","0.13706140350877194","0","167","2022-05-16T13:39:00.000Z","1652708340",
"2551","22b77d7829c68dcd","E2:1F:7B:35:CC:08","99.40119760479043","8","0.1953125","1","167","2022-05-16T13:40:00.000Z","1652708400",
"2551","22b77d7829c68dcd","E2:1F:7B:35:CC:08","100","7","0.20559210526315788","1","167","2022-05-16T13:41:00.000Z","1652708460",
"2551","22b77d7829c68dcd","E2:1F:7B:35:CC:08","100","9","0.21404109589041095","0","167","2022-05-16T13:42:00.000Z","1652708520",
"2551","22b77d7829c68dcd","E2:1F:7B:35:CC:08","100","0","0.10212418300653595","1","167","2022-05-16T13:43:00.000Z","1652708580",
"2551","22b77d7829c68dcd","E2:1F:7B:35:CC:08","93.41317365269461","6","0.22321428571428573","0","167","2022-05-16T13:44:00.000Z","1652708640",
"2551","22b77d7829c68dcd","E2:1F:7B:35:CC:08","88.62275449101796","4","0.25201612903225806","0","167","2022-05-16T13:45:00.000Z","1652708700",
"2551","22b77d7829c68dcd","E2:1F:7B:35:CC:08","91.01796407185628","0","0.2332089552238806","1","167","2022-05-16T13:46:00.000Z","1652708760",
"2551","22b77d7829c68dcd","E2:1F:7B:35:CC:08","86.22754491017965","6","0.13241525423728814","1","167","2022-05-16T13:48:00.000Z","1652708880",
"2551","22b77d7829c68dcd","E2:1F:7B:35:CC:08","95.80838323353294","6","0.14204545454545456","0","167","2022-05-16T13:49:00.000Z","1652708940",
"2551","22b77d7829c68dcd","E2:1F:7B:35:CC:08","100","0","0.17755681818181818","1","167","2022-05-16T13:50:00.000Z","1652709000",
"2551","22b77d7829c68dcd","E2:1F:7B:35:CC:08","100","0","0.21114864864864866","0","167","2022-05-16T13:51:00.000Z","1652709060",
"2551","22b77d7829c68dcd","E2:1F:7B:35:CC:08","87.42514970059881","10","0.2840909090909091","1","167","2022-05-16T13:52:00.000Z","1652709120",
"2551","22b77d7829c68dcd","E2:1F:7B:35:CC:08","69.46107784431138","5","0.2604166666666667","0","167","2022-05-16T13:53:00.000Z","1652709180",
"2551","22b77d7829c68dcd","E2:1F:7B:35:CC:08","63.47305389221557","0","0.1953125","0","167","2022-05-16T13:54:00.000Z","1652709240",
"2551","22b77d7829c68dcd","E2:1F:7B:35:CC:08","52.69461077844311","8","0.22644927536231885","2","167","2022-05-16T13:55:00.000Z","1652709300",
"2551","22b77d7829c68dcd","E2:1F:7B:35:CC:08","68.26347305389221","2","0.22321428571428573","1","167","2022-05-16T13:56:00.000Z","1652709360",
"2551","22b77d7829c68dcd","E2:1F:7B:35:CC:08","51.49700598802395","1","0.15943877551020408","0","167","2022-05-16T13:57:00.000Z","1652709420",
"2551","22b77d7829c68dcd","E2:1F:7B:35:CC:08","62.275449101796404","2","0.19778481012658228","0","167","2022-05-16T13:58:00.000Z","1652709480",
"2551","22b77d7829c68dcd","E2:1F:7B:35:CC:08","71.8562874251497","0","7.8125","11","167","2022-05-16T14:00:00.000Z","1652709600",
"2551","22b77d7829c68dcd","E2:1F:7B:35:CC:08","79.04191616766467","1","3.125","0","167","2022-05-16T14:01:00.000Z","1652709660",
"2551","22b77d7829c68dcd","E2:1F:7B:35:CC:08","64.67065868263474","0","3.90625","0","167","2022-05-16T14:02:00.000Z","1652709720",
"2551","22b77d7829c68dcd","E2:1F:7B:35:CC:08","82.63473053892216","0","1.953125","1","167","2022-05-16T14:03:00.000Z","1652709780",
"2551","22b77d7829c68dcd","E2:1F:7B:35:CC:08","98.20359281437126","0","0.8680555555555556","5","167","2022-05-16T14:04:00.000Z","1652709840",
"2551","22b77d7829c68dcd","E2:1F:7B:35:CC:08","97.0059880239521","9","0.09031791907514451","11","167","2022-05-16T14:07:00.000Z","1652710020",
"2551","22b77d7829c68dcd","E2:1F:7B:35:CC:08","95.80838323353294","10","0.12400793650793651","9","167","2022-05-16T14:08:00.000Z","1652710080",
"2551","22b77d7829c68dcd","E2:1F:7B:35:CC:08","98.20359281437126","7","0.12913223140495866","5","167","2022-05-16T14:09:00.000Z","1652710140",
"2551","22b77d7829c68dcd","E2:1F:7B:35:CC:08","93.41317365269461","7","0.11322463768115942","7","167","2022-05-16T14:14:00.000Z","1652710440",
"2551","22b77d7829c68dcd","E2:1F:7B:35:CC:08","99.40119760479043","9","0.10629251700680271","14","167","2022-05-16T14:15:00.000Z","1652710500",
"2551","22b77d7829c68dcd","E2:1F:7B:35:CC:08","100","9","0.09704968944099379","29","167","2022-05-16T14:16:00.000Z","1652710560",
"2551","22b77d7829c68dcd","E2:1F:7B:35:CC:08","79.04191616766467","6","0.10850694444444445","9","167","2022-05-16T14:22:00.000Z","1652710920",
"2551","22b77d7829c68dcd","E2:1F:7B:35:CC:08","75.44910179640719","8","0.12112403100775193","26","167","2022-05-16T14:23:00.000Z","1652710980",
"2551","22b77d7829c68dcd","E2:1F:7B:35:CC:08","83.83233532934132","0","0.10016025641025642","0","167","2022-05-16T14:28:00.000Z","1652711280",
"2551","22b77d7829c68dcd","E2:1F:7B:35:CC:08","77.8443113772455","9","0.13130252100840337","0","167","2022-05-16T14:29:00.000Z","1652711340",
"2551","22b77d7829c68dcd","E2:1F:7B:35:CC:08","58.68263473053892","7","0.14076576576576577","0","167","2022-05-16T14:30:00.000Z","1652711400",
"2551","22b77d7829c68dcd","E2:1F:7B:35:CC:08","46.706586826347305","5","0.1358695652173913","0","167","2022-05-16T14:31:00.000Z","1652711460",
"2551","22b77d7829c68dcd","E2:1F:7B:35:CC:08","40.7185628742515","10","0.09704968944099379","0","167","2022-05-16T14:35:00.000Z","1652711700",
"2551","22b77d7829c68dcd","E2:1F:7B:35:CC:08","56.287425149700596","8","0.11927480916030535","0","167","2022-05-16T14:38:00.000Z","1652711880",
"2551","22b77d7829c68dcd","E2:1F:7B:35:CC:08","38.32335329341317","2","0.12913223140495866","0","167","2022-05-16T14:39:00.000Z","1652711940",
"2551","22b77d7829c68dcd","E2:1F:7B:35:CC:08","27.54491017964072","1","0.062250996015936255","0","167","2022-05-16T14:40:00.000Z","1652712000",
"2551","22b77d7829c68dcd","E2:1F:7B:35:CC:08","39.52095808383233","7","0.10926573426573427","0","167","2022-05-16T14:42:00.000Z","1652712120",
"2551","22b77d7829c68dcd","E2:1F:7B:35:CC:08","45.50898203592814","6","0.10416666666666667","0","167","2022-05-16T14:49:00.000Z","1652712540",
"2551","22b77d7829c68dcd","E2:1F:7B:35:CC:08","59.880239520958085","6","0.11405109489051095","0","167","2022-05-16T14:50:00.000Z","1652712600",
"2551","22b77d7829c68dcd","E2:1F:7B:35:CC:08","57.48502994011976","10","0.12303149606299213","0","167","2022-05-16T14:51:00.000Z","1652712660",
"2551","22b77d7829c68dcd","E2:1F:7B:35:CC:08","51.49700598802395","7","0.1502403846153846","0","167","2022-05-16T14:52:00.000Z","1652712720",
"2551","22b77d7829c68dcd","E2:1F:7B:35:CC:08","50.29940119760479","8","0.16801075268817203","0","167","2022-05-16T14:53:00.000Z","1652712780",
"2551","22b77d7829c68dcd","E2:1F:7B:35:CC:08","47.90419161676647","8","0.1953125","0","167","2022-05-16T14:54:00.000Z","1652712840",
"2551","22b77d7829c68dcd","E2:1F:7B:35:CC:08","37.125748502994014","0","0.11837121212121213","0","167","2022-05-16T14:55:00.000Z","1652712900",
"2551","22b77d7829c68dcd","E2:1F:7B:35:CC:08","38.32335329341317","0","0.12913223140495866","0","167","2022-05-16T14:56:00.000Z","1652712960",
"2551","22b77d7829c68dcd","E2:1F:7B:35:CC:08","61.07784431137725","6","0.11322463768115942","1","167","2022-05-16T14:57:00.000Z","1652713020",
"2551","22b77d7829c68dcd","E2:1F:7B:35:CC:08","62.275449101796404","4","0.11160714285714286","0","167","2022-05-16T14:58:00.000Z","1652713080",
"2551","22b77d7829c68dcd","E2:1F:7B:35:CC:08","53.89221556886228","1","0.1174812030075188","0","167","2022-05-16T14:59:00.000Z","1652713140",
"2551","22b77d7829c68dcd","E2:1F:7B:35:CC:08","35.92814371257485","1","0.12703252032520326","0","167","2022-05-16T15:00:00.000Z","1652713200",
"2551","22b77d7829c68dcd","E2:1F:7B:35:CC:08","19.161676646706585","0","0.11927480916030535","0","167","2022-05-16T15:01:00.000Z","1652713260",
"2551","22b77d7829c68dcd","E2:1F:7B:35:CC:08","20.35928143712575","0","0.12703252032520326","0","167","2022-05-16T15:02:00.000Z","1652713320",
"2551","22b77d7829c68dcd","E2:1F:7B:35:CC:08","31.137724550898202","1","0.13020833333333334","0","167","2022-05-16T15:03:00.000Z","1652713380",
"2551","22b77d7829c68dcd","E2:1F:7B:35:CC:08","32.33532934131737","1","0.14467592592592593","0","167","2022-05-16T15:04:00.000Z","1652713440",
"2551","22b77d7829c68dcd","E2:1F:7B:35:CC:08","22.75449101796407","0","0.12703252032520326","0","167","2022-05-16T15:05:00.000Z","1652713500",
"2551","22b77d7829c68dcd","E2:1F:7B:35:CC:08","44.31137724550898","2","0.4222972972972973","0","167","2022-05-16T15:06:00.000Z","1652713560",
"2551","22b77d7829c68dcd","E2:1F:7B:35:CC:08","64.67065868263474","3","0.1220703125","0","167","2022-05-16T15:07:00.000Z","1652713620",
"2551","22b77d7829c68dcd","E2:1F:7B:35:CC:08","43.11377245508982","3","0.13950892857142858","0","167","2022-05-16T15:08:00.000Z","1652713680",
"2551","22b77d7829c68dcd","E2:1F:7B:35:CC:08","37.125748502994014","0","0.14467592592592593","0","167","2022-05-16T15:09:00.000Z","1652713740",
"2551","22b77d7829c68dcd","E2:1F:7B:35:CC:08","59.880239520958085","7","0.062250996015936255","0","167","2022-05-16T15:10:00.000Z","1652713800",
"2551","22b77d7829c68dcd","E2:1F:7B:35:CC:08","87.42514970059881","9","0.062250996015936255","0","167","2022-05-16T15:14:00.000Z","1652714040",
"2551","22b77d7829c68dcd","E2:1F:7B:35:CC:08","97.0059880239521","10","0.10486577181208054","0","167","2022-05-16T15:15:00.000Z","1652714100",
"2551","22b77d7829c68dcd","E2:1F:7B:35:CC:08","73.05389221556887","8","0.0882768361581921","0","167","2022-05-16T15:21:00.000Z","1652714460",
"2551","22b77d7829c68dcd","E2:1F:7B:35:CC:08","58.68263473053892","6","0.08877840909090909","0","167","2022-05-16T15:22:00.000Z","1652714520",
"2551","22b77d7829c68dcd","E2:1F:7B:35:CC:08","64.67065868263474","10","0.11574074074074074","0","167","2022-05-16T15:23:00.000Z","1652714580",
"2551","22b77d7829c68dcd","E2:1F:7B:35:CC:08","46.706586826347305","3","0.1220703125","0","167","2022-05-16T15:24:00.000Z","1652714640",
"2551","22b77d7829c68dcd","E2:1F:7B:35:CC:08","29.940119760479043","0","0.13354700854700854","0","167","2022-05-16T15:25:00.000Z","1652714700",
"2551","22b77d7829c68dcd","E2:1F:7B:35:CC:08","29.940119760479043","7","0.13354700854700854","0","167","2022-05-16T15:26:00.000Z","1652714760",
"2551","22b77d7829c68dcd","E2:1F:7B:35:CC:08","25.149700598802394","0","0.143348623853211","0","167","2022-05-16T15:27:00.000Z","1652714820",
"2551","22b77d7829c68dcd","E2:1F:7B:35:CC:08","21.55688622754491","0","0.15169902912621358","0","167","2022-05-16T15:28:00.000Z","1652714880",
"2551","22b77d7829c68dcd","E2:1F:7B:35:CC:08","37.125748502994014","3","0.10279605263157894","2","167","2022-05-16T15:36:00.000Z","1652715360",
"2551","22b77d7829c68dcd","E2:1F:7B:35:CC:08","88.62275449101796","14","0.10486577181208054","0","167","2022-05-16T15:39:00.000Z","1652715540",
"2551","22b77d7829c68dcd","E2:1F:7B:35:CC:08","99.40119760479043","6","0.13020833333333334","0","167","2022-05-16T15:40:00.000Z","1652715600",
"2551","22b77d7829c68dcd","E2:1F:7B:35:CC:08","100","9","0.20032051282051283","1","167","2022-05-16T15:41:00.000Z","1652715660",
"2551","22b77d7829c68dcd","E2:1F:7B:35:CC:08","100","12","0.11488970588235294","2","167","2022-05-16T15:42:00.000Z","1652715720",
"2551","22b77d7829c68dcd","E2:1F:7B:35:CC:08","100","6","0.11241007194244604","0","167","2022-05-16T15:44:00.000Z","1652715840",
"2551","22b77d7829c68dcd","E2:1F:7B:35:CC:08","100","7","0.15625","0","167","2022-05-16T15:45:00.000Z","1652715900",
"2551","22b77d7829c68dcd","E2:1F:7B:35:CC:08","100","7","0.06853070175438597","2","167","2022-05-16T15:46:00.000Z","1652715960",
"2551","22b77d7829c68dcd","E2:1F:7B:35:CC:08","100","8","0.16983695652173914","40","167","2022-05-16T15:47:00.000Z","1652716020",
"2551","22b77d7829c68dcd","E2:1F:7B:35:CC:08","76.64670658682634","6","0.17959770114942528","46","167","2022-05-16T15:48:00.000Z","1652716080",
"2551","22b77d7829c68dcd","E2:1F:7B:35:CC:08","55.08982035928144","1","0.15625","65","167","2022-05-16T15:49:00.000Z","1652716140",
"2551","22b77d7829c68dcd","E2:1F:7B:35:CC:08","53.89221556886228","0","0.14602803738317757","14","167","2022-05-16T15:50:00.000Z","1652716200",
"2551","22b77d7829c68dcd","E2:1F:7B:35:CC:08","55.08982035928144","4","0.15943877551020408","14","167","2022-05-16T15:51:00.000Z","1652716260",
"2551","22b77d7829c68dcd","E2:1F:7B:35:CC:08","56.287425149700596","4","0.12913223140495866","12","167","2022-05-16T15:52:00.000Z","1652716320",
"2551","22b77d7829c68dcd","E2:1F:7B:35:CC:08","56.287425149700596","9","0.13469827586206898","11","167","2022-05-16T15:53:00.000Z","1652716380",
"2551","22b77d7829c68dcd","E2:1F:7B:35:CC:08","63.47305389221557","12","0.11322463768115942","11","167","2022-05-16T15:55:00.000Z","1652716500",
"2551","22b77d7829c68dcd","E2:1F:7B:35:CC:08","79.04191616766467","5","0.13241525423728814","2","167","2022-05-16T15:56:00.000Z","1652716560",
"2551","22b77d7829c68dcd","E2:1F:7B:35:CC:08","79.04191616766467","0","0.14076576576576577","4","167","2022-05-16T15:57:00.000Z","1652716620",
"2551","22b77d7829c68dcd","E2:1F:7B:35:CC:08","71.8562874251497","8","0.20559210526315788","0","167","2022-05-16T15:58:00.000Z","1652716680",
"2551","22b77d7829c68dcd","E2:1F:7B:35:CC:08","64.67065868263474","3","0.22007042253521128","1","167","2022-05-16T15:59:00.000Z","1652716740",
"2551","22b77d7829c68dcd","E2:1F:7B:35:CC:08","53.89221556886228","0","0.23674242424242425","0","167","2022-05-16T16:00:00.000Z","1652716800",
"2551","22b77d7829c68dcd","E2:1F:7B:35:CC:08","38.32335329341317","1","0.2403846153846154","1","167","2022-05-16T16:01:00.000Z","1652716860",
"2551","22b77d7829c68dcd","E2:1F:7B:35:CC:08","31.137724550898202","3","0.18825301204819278","2","167","2022-05-16T16:02:00.000Z","1652716920",
"2551","22b77d7829c68dcd","E2:1F:7B:35:CC:08","28.74251497005988","1","0.25614754098360654","0","167","2022-05-16T16:03:00.000Z","1652716980",
"2551","22b77d7829c68dcd","E2:1F:7B:35:CC:08","23.952095808383234","0","0.2648305084745763","1","167","2022-05-16T16:04:00.000Z","1652717040",
"2551","22b77d7829c68dcd","E2:1F:7B:35:CC:08","20.35928143712575","0","0.27901785714285715","1","167","2022-05-16T16:05:00.000Z","1652717100",
"2551","22b77d7829c68dcd","E2:1F:7B:35:CC:08","16.766467065868262","0","0.27901785714285715","0","167","2022-05-16T16:06:00.000Z","1652717160",
"2551","22b77d7829c68dcd","E2:1F:7B:35:CC:08","14.37125748502994","0","0.26939655172413796","0","167","2022-05-16T16:07:00.000Z","1652717220",
"2551","22b77d7829c68dcd","E2:1F:7B:35:CC:08","33.532934131736525","6","0.20559210526315788","1","167","2022-05-16T16:08:00.000Z","1652717280",
"2551","22b77d7829c68dcd","E2:1F:7B:35:CC:08","39.52095808383233","8","0.2170138888888889","1","167","2022-05-16T16:09:00.000Z","1652717340",
"2551","22b77d7829c68dcd","E2:1F:7B:35:CC:08","45.50898203592814","6","0.22644927536231885","1","167","2022-05-16T16:10:00.000Z","1652717400",
"2551","22b77d7829c68dcd","E2:1F:7B:35:CC:08","89.82035928143712","7","0.20292207792207792","5","167","2022-05-16T16:11:00.000Z","1652717460",
"2551","22b77d7829c68dcd","E2:1F:7B:35:CC:08","99.40119760479043","12","0.3255208333333333","1","167","2022-05-16T16:12:00.000Z","1652717520",
"2551","22b77d7829c68dcd","E2:1F:7B:35:CC:08","82.63473053892216","6","0.3255208333333333","0","167","2022-05-16T16:13:00.000Z","1652717580",
"2551","22b77d7829c68dcd","E2:1F:7B:35:CC:08","80.23952095808383","6","0.35511363636363635","4","167","2022-05-16T16:14:00.000Z","1652717640",
"2551","22b77d7829c68dcd","E2:1F:7B:35:CC:08","73.05389221556887","4","0.3633720930232558","1","167","2022-05-16T16:15:00.000Z","1652717700",
"2551","22b77d7829c68dcd","E2:1F:7B:35:CC:08","55.08982035928144","0","0.33967391304347827","12","167","2022-05-16T16:16:00.000Z","1652717760",
"2551","22b77d7829c68dcd","E2:1F:7B:35:CC:08","61.07784431137725","3","0.2741228070175439","5","167","2022-05-16T16:17:00.000Z","1652717820",
"2551","22b77d7829c68dcd","E2:1F:7B:35:CC:08","52.69461077844311","4","0.294811320754717","0","167","2022-05-16T16:18:00.000Z","1652717880",
"2551","22b77d7829c68dcd","E2:1F:7B:35:CC:08","49.10179640718563","4","0.16801075268817203","2","167","2022-05-16T16:19:00.000Z","1652717940",
"2551","22b77d7829c68dcd","E2:1F:7B:35:CC:08","52.69461077844311","9","0.07735148514851485","0","167","2022-05-16T16:20:00.000Z","1652718000",
"2551","22b77d7829c68dcd","E2:1F:7B:35:CC:08","100","6","0.09412650602409639","0","167","2022-05-16T16:24:00.000Z","1652718240",
"2551","22b77d7829c68dcd","E2:1F:7B:35:CC:08","93.41317365269461","13","0.12807377049180327","0","167","2022-05-16T16:25:00.000Z","1652718300",
"2551","22b77d7829c68dcd","E2:1F:7B:35:CC:08","71.8562874251497","10","0.12400793650793651","0","167","2022-05-16T16:26:00.000Z","1652718360",
"2551","22b77d7829c68dcd","E2:1F:7B:35:CC:08","69.46107784431138","3","0.12807377049180327","0","167","2022-05-16T16:27:00.000Z","1652718420",
"2551","22b77d7829c68dcd","E2:1F:7B:35:CC:08","71.8562874251497","7","0.21114864864864866","1","167","2022-05-16T16:28:00.000Z","1652718480",
"2551","22b77d7829c68dcd","E2:1F:7B:35:CC:08","65.86826347305389","7","0.26939655172413796","0","167","2022-05-16T16:29:00.000Z","1652718540",
"2551","22b77d7829c68dcd","E2:1F:7B:35:CC:08","63.47305389221557","0","0.10016025641025642","12","167","2022-05-16T16:30:00.000Z","1652718600",
"2551","22b77d7829c68dcd","E2:1F:7B:35:CC:08","60.60606060606061","4","0.1174812030075188","23","165","2022-05-16T16:36:00.000Z","1652718960",
"2551","22b77d7829c68dcd","E2:1F:7B:35:CC:08","66.66666666666667","5","0.10486577181208054","2","165","2022-05-16T16:37:00.000Z","1652719020",
"2551","22b77d7829c68dcd","E2:1F:7B:35:CC:08","64.24242424242425","3","0.12703252032520326","0","165","2022-05-16T16:38:00.000Z","1652719080",
"2551","22b77d7829c68dcd","E2:1F:7B:35:CC:08","48.484848484848484","7","0.143348623853211","0","165","2022-05-16T16:39:00.000Z","1652719140",
"2551","22b77d7829c68dcd","E2:1F:7B:35:CC:08","53.333333333333336","5","0.17959770114942528","0","165","2022-05-16T16:40:00.000Z","1652719200",
"2551","22b77d7829c68dcd","E2:1F:7B:35:CC:08","46.06060606060606","2","0.1717032967032967","0","165","2022-05-16T16:41:00.000Z","1652719260",
"2551","22b77d7829c68dcd","E2:1F:7B:35:CC:08","54.54545454545455","6","0.18382352941176472","0","165","2022-05-16T16:42:00.000Z","1652719320",
"2551","22b77d7829c68dcd","E2:1F:7B:35:CC:08","35.15151515151515","0","0.19054878048780488","0","165","2022-05-16T16:43:00.000Z","1652719380",
"2551","22b77d7829c68dcd","E2:1F:7B:35:CC:08","35.15151515151515","4","0.19290123456790123","0","165","2022-05-16T16:44:00.000Z","1652719440",
"2551","22b77d7829c68dcd","E2:1F:7B:35:CC:08","48.484848484848484","6","0.18382352941176472","0","165","2022-05-16T16:45:00.000Z","1652719500",
"2551","22b77d7829c68dcd","E2:1F:7B:35:CC:08","59.39393939393939","5","0.13130252100840337","1","165","2022-05-16T16:46:00.000Z","1652719560",
"2551","22b77d7829c68dcd","E2:1F:7B:35:CC:08","89.6969696969697","7","0.12913223140495866","0","165","2022-05-16T16:47:00.000Z","1652719620",
"2551","22b77d7829c68dcd","E2:1F:7B:35:CC:08","78.78787878787878","4","0.15169902912621358","0","165","2022-05-16T16:48:00.000Z","1652719680",
"2551","22b77d7829c68dcd","E2:1F:7B:35:CC:08","49.696969696969695","4","0.16108247422680413","0","165","2022-05-16T16:49:00.000Z","1652719740",
"2551","22b77d7829c68dcd","E2:1F:7B:35:CC:08","40","1","0.16276041666666666","0","165","2022-05-16T16:50:00.000Z","1652719800",
"2551","22b77d7829c68dcd","E2:1F:7B:35:CC:08","33.93939393939394","1","0.16108247422680413","1","165","2022-05-16T16:51:00.000Z","1652719860",
"2551","22b77d7829c68dcd","E2:1F:7B:35:CC:08","38.78787878787879","1","0.15169902912621358","1","165","2022-05-16T16:52:00.000Z","1652719920",
"2551","22b77d7829c68dcd","E2:1F:7B:35:CC:08","33.93939393939394","1","0.16622340425531915","0","165","2022-05-16T16:53:00.000Z","1652719980",
"2551","22b77d7829c68dcd","E2:1F:7B:35:CC:08","42.42424242424242","4","0.16622340425531915","0","165","2022-05-16T16:54:00.000Z","1652720040",
"2551","22b77d7829c68dcd","E2:1F:7B:35:CC:08","46.06060606060606","17","0.15782828282828282","5","165","2022-05-16T16:55:00.000Z","1652720100",
"2551","22b77d7829c68dcd","E2:1F:7B:35:CC:08","47.27272727272727","0","0.244140625","8","165","2022-05-16T16:56:00.000Z","1652720160",
"2551","22b77d7829c68dcd","E2:1F:7B:35:CC:08","43.63636363636363","2","0.18382352941176472","5","165","2022-05-16T16:57:00.000Z","1652720220",
"2551","22b77d7829c68dcd","E2:1F:7B:35:CC:08","35.15151515151515","0","0.23674242424242425","9","165","2022-05-16T16:58:00.000Z","1652720280",
"2551","22b77d7829c68dcd","E2:1F:7B:35:CC:08","26.666666666666668","0","0.1736111111111111","1","165","2022-05-16T16:59:00.000Z","1652720340",
"2551","22b77d7829c68dcd","E2:1F:7B:35:CC:08","48.484848484848484","2","0.20292207792207792","1","165","2022-05-16T17:00:00.000Z","1652720400",
"2551","22b77d7829c68dcd","E2:1F:7B:35:CC:08","50.90909090909091","6","0.23674242424242425","5","165","2022-05-16T17:01:00.000Z","1652720460",
"2551","22b77d7829c68dcd","E2:1F:7B:35:CC:08","52.121212121212125","5","0.2170138888888889","7","165","2022-05-16T17:02:00.000Z","1652720520",
"2551","22b77d7829c68dcd","E2:1F:7B:35:CC:08","78.78787878787878","3","0.2604166666666667","2","165","2022-05-16T17:03:00.000Z","1652720580",
"2551","22b77d7829c68dcd","E2:1F:7B:35:CC:08","73.93939393939394","3","0.20833333333333334","7","165","2022-05-16T17:04:00.000Z","1652720640",
"2551","22b77d7829c68dcd","E2:1F:7B:35:CC:08","66.66666666666667","7","0.22321428571428573","2","165","2022-05-16T17:05:00.000Z","1652720700",
"2551","22b77d7829c68dcd","E2:1F:7B:35:CC:08","55.75757575757576","3","0.1816860465116279","8","165","2022-05-16T17:06:00.000Z","1652720760",
"2551","22b77d7829c68dcd","E2:1F:7B:35:CC:08","70.3030303030303","4","0.19290123456790123","1","165","2022-05-16T17:07:00.000Z","1652720820",
"2551","22b77d7829c68dcd","E2:1F:7B:35:CC:08","81.21212121212122","7","0.13950892857142858","8","165","2022-05-16T17:08:00.000Z","1652720880",
"2551","22b77d7829c68dcd","E2:1F:7B:35:CC:08","70.3030303030303","4","0.13354700854700854","1","165","2022-05-16T17:09:00.000Z","1652720940",
"2551","22b77d7829c68dcd","E2:1F:7B:35:CC:08","65.45454545454545","0","0.1717032967032967","5","165","2022-05-16T17:10:00.000Z","1652721000",
"2551","22b77d7829c68dcd","E2:1F:7B:35:CC:08","63.03030303030303","0","0.22321428571428573","4","165","2022-05-16T17:11:00.000Z","1652721060",
"2551","22b77d7829c68dcd","E2:1F:7B:35:CC:08","59.39393939393939","10","0.1717032967032967","1","165","2022-05-16T17:12:00.000Z","1652721120",
"2551","22b77d7829c68dcd","E2:1F:7B:35:CC:08","90.9090909090909","6","0.11160714285714286","0","165","2022-05-16T17:13:00.000Z","1652721180",
"2551","22b77d7829c68dcd","E2:1F:7B:35:CC:08","86.06060606060606","3","0.13950892857142858","0","165","2022-05-16T17:14:00.000Z","1652721240",
"2551","22b77d7829c68dcd","E2:1F:7B:35:CC:08","52.121212121212125","2","0.13706140350877194","0","165","2022-05-16T17:15:00.000Z","1652721300",
"2551","22b77d7829c68dcd","E2:1F:7B:35:CC:08","50.90909090909091","4","0.11241007194244604","0","165","2022-05-16T17:16:00.000Z","1652721360",
"2551","22b77d7829c68dcd","E2:1F:7B:35:CC:08","47.27272727272727","9","0.13469827586206898","1","165","2022-05-16T17:17:00.000Z","1652721420",
"2551","22b77d7829c68dcd","E2:1F:7B:35:CC:08","54.54545454545455","4","0.13469827586206898","0","165","2022-05-16T17:18:00.000Z","1652721480",
"2551","22b77d7829c68dcd","E2:1F:7B:35:CC:08","61.81818181818182","6","0.1488095238095238","0","165","2022-05-16T17:19:00.000Z","1652721540",
"2551","22b77d7829c68dcd","E2:1F:7B:35:CC:08","59.39393939393939","3","0.16983695652173914","0","165","2022-05-16T17:20:00.000Z","1652721600",
"2551","22b77d7829c68dcd","E2:1F:7B:35:CC:08","63.03030303030303","4","0.1736111111111111","1","165","2022-05-16T17:21:00.000Z","1652721660",
"2551","22b77d7829c68dcd","E2:1F:7B:35:CC:08","59.39393939393939","6","0.175561797752809","1","165","2022-05-16T17:22:00.000Z","1652721720",
"2551","22b77d7829c68dcd","E2:1F:7B:35:CC:08","49.696969696969695","3","0.1816860465116279","0","165","2022-05-16T17:23:00.000Z","1652721780",
"2551","22b77d7829c68dcd","E2:1F:7B:35:CC:08","53.333333333333336","6","0.1816860465116279","0","165","2022-05-16T17:24:00.000Z","1652721840",
"2551","22b77d7829c68dcd","E2:1F:7B:35:CC:08","52.121212121212125","4","0.17959770114942528","0","165","2022-05-16T17:25:00.000Z","1652721900",
"2551","22b77d7829c68dcd","E2:1F:7B:35:CC:08","69.0909090909091","6","0.19778481012658228","0","165","2022-05-16T17:26:00.000Z","1652721960",
"2551","22b77d7829c68dcd","E2:1F:7B:35:CC:08","60.60606060606061","1","0.20292207792207792","0","165","2022-05-16T17:27:00.000Z","1652722020",
"2551","22b77d7829c68dcd","E2:1F:7B:35:CC:08","56.96969696969697","5","0.2403846153846154","0","165","2022-05-16T17:28:00.000Z","1652722080",
"2551","22b77d7829c68dcd","E2:1F:7B:35:CC:08","58.18181818181818","4","0.062250996015936255","8","165","2022-05-16T17:29:00.000Z","1652722140",
"2551","22b77d7829c68dcd","E2:1F:7B:35:CC:08","59.39393939393939","0","0.13827433628318583","11","165","2022-05-16T17:32:00.000Z","1652722320",
"2551","22b77d7829c68dcd","E2:1F:7B:35:CC:08","75.15151515151516","11","0.18382352941176472","0","165","2022-05-16T17:33:00.000Z","1652722380",
"2551","22b77d7829c68dcd","E2:1F:7B:35:CC:08","65.45454545454545","5","0.1953125","0","165","2022-05-16T17:34:00.000Z","1652722440",
"2551","22b77d7829c68dcd","E2:1F:7B:35:CC:08","54.54545454545455","5","0.10347682119205298","0","165","2022-05-16T17:35:00.000Z","1652722500",
"2551","22b77d7829c68dcd","E2:1F:7B:35:CC:08","72.72727272727273","10","0.13827433628318583","0","165","2022-05-16T17:36:00.000Z","1652722560",
"2551","22b77d7829c68dcd","E2:1F:7B:35:CC:08","65.45454545454545","4","0.1717032967032967","1","165","2022-05-16T17:37:00.000Z","1652722620",
"2551","22b77d7829c68dcd","E2:1F:7B:35:CC:08","53.333333333333336","6","0.16801075268817203","0","165","2022-05-16T17:38:00.000Z","1652722680",
"2551","22b77d7829c68dcd","E2:1F:7B:35:CC:08","46.06060606060606","3","0.18601190476190477","0","165","2022-05-16T17:39:00.000Z","1652722740",
"2551","22b77d7829c68dcd","E2:1F:7B:35:CC:08","38.78787878787879","1","0.17755681818181818","0","165","2022-05-16T17:40:00.000Z","1652722800",
"2551","22b77d7829c68dcd","E2:1F:7B:35:CC:08","40","1","0.12807377049180327","0","165","2022-05-16T17:41:00.000Z","1652722860",
"2551","22b77d7829c68dcd","E2:1F:7B:35:CC:08","77.57575757575758","3","0.16108247422680413","0","165","2022-05-16T17:42:00.000Z","1652722920",
"2551","22b77d7829c68dcd","E2:1F:7B:35:CC:08","55.75757575757576","7","0.17755681818181818","0","165","2022-05-16T17:43:00.000Z","1652722980",
"2551","22b77d7829c68dcd","E2:1F:7B:35:CC:08","41.21212121212121","1","0.18825301204819278","0","165","2022-05-16T17:44:00.000Z","1652723040",
"2551","22b77d7829c68dcd","E2:1F:7B:35:CC:08","31.515151515151516","3","0.20559210526315788","0","165","2022-05-16T17:45:00.000Z","1652723100",
"2551","22b77d7829c68dcd","E2:1F:7B:35:CC:08","32.72727272727273","1","0.20559210526315788","0","165","2022-05-16T17:46:00.000Z","1652723160",
"2551","22b77d7829c68dcd","E2:1F:7B:35:CC:08","32.72727272727273","2","0.19054878048780488","0","165","2022-05-16T17:47:00.000Z","1652723220",
"2551","22b77d7829c68dcd","E2:1F:7B:35:CC:08","44.84848484848485","4","0.18601190476190477","0","165","2022-05-16T17:48:00.000Z","1652723280",
"2551","22b77d7829c68dcd","E2:1F:7B:35:CC:08","40","1","0.19778481012658228","0","165","2022-05-16T17:49:00.000Z","1652723340",
"2551","22b77d7829c68dcd","E2:1F:7B:35:CC:08","43.63636363636363","2","0.19290123456790123","0","165","2022-05-16T17:50:00.000Z","1652723400",
"2551","22b77d7829c68dcd","E2:1F:7B:35:CC:08","47.27272727272727","2","0.17959770114942528","1","165","2022-05-16T17:51:00.000Z","1652723460",
"2551","22b77d7829c68dcd","E2:1F:7B:35:CC:08","44.84848484848485","3","0.16447368421052633","0","165","2022-05-16T17:52:00.000Z","1652723520",
"2551","22b77d7829c68dcd","E2:1F:7B:35:CC:08","32.72727272727273","1","0.1953125","0","165","2022-05-16T17:53:00.000Z","1652723580",
"2551","22b77d7829c68dcd","E2:1F:7B:35:CC:08","37.57575757575758","2","0.1953125","0","165","2022-05-16T17:54:00.000Z","1652723640",
"2551","22b77d7829c68dcd","E2:1F:7B:35:CC:08","40","6","0.17959770114942528","5","165","2022-05-16T17:55:00.000Z","1652723700",
"2551","22b77d7829c68dcd","E2:1F:7B:35:CC:08","65.45454545454545","10","0.11837121212121213","5","165","2022-05-16T17:56:00.000Z","1652723760",
"2551","22b77d7829c68dcd","E2:1F:7B:35:CC:08","84.84848484848484","2","0.09704968944099379","0","165","2022-05-16T17:57:00.000Z","1652723820",
"2551","22b77d7829c68dcd","E2:1F:7B:35:CC:08","89.6969696969697","4","0.16801075268817203","1","165","2022-05-16T17:58:00.000Z","1652723880",
"2551","22b77d7829c68dcd","E2:1F:7B:35:CC:08","93.33333333333333","0","0.5580357142857143","9","165","2022-05-16T17:59:00.000Z","1652723940",
"2551","22b77d7829c68dcd","E2:1F:7B:35:CC:08","95.75757575757575","0","0.294811320754717","2","165","2022-05-16T18:00:00.000Z","1652724000",
"2551","22b77d7829c68dcd","E2:1F:7B:35:CC:08","95.75757575757575","0","0.4222972972972973","12","165","2022-05-16T18:01:00.000Z","1652724060",
"2551","22b77d7829c68dcd","E2:1F:7B:35:CC:08","98.18181818181819","0","0.8223684210526315","11","165","2022-05-16T18:02:00.000Z","1652724120",
"2551","22b77d7829c68dcd","E2:1F:7B:35:CC:08","100","8","0.5208333333333334","7","165","2022-05-16T18:03:00.000Z","1652724180",
"2551","22b77d7829c68dcd","E2:1F:7B:35:CC:08","100","8","0.8223684210526315","1","165","2022-05-16T18:04:00.000Z","1652724240",
"2551","22b77d7829c68dcd","E2:1F:7B:35:CC:08","100","1","0.625","2","165","2022-05-16T18:05:00.000Z","1652724300",
"2551","22b77d7829c68dcd","E2:1F:7B:35:CC:08","100","3","0.7102272727272727","0","165","2022-05-16T18:06:00.000Z","1652724360",
"2551","22b77d7829c68dcd","E2:1F:7B:35:CC:08","100","4","1.0416666666666667","0","165","2022-05-16T18:07:00.000Z","1652724420",
"2551","22b77d7829c68dcd","E2:1F:7B:35:CC:08","100","2","0.8680555555555556","0","165","2022-05-16T18:08:00.000Z","1652724480",
"2551","22b77d7829c68dcd","E2:1F:7B:35:CC:08","100","1","0.7102272727272727","0","165","2022-05-16T18:09:00.000Z","1652724540",
"2551","22b77d7829c68dcd","E2:1F:7B:35:CC:08","100","1","0.6009615384615384","0","165","2022-05-16T18:10:00.000Z","1652724600",
"2551","22b77d7829c68dcd","E2:1F:7B:35:CC:08","93.33333333333333","2","0.6510416666666666","0","165","2022-05-16T18:11:00.000Z","1652724660",
"2551","22b77d7829c68dcd","E2:1F:7B:35:CC:08","87.27272727272727","3","0.7102272727272727","1","165","2022-05-16T18:12:00.000Z","1652724720",
"2551","22b77d7829c68dcd","E2:1F:7B:35:CC:08","83.63636363636364","4","0.6793478260869565","2","165","2022-05-16T18:13:00.000Z","1652724780",
"2551","22b77d7829c68dcd","E2:1F:7B:35:CC:08","89.6969696969697","3","0.78125","0","165","2022-05-16T18:14:00.000Z","1652724840",
"2551","22b77d7829c68dcd","E2:1F:7B:35:CC:08","94.54545454545455","7","1.0416666666666667","0","165","2022-05-16T18:15:00.000Z","1652724900",
"2551","22b77d7829c68dcd","E2:1F:7B:35:CC:08","100","4","1.2019230769230769","4","165","2022-05-16T18:16:00.000Z","1652724960",
"2551","22b77d7829c68dcd","E2:1F:7B:35:CC:08","100","4","1.2019230769230769","11","165","2022-05-16T18:17:00.000Z","1652725020",
"2551","22b77d7829c68dcd","E2:1F:7B:35:CC:08","100","0","1.1160714285714286","11","165","2022-05-16T18:18:00.000Z","1652725080",
"2551","22b77d7829c68dcd","E2:1F:7B:35:CC:08","100","0","0.9191176470588235","2","165","2022-05-16T18:19:00.000Z","1652725140",
"2551","22b77d7829c68dcd","E2:1F:7B:35:CC:08","75.15151515151516","4","0.7440476190476191","1","165","2022-05-16T18:20:00.000Z","1652725200",
"2551","22b77d7829c68dcd","E2:1F:7B:35:CC:08","66.66666666666667","4","0.7102272727272727","1","165","2022-05-16T18:21:00.000Z","1652725260",
"2551","22b77d7829c68dcd","E2:1F:7B:35:CC:08","60.60606060606061","4","0.6510416666666666","0","165","2022-05-16T18:22:00.000Z","1652725320",
"2551","22b77d7829c68dcd","E2:1F:7B:35:CC:08","66.66666666666667","4","0.7102272727272727","0","165","2022-05-16T18:23:00.000Z","1652725380",
"2551","22b77d7829c68dcd","E2:1F:7B:35:CC:08","59.39393939393939","1","0.6793478260869565","0","165","2022-05-16T18:24:00.000Z","1652725440",
"2551","22b77d7829c68dcd","E2:1F:7B:35:CC:08","100","4","1.0416666666666667","0","165","2022-05-16T18:25:00.000Z","1652725500",
"2551","22b77d7829c68dcd","E2:1F:7B:35:CC:08","100","3","0.9765625","1","165","2022-05-16T18:26:00.000Z","1652725560",
"2551","22b77d7829c68dcd","E2:1F:7B:35:CC:08","100","6","1.3020833333333333","0","165","2022-05-16T18:27:00.000Z","1652725620",
"2551","22b77d7829c68dcd","E2:1F:7B:35:CC:08","100","2","1.0416666666666667","0","165","2022-05-16T18:28:00.000Z","1652725680",
"2551","22b77d7829c68dcd","E2:1F:7B:35:CC:08","94.54545454545455","1","0.8223684210526315","0","165","2022-05-16T18:29:00.000Z","1652725740",
"2551","22b77d7829c68dcd","E2:1F:7B:35:CC:08","77.57575757575758","3","0.8223684210526315","0","165","2022-05-16T18:30:00.000Z","1652725800",
"2551","22b77d7829c68dcd","E2:1F:7B:35:CC:08","59.39393939393939","1","0.7102272727272727","0","165","2022-05-16T18:31:00.000Z","1652725860",
"2551","22b77d7829c68dcd","E2:1F:7B:35:CC:08","77.57575757575758","4","0.78125","0","165","2022-05-16T18:32:00.000Z","1652725920",
"2551","22b77d7829c68dcd","E2:1F:7B:35:CC:08","67.87878787878788","2","0.78125","0","165","2022-05-16T18:33:00.000Z","1652725980",
"2551","22b77d7829c68dcd","E2:1F:7B:35:CC:08","83.63636363636364","10","1.4204545454545454","5","165","2022-05-16T18:34:00.000Z","1652726040",
"2551","22b77d7829c68dcd","E2:1F:7B:35:CC:08","100","3","1.3020833333333333","0","165","2022-05-16T18:35:00.000Z","1652726100",
"2551","22b77d7829c68dcd","E2:1F:7B:35:CC:08","100","6","0.625","1","165","2022-05-16T18:36:00.000Z","1652726160",
"2551","22b77d7829c68dcd","E2:1F:7B:35:CC:08","100","0","0.8680555555555556","30","165","2022-05-16T18:37:00.000Z","1652726220",
"2551","22b77d7829c68dcd","E2:1F:7B:35:CC:08","100","6","0.9191176470588235","9","165","2022-05-16T18:38:00.000Z","1652726280",
"2551","22b77d7829c68dcd","E2:1F:7B:35:CC:08","100","7","1.1160714285714286","0","165","2022-05-16T18:39:00.000Z","1652726340",
"2551","22b77d7829c68dcd","E2:1F:7B:35:CC:08","94.54545454545455","0","0.9191176470588235","0","165","2022-05-16T18:40:00.000Z","1652726400",
"2551","22b77d7829c68dcd","E2:1F:7B:35:CC:08","69.0909090909091","3","0.9765625","0","165","2022-05-16T18:41:00.000Z","1652726460",
"2551","22b77d7829c68dcd","E2:1F:7B:35:CC:08","81.21212121212122","3","1.1160714285714286","0","165","2022-05-16T18:42:00.000Z","1652726520",
"2551","22b77d7829c68dcd","E2:1F:7B:35:CC:08","80","4","1.2019230769230769","1","165","2022-05-16T18:43:00.000Z","1652726580",
"2551","22b77d7829c68dcd","E2:1F:7B:35:CC:08","95.75757575757575","4","1.7361111111111112","0","165","2022-05-16T18:44:00.000Z","1652726640",
"2551","22b77d7829c68dcd","E2:1F:7B:35:CC:08","100","1","1.2019230769230769","0","165","2022-05-16T18:45:00.000Z","1652726700",
"2551","22b77d7829c68dcd","E2:1F:7B:35:CC:08","100","9","1.0416666666666667","0","165","2022-05-16T18:46:00.000Z","1652726760",
"2551","22b77d7829c68dcd","E2:1F:7B:35:CC:08","99.39393939393939","4","1.0416666666666667","2","165","2022-05-16T18:47:00.000Z","1652726820",
"2551","22b77d7829c68dcd","E2:1F:7B:35:CC:08","100","4","1.2019230769230769","0","165","2022-05-16T18:48:00.000Z","1652726880",
"2551","22b77d7829c68dcd","E2:1F:7B:35:CC:08","100","7","1.7361111111111112","1","165","2022-05-16T18:49:00.000Z","1652726940",
"2551","22b77d7829c68dcd","E2:1F:7B:35:CC:08","100","2","1.2019230769230769","0","165","2022-05-16T18:50:00.000Z","1652727000",
"2551","22b77d7829c68dcd","E2:1F:7B:35:CC:08","100","0","0.3255208333333333","0","165","2022-05-16T18:51:00.000Z","1652727060",
"2551","22b77d7829c68dcd","E2:1F:7B:35:CC:08","100","6","0.8680555555555556","1","165","2022-05-16T18:52:00.000Z","1652727120",
"2551","22b77d7829c68dcd","E2:1F:7B:35:CC:08","100","7","1.3020833333333333","2","165","2022-05-16T18:53:00.000Z","1652727180",
"2551","22b77d7829c68dcd","E2:1F:7B:35:CC:08","100","3","1.4204545454545454","5","165","2022-05-16T18:54:00.000Z","1652727240",
"2551","22b77d7829c68dcd","E2:1F:7B:35:CC:08","100","4","1.5625","4","165","2022-05-16T18:55:00.000Z","1652727300",
"2551","22b77d7829c68dcd","E2:1F:7B:35:CC:08","100","9","1.5625","0","165","2022-05-16T18:56:00.000Z","1652727360",
"2551","22b77d7829c68dcd","E2:1F:7B:35:CC:08","100","4","1.0416666666666667","0","165","2022-05-16T18:57:00.000Z","1652727420",
"2551","22b77d7829c68dcd","E2:1F:7B:35:CC:08","100","6","1.1160714285714286","0","165","2022-05-16T18:58:00.000Z","1652727480",
"2551","22b77d7829c68dcd","E2:1F:7B:35:CC:08","100","6","1.3020833333333333","7","165","2022-05-16T18:59:00.000Z","1652727540",
"2551","22b77d7829c68dcd","E2:1F:7B:35:CC:08","100","6","0.8680555555555556","0","165","2022-05-16T19:00:00.000Z","1652727600",
"2551","22b77d7829c68dcd","E2:1F:7B:35:CC:08","100","3","1.1160714285714286","2","165","2022-05-16T19:01:00.000Z","1652727660",
"2551","22b77d7829c68dcd","E2:1F:7B:35:CC:08","100","6","1.3020833333333333","0","165","2022-05-16T19:02:00.000Z","1652727720",
"2551","22b77d7829c68dcd","E2:1F:7B:35:CC:08","100","5","1.2019230769230769","2","165","2022-05-16T19:03:00.000Z","1652727780",
"2551","22b77d7829c68dcd","E2:1F:7B:35:CC:08","88.48484848484848","3","1.1160714285714286","8","165","2022-05-16T19:04:00.000Z","1652727840",
"2551","22b77d7829c68dcd","E2:1F:7B:35:CC:08","100","9","1.5625","1","165","2022-05-16T19:05:00.000Z","1652727900",
"2551","22b77d7829c68dcd","E2:1F:7B:35:CC:08","100","3","1.7361111111111112","1","165","2022-05-16T19:06:00.000Z","1652727960",
"2551","22b77d7829c68dcd","E2:1F:7B:35:CC:08","96.96969696969697","6","1.7361111111111112","4","165","2022-05-16T19:07:00.000Z","1652728020",
"2551","22b77d7829c68dcd","E2:1F:7B:35:CC:08","89.6969696969697","2","1.7361111111111112","5","165","2022-05-16T19:08:00.000Z","1652728080",
"2551","22b77d7829c68dcd","E2:1F:7B:35:CC:08","82.42424242424242","0","1.5625","5","165","2022-05-16T19:09:00.000Z","1652728140",
"2551","22b77d7829c68dcd","E2:1F:7B:35:CC:08","95.75757575757575","5","1.3020833333333333","16","165","2022-05-16T19:10:00.000Z","1652728200",
"2551","22b77d7829c68dcd","E2:1F:7B:35:CC:08","61.81818181818182","1","1.4204545454545454","0","165","2022-05-16T19:11:00.000Z","1652728260",
"2551","22b77d7829c68dcd","E2:1F:7B:35:CC:08","41.21212121212121","1","0.9191176470588235","5","165","2022-05-16T19:12:00.000Z","1652728320",
"2551","22b77d7829c68dcd","E2:1F:7B:35:CC:08","37.57575757575758","1","0.78125","7","165","2022-05-16T19:13:00.000Z","1652728380",
"2551","22b77d7829c68dcd","E2:1F:7B:35:CC:08","47.27272727272727","8","0.5787037037037037","5","165","2022-05-16T19:14:00.000Z","1652728440",
"2551","22b77d7829c68dcd","E2:1F:7B:35:CC:08","52.121212121212125","10","0.9765625","5","165","2022-05-16T19:15:00.000Z","1652728500",
"2551","22b77d7829c68dcd","E2:1F:7B:35:CC:08","61.81818181818182","4","1.1160714285714286","8","165","2022-05-16T19:16:00.000Z","1652728560",
"2551","22b77d7829c68dcd","E2:1F:7B:35:CC:08","70.3030303030303","4","1.1160714285714286","2","165","2022-05-16T19:17:00.000Z","1652728620",
"2551","22b77d7829c68dcd","E2:1F:7B:35:CC:08","72.72727272727273","4","1.3020833333333333","0","165","2022-05-16T19:18:00.000Z","1652728680",
"2551","22b77d7829c68dcd","E2:1F:7B:35:CC:08","83.63636363636364","3","1.5625","2","165","2022-05-16T19:19:00.000Z","1652728740",
"2551","22b77d7829c68dcd","E2:1F:7B:35:CC:08","100","6","2.232142857142857","35","165","2022-05-16T19:20:00.000Z","1652728800",
"2551","22b77d7829c68dcd","E2:1F:7B:35:CC:08","100","7","2.6041666666666665","15","165","2022-05-16T19:21:00.000Z","1652728860",
"2551","22b77d7829c68dcd","E2:1F:7B:35:CC:08","100","6","2.6041666666666665","2","165","2022-05-16T19:22:00.000Z","1652728920",
"2551","22b77d7829c68dcd","E2:1F:7B:35:CC:08","100","7","2.6041666666666665","1","165","2022-05-16T19:23:00.000Z","1652728980",
"2551","22b77d7829c68dcd","E2:1F:7B:35:CC:08","100","5","1.953125","0","165","2022-05-16T19:24:00.000Z","1652729040",
"2551","22b77d7829c68dcd","E2:1F:7B:35:CC:08","100","7","2.6041666666666665","4","165","2022-05-16T19:25:00.000Z","1652729100",
"2551","22b77d7829c68dcd","E2:1F:7B:35:CC:08","100","8","3.125","5","165","2022-05-16T19:26:00.000Z","1652729160",
"2551","22b77d7829c68dcd","E2:1F:7B:35:CC:08","100","8","3.125","1","165","2022-05-16T19:27:00.000Z","1652729220",
"2551","22b77d7829c68dcd","E2:1F:7B:35:CC:08","89.6969696969697","2","3.125","8","165","2022-05-16T19:28:00.000Z","1652729280",
"2551","22b77d7829c68dcd","E2:1F:7B:35:CC:08","92.12121212121212","4","2.6041666666666665","9","165","2022-05-16T19:29:00.000Z","1652729340",
"2551","22b77d7829c68dcd","E2:1F:7B:35:CC:08","77.57575757575758","1","2.6041666666666665","4","165","2022-05-16T19:30:00.000Z","1652729400",
"2551","22b77d7829c68dcd","E2:1F:7B:35:CC:08","70.3030303030303","5","3.125","8","165","2022-05-16T19:31:00.000Z","1652729460",
"2551","22b77d7829c68dcd","E2:1F:7B:35:CC:08","100","7","3.125","26","165","2022-05-16T19:32:00.000Z","1652729520",
"2551","22b77d7829c68dcd","E2:1F:7B:35:CC:08","100","8","3.90625","5","165","2022-05-16T19:33:00.000Z","1652729580",
"2551","22b77d7829c68dcd","E2:1F:7B:35:CC:08","100","3","3.90625","11","165","2022-05-16T19:34:00.000Z","1652729640",
"2551","22b77d7829c68dcd","E2:1F:7B:35:CC:08","100","8","2.6041666666666665","0","165","2022-05-16T19:35:00.000Z","1652729700",
"2551","22b77d7829c68dcd","E2:1F:7B:35:CC:08","94.54545454545455","5","3.125","0","165","2022-05-16T19:36:00.000Z","1652729760",
"2551","22b77d7829c68dcd","E2:1F:7B:35:CC:08","90.9090909090909","3","1.953125","1","165","2022-05-16T19:37:00.000Z","1652729820",
"2551","22b77d7829c68dcd","E2:1F:7B:35:CC:08","92.12121212121212","2","2.232142857142857","0","165","2022-05-16T19:38:00.000Z","1652729880",
"2551","22b77d7829c68dcd","E2:1F:7B:35:CC:08","98.18181818181819","4","2.232142857142857","0","165","2022-05-16T19:39:00.000Z","1652729940",
"2551","22b77d7829c68dcd","E2:1F:7B:35:CC:08","100","5","2.6041666666666665","0","165","2022-05-16T19:40:00.000Z","1652730000",
"2551","22b77d7829c68dcd","E2:1F:7B:35:CC:08","100","4","2.6041666666666665","0","165","2022-05-16T19:41:00.000Z","1652730060",
"2551","22b77d7829c68dcd","E2:1F:7B:35:CC:08","100","3","2.6041666666666665","0","165","2022-05-16T19:42:00.000Z","1652730120",
"2551","22b77d7829c68dcd","E2:1F:7B:35:CC:08","100","3","2.6041666666666665","0","165","2022-05-16T19:43:00.000Z","1652730180",
"2551","22b77d7829c68dcd","E2:1F:7B:35:CC:08","100","2","2.6041666666666665","0","165","2022-05-16T19:44:00.000Z","1652730240",
"2551","22b77d7829c68dcd","E2:1F:7B:35:CC:08","100","4","2.6041666666666665","0","165","2022-05-16T19:45:00.000Z","1652730300",
"2551","22b77d7829c68dcd","E2:1F:7B:35:CC:08","73.93939393939394","1","1.953125","0","165","2022-05-16T19:46:00.000Z","1652730360",
"2551","22b77d7829c68dcd","E2:1F:7B:35:CC:08","88.48484848484848","6","2.6041666666666665","0","165","2022-05-16T19:47:00.000Z","1652730420",
"2551","22b77d7829c68dcd","E2:1F:7B:35:CC:08","100","5","3.125","0","165","2022-05-16T19:48:00.000Z","1652730480",
"2551","22b77d7829c68dcd","E2:1F:7B:35:CC:08","100","3","2.6041666666666665","0","165","2022-05-16T19:49:00.000Z","1652730540",
"2551","22b77d7829c68dcd","E2:1F:7B:35:CC:08","100","5","3.125","1","165","2022-05-16T19:50:00.000Z","1652730600",
"2551","22b77d7829c68dcd","E2:1F:7B:35:CC:08","100","5","3.125","0","165","2022-05-16T19:51:00.000Z","1652730660",
"2551","22b77d7829c68dcd","E2:1F:7B:35:CC:08","100","4","3.125","0","165","2022-05-16T19:52:00.000Z","1652730720",
"2551","22b77d7829c68dcd","E2:1F:7B:35:CC:08","100","8","3.90625","0","165","2022-05-16T19:53:00.000Z","1652730780",
"2551","22b77d7829c68dcd","E2:1F:7B:35:CC:08","100","0","2.6041666666666665","0","165","2022-05-16T19:54:00.000Z","1652730840",
"2551","22b77d7829c68dcd","E2:1F:7B:35:CC:08","100","5","3.125","0","165","2022-05-16T19:55:00.000Z","1652730900",
"2551","22b77d7829c68dcd","E2:1F:7B:35:CC:08","100","9","3.90625","0","165","2022-05-16T19:56:00.000Z","1652730960",
"2551","22b77d7829c68dcd","E2:1F:7B:35:CC:08","100","5","3.125","2","165","2022-05-16T19:57:00.000Z","1652731020",
"2551","22b77d7829c68dcd","E2:1F:7B:35:CC:08","100","4","3.125","18","165","2022-05-16T19:58:00.000Z","1652731080",
"2551","22b77d7829c68dcd","E2:1F:7B:35:CC:08","100","3","3.125","2","165","2022-05-16T19:59:00.000Z","1652731140",
"2551","22b77d7829c68dcd","E2:1F:7B:35:CC:08","84.84848484848484","1","2.6041666666666665","2","165","2022-05-16T20:00:00.000Z","1652731200",
"2551","22b77d7829c68dcd","E2:1F:7B:35:CC:08","83.63636363636364","7","2.6041666666666665","1","165","2022-05-16T20:01:00.000Z","1652731260",
"2551","22b77d7829c68dcd","E2:1F:7B:35:CC:08","100","7","3.125","1","165","2022-05-16T20:02:00.000Z","1652731320",
"2551","22b77d7829c68dcd","E2:1F:7B:35:CC:08","99.39393939393939","4","3.125","0","165","2022-05-16T20:03:00.000Z","1652731380",
"2551","22b77d7829c68dcd","E2:1F:7B:35:CC:08","100","3","3.125","0","165","2022-05-16T20:04:00.000Z","1652731440",
"2551","22b77d7829c68dcd","E2:1F:7B:35:CC:08","100","7","3.90625","0","165","2022-05-16T20:05:00.000Z","1652731500",
"2551","22b77d7829c68dcd","E2:1F:7B:35:CC:08","100","6","3.125","0","165","2022-05-16T20:06:00.000Z","1652731560",
"2551","22b77d7829c68dcd","E2:1F:7B:35:CC:08","100","7","3.125","1","165","2022-05-16T20:07:00.000Z","1652731620",
"2551","22b77d7829c68dcd","E2:1F:7B:35:CC:08","99.39393939393939","4","3.125","0","165","2022-05-16T20:08:00.000Z","1652731680",
"2551","22b77d7829c68dcd","E2:1F:7B:35:CC:08","100","4","3.125","0","165","2022-05-16T20:09:00.000Z","1652731740",
"2551","22b77d7829c68dcd","E2:1F:7B:35:CC:08","100","7","3.90625","0","165","2022-05-16T20:10:00.000Z","1652731800",
"2551","22b77d7829c68dcd","E2:1F:7B:35:CC:08","100","3","3.125","0","165","2022-05-16T20:11:00.000Z","1652731860",
"2551","22b77d7829c68dcd","E2:1F:7B:35:CC:08","100","4","3.90625","0","165","2022-05-16T20:12:00.000Z","1652731920",
"2551","22b77d7829c68dcd","E2:1F:7B:35:CC:08","100","5","3.90625","1","165","2022-05-16T20:13:00.000Z","1652731980",
"2551","22b77d7829c68dcd","E2:1F:7B:35:CC:08","100","5","3.125","0","165","2022-05-16T20:14:00.000Z","1652732040",
"2551","22b77d7829c68dcd","E2:1F:7B:35:CC:08","100","5","3.90625","0","165","2022-05-16T20:15:00.000Z","1652732100",
"2551","22b77d7829c68dcd","E2:1F:7B:35:CC:08","100","1","3.125","5","165","2022-05-16T20:16:00.000Z","1652732160",
"2551","22b77d7829c68dcd","E2:1F:7B:35:CC:08","100","6","3.125","11","165","2022-05-16T20:17:00.000Z","1652732220",
"2551","22b77d7829c68dcd","E2:1F:7B:35:CC:08","100","10","3.125","4","165","2022-05-16T20:18:00.000Z","1652732280",
"2551","22b77d7829c68dcd","E2:1F:7B:35:CC:08","93.33333333333333","5","2.6041666666666665","0","165","2022-05-16T20:19:00.000Z","1652732340",
"2551","22b77d7829c68dcd","E2:1F:7B:35:CC:08","100","6","1.5625","4","165","2022-05-16T20:20:00.000Z","1652732400",
"2551","22b77d7829c68dcd","E2:1F:7B:35:CC:08","100","8","2.232142857142857","12","165","2022-05-16T20:21:00.000Z","1652732460",
"2551","22b77d7829c68dcd","E2:1F:7B:35:CC:08","95.75757575757575","4","2.6041666666666665","1","165","2022-05-16T20:22:00.000Z","1652732520",
"2551","22b77d7829c68dcd","E2:1F:7B:35:CC:08","100","8","3.125","8","165","2022-05-16T20:23:00.000Z","1652732580",
"2551","22b77d7829c68dcd","E2:1F:7B:35:CC:08","100","7","3.125","12","165","2022-05-16T20:24:00.000Z","1652732640",
"2551","22b77d7829c68dcd","E2:1F:7B:35:CC:08","100","6","3.90625","0","165","2022-05-16T20:25:00.000Z","1652732700",
"2551","22b77d7829c68dcd","E2:1F:7B:35:CC:08","100","7","3.90625","7","165","2022-05-16T20:26:00.000Z","1652732760",
"2551","22b77d7829c68dcd","E2:1F:7B:35:CC:08","100","4","3.90625","8","165","2022-05-16T20:27:00.000Z","1652732820",
"2551","22b77d7829c68dcd","E2:1F:7B:35:CC:08","100","2","3.125","0","165","2022-05-16T20:28:00.000Z","1652732880",
"2551","22b77d7829c68dcd","E2:1F:7B:35:CC:08","100","6","3.125","5","165","2022-05-16T20:29:00.000Z","1652732940",
"2551","22b77d7829c68dcd","E2:1F:7B:35:CC:08","100","6","3.90625","5","165","2022-05-16T20:30:00.000Z","1652733000",
"2551","22b77d7829c68dcd","E2:1F:7B:35:CC:08","100","9","3.125","5","165","2022-05-16T20:31:00.000Z","1652733060",
"2551","22b77d7829c68dcd","E2:1F:7B:35:CC:08","92.12121212121212","7","2.6041666666666665","1","165","2022-05-16T20:32:00.000Z","1652733120",
"2551","22b77d7829c68dcd","E2:1F:7B:35:CC:08","88.48484848484848","3","1.953125","2","165","2022-05-16T20:33:00.000Z","1652733180",
"2551","22b77d7829c68dcd","E2:1F:7B:35:CC:08","82.42424242424242","3","1.5625","1","165","2022-05-16T20:34:00.000Z","1652733240",
"2551","22b77d7829c68dcd","E2:1F:7B:35:CC:08","84.84848484848484","4","2.232142857142857","2","165","2022-05-16T20:35:00.000Z","1652733300",
"2551","22b77d7829c68dcd","E2:1F:7B:35:CC:08","83.63636363636364","4","1.7361111111111112","1","165","2022-05-16T20:36:00.000Z","1652733360",
"2551","22b77d7829c68dcd","E2:1F:7B:35:CC:08","71.51515151515152","3","1.953125","4","165","2022-05-16T20:37:00.000Z","1652733420",
"2551","22b77d7829c68dcd","E2:1F:7B:35:CC:08","80","5","1.7361111111111112","1","165","2022-05-16T20:38:00.000Z","1652733480",
"2551","22b77d7829c68dcd","E2:1F:7B:35:CC:08","65.45454545454545","2","1.7361111111111112","2","165","2022-05-16T20:39:00.000Z","1652733540",
"2551","22b77d7829c68dcd","E2:1F:7B:35:CC:08","60.60606060606061","3","1.5625","0","165","2022-05-16T20:40:00.000Z","1652733600",
"2551","22b77d7829c68dcd","E2:1F:7B:35:CC:08","83.63636363636364","5","2.232142857142857","0","165","2022-05-16T20:41:00.000Z","1652733660",
"2551","22b77d7829c68dcd","E2:1F:7B:35:CC:08","100","7","2.232142857142857","0","165","2022-05-16T20:42:00.000Z","1652733720",
"2551","22b77d7829c68dcd","E2:1F:7B:35:CC:08","100","0","2.6041666666666665","0","165","2022-05-16T20:43:00.000Z","1652733780",
"2551","22b77d7829c68dcd","E2:1F:7B:35:CC:08","100","6","1.7361111111111112","0","165","2022-05-16T20:44:00.000Z","1652733840",
"2551","22b77d7829c68dcd","E2:1F:7B:35:CC:08","100","8","2.232142857142857","0","165","2022-05-16T20:45:00.000Z","1652733900",
"2551","22b77d7829c68dcd","E2:1F:7B:35:CC:08","84.84848484848484","3","2.232142857142857","0","165","2022-05-16T20:46:00.000Z","1652733960",
"2551","22b77d7829c68dcd","E2:1F:7B:35:CC:08","88.48484848484848","7","2.6041666666666665","5","165","2022-05-16T20:47:00.000Z","1652734020",
"2551","22b77d7829c68dcd","E2:1F:7B:35:CC:08","96.96969696969697","5","3.125","5","165","2022-05-16T20:48:00.000Z","1652734080",
"2551","22b77d7829c68dcd","E2:1F:7B:35:CC:08","94.54545454545455","2","2.232142857142857","4","165","2022-05-16T20:49:00.000Z","1652734140",
"2551","22b77d7829c68dcd","E2:1F:7B:35:CC:08","83.63636363636364","3","2.6041666666666665","0","165","2022-05-16T20:50:00.000Z","1652734200",
"2551","22b77d7829c68dcd","E2:1F:7B:35:CC:08","83.63636363636364","1","1.953125","0","165","2022-05-16T20:51:00.000Z","1652734260",
"2551","22b77d7829c68dcd","E2:1F:7B:35:CC:08","73.93939393939394","1","1.5625","5","165","2022-05-16T20:52:00.000Z","1652734320",
"2551","22b77d7829c68dcd","E2:1F:7B:35:CC:08","67.87878787878788","1","1.7361111111111112","4","165","2022-05-16T20:53:00.000Z","1652734380",
"2551","22b77d7829c68dcd","E2:1F:7B:35:CC:08","56.96969696969697","2","1.7361111111111112","0","165","2022-05-16T20:54:00.000Z","1652734440",
"2551","22b77d7829c68dcd","E2:1F:7B:35:CC:08","48.484848484848484","3","1.953125","0","165","2022-05-16T20:55:00.000Z","1652734500",
"2551","22b77d7829c68dcd","E2:1F:7B:35:CC:08","69.0909090909091","7","1.7361111111111112","0","165","2022-05-16T20:56:00.000Z","1652734560",
"2551","22b77d7829c68dcd","E2:1F:7B:35:CC:08","81.21212121212122","2","1.5625","18","165","2022-05-16T20:57:00.000Z","1652734620",
"2551","22b77d7829c68dcd","E2:1F:7B:35:CC:08","76.36363636363636","4","1.4204545454545454","14","165","2022-05-16T20:58:00.000Z","1652734680",
"2551","22b77d7829c68dcd","E2:1F:7B:35:CC:08","64.24242424242425","2","1.2019230769230769","23","165","2022-05-16T20:59:00.000Z","1652734740",
"2551","22b77d7829c68dcd","E2:1F:7B:35:CC:08","58.18181818181818","5","1.4204545454545454","21","165","2022-05-16T21:00:00.000Z","1652734800",
"2551","22b77d7829c68dcd","E2:1F:7B:35:CC:08","80","10","1.7361111111111112","12","165","2022-05-16T21:01:00.000Z","1652734860",
"2551","22b77d7829c68dcd","E2:1F:7B:35:CC:08","98.18181818181819","8","0.6510416666666666","9","165","2022-05-16T21:02:00.000Z","1652734920",
"2551","22b77d7829c68dcd","E2:1F:7B:35:CC:08","100","10","1.2019230769230769","9","165","2022-05-16T21:03:00.000Z","1652734980",
"2551","22b77d7829c68dcd","E2:1F:7B:35:CC:08","99.39393939393939","3","1.4204545454545454","5","165","2022-05-16T21:04:00.000Z","1652735040",
"2551","22b77d7829c68dcd","E2:1F:7B:35:CC:08","93.33333333333333","0","0.4340277777777778","14","165","2022-05-16T21:05:00.000Z","1652735100",
"2551","22b77d7829c68dcd","E2:1F:7B:35:CC:08","90.9090909090909","0","0.6793478260869565","14","165","2022-05-16T21:06:00.000Z","1652735160",
"2551","22b77d7829c68dcd","E2:1F:7B:35:CC:08","84.84848484848484","11","0.625","19","165","2022-05-16T21:07:00.000Z","1652735220",
"2551","22b77d7829c68dcd","E2:1F:7B:35:CC:08","82.42424242424242","0","0.6793478260869565","21","165","2022-05-16T21:08:00.000Z","1652735280",
"2551","22b77d7829c68dcd","E2:1F:7B:35:CC:08","78.78787878787878","11","0.9765625","18","165","2022-05-16T21:09:00.000Z","1652735340",
"2551","22b77d7829c68dcd","E2:1F:7B:35:CC:08","70.3030303030303","9","0.9765625","7","165","2022-05-16T21:10:00.000Z","1652735400",
"2551","22b77d7829c68dcd","E2:1F:7B:35:CC:08","71.51515151515152","4","1.3020833333333333","16","165","2022-05-16T21:11:00.000Z","1652735460",
"2551","22b77d7829c68dcd","E2:1F:7B:35:CC:08","66.66666666666667","0","1.3020833333333333","22","165","2022-05-16T21:12:00.000Z","1652735520",
"2551","22b77d7829c68dcd","E2:1F:7B:35:CC:08","75.15151515151516","5","1.2019230769230769","8","165","2022-05-16T21:13:00.000Z","1652735580",
"2551","22b77d7829c68dcd","E2:1F:7B:35:CC:08","75.15151515151516","0","0.9191176470588235","19","165","2022-05-16T21:14:00.000Z","1652735640",
"2551","22b77d7829c68dcd","E2:1F:7B:35:CC:08","83.63636363636364","2","1.1160714285714286","26","165","2022-05-16T21:15:00.000Z","1652735700",
"2551","22b77d7829c68dcd","E2:1F:7B:35:CC:08","83.63636363636364","11","1.3020833333333333","29","165","2022-05-16T21:16:00.000Z","1652735760",
"2551","22b77d7829c68dcd","E2:1F:7B:35:CC:08","83.63636363636364","0","0.8680555555555556","32","165","2022-05-16T21:17:00.000Z","1652735820",
"2551","22b77d7829c68dcd","E2:1F:7B:35:CC:08","81.21212121212122","17","1.1160714285714286","16","165","2022-05-16T21:18:00.000Z","1652735880",
"2551","22b77d7829c68dcd","E2:1F:7B:35:CC:08","80","0","1.2019230769230769","16","165","2022-05-16T21:19:00.000Z","1652735940",
"2551","22b77d7829c68dcd","E2:1F:7B:35:CC:08","78.78787878787878","0","2.232142857142857","11","165","2022-05-16T21:20:00.000Z","1652736000",
"2551","22b77d7829c68dcd","E2:1F:7B:35:CC:08","78.78787878787878","18","0.7440476190476191","14","165","2022-05-16T21:21:00.000Z","1652736060",
"2551","22b77d7829c68dcd","E2:1F:7B:35:CC:08","98.18181818181819","7","1.7361111111111112","5","165","2022-05-16T21:22:00.000Z","1652736120",
"2551","22b77d7829c68dcd","E2:1F:7B:35:CC:08","100","7","1.953125","0","165","2022-05-16T21:23:00.000Z","1652736180",
"2551","22b77d7829c68dcd","E2:1F:7B:35:CC:08","100","5","2.232142857142857","2","165","2022-05-16T21:24:00.000Z","1652736240",
"2551","22b77d7829c68dcd","E2:1F:7B:35:CC:08","95.75757575757575","6","2.232142857142857","2","165","2022-05-16T21:25:00.000Z","1652736300",
"2551","22b77d7829c68dcd","E2:1F:7B:35:CC:08","82.42424242424242","5","1.953125","0","165","2022-05-16T21:26:00.000Z","1652736360",
"2551","22b77d7829c68dcd","E2:1F:7B:35:CC:08","100","7","2.6041666666666665","5","165","2022-05-16T21:27:00.000Z","1652736420",
"2551","22b77d7829c68dcd","E2:1F:7B:35:CC:08","95.75757575757575","5","2.6041666666666665","2","165","2022-05-16T21:28:00.000Z","1652736480",
"2551","22b77d7829c68dcd","E2:1F:7B:35:CC:08","80","11","3.125","0","165","2022-05-16T21:29:00.000Z","1652736540",
"2551","22b77d7829c68dcd","E2:1F:7B:35:CC:08","77.57575757575758","3","2.232142857142857","2","165","2022-05-16T21:30:00.000Z","1652736600",
"2551","22b77d7829c68dcd","E2:1F:7B:35:CC:08","80","2","2.232142857142857","0","165","2022-05-16T21:31:00.000Z","1652736660",
"2551","22b77d7829c68dcd","E2:1F:7B:35:CC:08","78.78787878787878","4","1.5625","1","165","2022-05-16T21:32:00.000Z","1652736720",
"2551","22b77d7829c68dcd","E2:1F:7B:35:CC:08","64.24242424242425","3","1.5625","0","165","2022-05-16T21:33:00.000Z","1652736780",
"2551","22b77d7829c68dcd","E2:1F:7B:35:CC:08","56.96969696969697","5","1.7361111111111112","0","165","2022-05-16T21:34:00.000Z","1652736840",
"2551","22b77d7829c68dcd","E2:1F:7B:35:CC:08","55.75757575757576","9","0.33967391304347827","1","165","2022-05-16T21:35:00.000Z","1652736900",
"2551","22b77d7829c68dcd","E2:1F:7B:35:CC:08","56.96969696969697","0","0.41118421052631576","0","165","2022-05-16T21:36:00.000Z","1652736960",
"2551","22b77d7829c68dcd","E2:1F:7B:35:CC:08","58.18181818181818","4","0.45955882352941174","0","165","2022-05-16T21:37:00.000Z","1652737020",
"2551","22b77d7829c68dcd","E2:1F:7B:35:CC:08","61.81818181818182","0","0.7440476190476191","2","165","2022-05-16T21:38:00.000Z","1652737080",
"2551","22b77d7829c68dcd","E2:1F:7B:35:CC:08","66.66666666666667","4","0.9191176470588235","1","165","2022-05-16T21:39:00.000Z","1652737140",
"2551","22b77d7829c68dcd","E2:1F:7B:35:CC:08","56.96969696969697","3","1.2019230769230769","0","165","2022-05-16T21:40:00.000Z","1652737200",
"2551","22b77d7829c68dcd","E2:1F:7B:35:CC:08","46.06060606060606","1","1.1160714285714286","0","165","2022-05-16T21:41:00.000Z","1652737260",
"2551","22b77d7829c68dcd","E2:1F:7B:35:CC:08","42.42424242424242","0","0.625","1","165","2022-05-16T21:42:00.000Z","1652737320",
"2551","22b77d7829c68dcd","E2:1F:7B:35:CC:08","58.18181818181818","11","0.8680555555555556","1","165","2022-05-16T21:43:00.000Z","1652737380",
"2551","22b77d7829c68dcd","E2:1F:7B:35:CC:08","73.93939393939394","4","1.3020833333333333","1","165","2022-05-16T21:44:00.000Z","1652737440",
"2551","22b77d7829c68dcd","E2:1F:7B:35:CC:08","100","12","1.953125","2","165","2022-05-16T21:45:00.000Z","1652737500",
"2551","22b77d7829c68dcd","E2:1F:7B:35:CC:08","100","8","2.232142857142857","22","165","2022-05-16T21:46:00.000Z","1652737560",
"2551","22b77d7829c68dcd","E2:1F:7B:35:CC:08","100","0","1.2019230769230769","1","165","2022-05-16T21:47:00.000Z","1652737620",
"2551","22b77d7829c68dcd","E2:1F:7B:35:CC:08","100","5","0.15782828282828282","2","165","2022-05-16T21:48:00.000Z","1652737680",
"2551","22b77d7829c68dcd","E2:1F:7B:35:CC:08","100","6","0.6793478260869565","1","165","2022-05-16T21:49:00.000Z","1652737740",
"2551","22b77d7829c68dcd","E2:1F:7B:35:CC:08","70.3030303030303","3","0.7440476190476191","0","165","2022-05-16T21:50:00.000Z","1652737800",
"2551","22b77d7829c68dcd","E2:1F:7B:35:CC:08","46.06060606060606","3","0.8680555555555556","0","165","2022-05-16T21:51:00.000Z","1652737860",
"2551","22b77d7829c68dcd","E2:1F:7B:35:CC:08","48.484848484848484","4","1.0416666666666667","1","165","2022-05-16T21:52:00.000Z","1652737920",
"2551","22b77d7829c68dcd","E2:1F:7B:35:CC:08","35.15151515151515","2","1.2019230769230769","1","165","2022-05-16T21:53:00.000Z","1652737980",
"2551","22b77d7829c68dcd","E2:1F:7B:35:CC:08","32.72727272727273","5","1.3020833333333333","0","165","2022-05-16T21:54:00.000Z","1652738040",
"2551","22b77d7829c68dcd","E2:1F:7B:35:CC:08","43.63636363636363","3","1.5625","0","165","2022-05-16T21:55:00.000Z","1652738100",
"2551","22b77d7829c68dcd","E2:1F:7B:35:CC:08","43.63636363636363","4","1.7361111111111112","0","165","2022-05-16T21:56:00.000Z","1652738160",
"2551","22b77d7829c68dcd","E2:1F:7B:35:CC:08","41.21212121212121","6","1.953125","0","165","2022-05-16T21:57:00.000Z","1652738220",
"2551","22b77d7829c68dcd","E2:1F:7B:35:CC:08","48.484848484848484","7","1.953125","0","165","2022-05-16T21:58:00.000Z","1652738280",
"2551","22b77d7829c68dcd","E2:1F:7B:35:CC:08","56.96969696969697","7","2.232142857142857","0","165","2022-05-16T21:59:00.000Z","1652738340",
"2551","22b77d7829c68dcd","E2:1F:7B:35:CC:08","49.696969696969695","7","2.6041666666666665","0","165","2022-05-16T22:00:00.000Z","1652738400",
"2551","22b77d7829c68dcd","E2:1F:7B:35:CC:08","52.121212121212125","8","2.6041666666666665","0","165","2022-05-16T22:01:00.000Z","1652738460",
"2551","22b77d7829c68dcd","E2:1F:7B:35:CC:08","54.54545454545455","7","3.125","0","165","2022-05-16T22:02:00.000Z","1652738520",
"2551","22b77d7829c68dcd","E2:1F:7B:35:CC:08","50.90909090909091","7","3.125","0","165","2022-05-16T22:03:00.000Z","1652738580",
"2551","22b77d7829c68dcd","E2:1F:7B:35:CC:08","52.121212121212125","6","3.125","1","165","2022-05-16T22:04:00.000Z","1652738640",
"2551","22b77d7829c68dcd","E2:1F:7B:35:CC:08","49.696969696969695","4","3.125","0","165","2022-05-16T22:05:00.000Z","1652738700",
"2551","22b77d7829c68dcd","E2:1F:7B:35:CC:08","46.06060606060606","7","3.125","0","165","2022-05-16T22:06:00.000Z","1652738760",
"2551","22b77d7829c68dcd","E2:1F:7B:35:CC:08","48.484848484848484","5","3.90625","0","165","2022-05-16T22:07:00.000Z","1652738820",
"2551","22b77d7829c68dcd","E2:1F:7B:35:CC:08","42.42424242424242","4","3.90625","0","165","2022-05-16T22:08:00.000Z","1652738880",
"2551","22b77d7829c68dcd","E2:1F:7B:35:CC:08","46.06060606060606","4","3.90625","0","165","2022-05-16T22:09:00.000Z","1652738940",
"2551","22b77d7829c68dcd","E2:1F:7B:35:CC:08","40","3","3.90625","0","165","2022-05-16T22:10:00.000Z","1652739000",
"2551","22b77d7829c68dcd","E2:1F:7B:35:CC:08","40","2","3.90625","0","165","2022-05-16T22:11:00.000Z","1652739060",
"2551","22b77d7829c68dcd","E2:1F:7B:35:CC:08","43.63636363636363","5","3.90625","0","165","2022-05-16T22:12:00.000Z","1652739120",
"2551","22b77d7829c68dcd","E2:1F:7B:35:CC:08","42.42424242424242","4","3.90625","0","165","2022-05-16T22:13:00.000Z","1652739180",
"2551","22b77d7829c68dcd","E2:1F:7B:35:CC:08","40","5","3.90625","0","165","2022-05-16T22:14:00.000Z","1652739240",
"2551","22b77d7829c68dcd","E2:1F:7B:35:CC:08","38.78787878787879","1","3.90625","0","165","2022-05-16T22:15:00.000Z","1652739300",
"2551","22b77d7829c68dcd","E2:1F:7B:35:CC:08","43.63636363636363","2","3.90625","0","165","2022-05-16T22:16:00.000Z","1652739360",
"2551","22b77d7829c68dcd","E2:1F:7B:35:CC:08","38.78787878787879","4","3.90625","0","165","2022-05-16T22:17:00.000Z","1652739420",
"2551","22b77d7829c68dcd","E2:1F:7B:35:CC:08","38.78787878787879","3","3.90625","0","165","2022-05-16T22:18:00.000Z","1652739480",
"2551","22b77d7829c68dcd","E2:1F:7B:35:CC:08","38.78787878787879","4","3.90625","0","165","2022-05-16T22:19:00.000Z","1652739540",
"2551","22b77d7829c68dcd","E2:1F:7B:35:CC:08","41.21212121212121","2","3.90625","0","165","2022-05-16T22:20:00.000Z","1652739600",
"2551","22b77d7829c68dcd","E2:1F:7B:35:CC:08","38.78787878787879","3","3.90625","0","165","2022-05-16T22:21:00.000Z","1652739660",
"2551","22b77d7829c68dcd","E2:1F:7B:35:CC:08","36.36363636363637","3","3.90625","0","165","2022-05-16T22:22:00.000Z","1652739720",
"2551","22b77d7829c68dcd","E2:1F:7B:35:CC:08","44.84848484848485","5","3.90625","0","165","2022-05-16T22:23:00.000Z","1652739780",
"2551","22b77d7829c68dcd","E2:1F:7B:35:CC:08","41.21212121212121","2","3.90625","0","165","2022-05-16T22:24:00.000Z","1652739840",
"2551","22b77d7829c68dcd","E2:1F:7B:35:CC:08","42.42424242424242","3","3.90625","0","165","2022-05-16T22:25:00.000Z","1652739900",
"2551","22b77d7829c68dcd","E2:1F:7B:35:CC:08","47.27272727272727","4","3.90625","0","165","2022-05-16T22:26:00.000Z","1652739960",
"2551","22b77d7829c68dcd","E2:1F:7B:35:CC:08","47.27272727272727","4","3.90625","0","165","2022-05-16T22:27:00.000Z","1652740020",
"2551","22b77d7829c68dcd","E2:1F:7B:35:CC:08","46.06060606060606","5","3.90625","0","165","2022-05-16T22:28:00.000Z","1652740080",
"2551","22b77d7829c68dcd","E2:1F:7B:35:CC:08","42.42424242424242","2","3.90625","0","165","2022-05-16T22:29:00.000Z","1652740140",
"2551","22b77d7829c68dcd","E2:1F:7B:35:CC:08","38.78787878787879","1","3.90625","0","165","2022-05-16T22:30:00.000Z","1652740200",
"2551","22b77d7829c68dcd","E2:1F:7B:35:CC:08","46.06060606060606","4","3.90625","0","165","2022-05-16T22:31:00.000Z","1652740260",
"2551","22b77d7829c68dcd","E2:1F:7B:35:CC:08","46.06060606060606","4","3.90625","0","165","2022-05-16T22:32:00.000Z","1652740320",
"2551","22b77d7829c68dcd","E2:1F:7B:35:CC:08","49.696969696969695","4","3.90625","0","165","2022-05-16T22:33:00.000Z","1652740380",
"2551","22b77d7829c68dcd","E2:1F:7B:35:CC:08","50.90909090909091","4","3.90625","0","165","2022-05-16T22:34:00.000Z","1652740440",
"2551","22b77d7829c68dcd","E2:1F:7B:35:CC:08","48.484848484848484","4","3.90625","0","165","2022-05-16T22:35:00.000Z","1652740500",
"2551","22b77d7829c68dcd","E2:1F:7B:35:CC:08","44.84848484848485","2","3.90625","0","165","2022-05-16T22:36:00.000Z","1652740560",
"2551","22b77d7829c68dcd","E2:1F:7B:35:CC:08","38.78787878787879","3","3.90625","0","165","2022-05-16T22:37:00.000Z","1652740620",
"2551","22b77d7829c68dcd","E2:1F:7B:35:CC:08","42.42424242424242","5","3.90625","0","165","2022-05-16T22:38:00.000Z","1652740680",
"2551","22b77d7829c68dcd","E2:1F:7B:35:CC:08","49.696969696969695","3","3.90625","0","165","2022-05-16T22:39:00.000Z","1652740740",
"2551","22b77d7829c68dcd","E2:1F:7B:35:CC:08","47.27272727272727","3","3.90625","0","165","2022-05-16T22:40:00.000Z","1652740800",
"2551","22b77d7829c68dcd","E2:1F:7B:35:CC:08","54.54545454545455","6","3.90625","0","165","2022-05-16T22:41:00.000Z","1652740860",
"2551","22b77d7829c68dcd","E2:1F:7B:35:CC:08","49.696969696969695","3","3.90625","0","165","2022-05-16T22:42:00.000Z","1652740920",
"2551","22b77d7829c68dcd","E2:1F:7B:35:CC:08","54.54545454545455","5","3.90625","0","165","2022-05-16T22:43:00.000Z","1652740980",
"2551","22b77d7829c68dcd","E2:1F:7B:35:CC:08","52.121212121212125","4","3.90625","0","165","2022-05-16T22:44:00.000Z","1652741040",
"2551","22b77d7829c68dcd","E2:1F:7B:35:CC:08","60.60606060606061","6","3.90625","0","165","2022-05-16T22:45:00.000Z","1652741100",
"2551","22b77d7829c68dcd","E2:1F:7B:35:CC:08","54.54545454545455","4","3.90625","0","165","2022-05-16T22:46:00.000Z","1652741160",
"2551","22b77d7829c68dcd","E2:1F:7B:35:CC:08","58.18181818181818","3","3.90625","0","165","2022-05-16T22:47:00.000Z","1652741220",
"2551","22b77d7829c68dcd","E2:1F:7B:35:CC:08","59.39393939393939","4","3.90625","0","165","2022-05-16T22:48:00.000Z","1652741280",
"2551","22b77d7829c68dcd","E2:1F:7B:35:CC:08","60.60606060606061","5","3.90625","0","165","2022-05-16T22:49:00.000Z","1652741340",
"2551","22b77d7829c68dcd","E2:1F:7B:35:CC:08","67.87878787878788","5","3.90625","0","165","2022-05-16T22:50:00.000Z","1652741400",
"2551","22b77d7829c68dcd","E2:1F:7B:35:CC:08","53.333333333333336","4","3.90625","0","165","2022-05-16T22:51:00.000Z","1652741460",
"2551","22b77d7829c68dcd","E2:1F:7B:35:CC:08","54.54545454545455","5","3.90625","0","165","2022-05-16T22:52:00.000Z","1652741520",
"2551","22b77d7829c68dcd","E2:1F:7B:35:CC:08","55.75757575757576","5","3.90625","1","165","2022-05-16T22:53:00.000Z","1652741580",
"2551","22b77d7829c68dcd","E2:1F:7B:35:CC:08","49.696969696969695","3","3.90625","0","165","2022-05-16T22:54:00.000Z","1652741640",
"2551","22b77d7829c68dcd","E2:1F:7B:35:CC:08","48.484848484848484","1","3.90625","0","165","2022-05-16T22:55:00.000Z","1652741700",
"2551","22b77d7829c68dcd","E2:1F:7B:35:CC:08","47.27272727272727","3","3.90625","0","165","2022-05-16T22:56:00.000Z","1652741760",
"2551","22b77d7829c68dcd","E2:1F:7B:35:CC:08","59.39393939393939","1","3.90625","0","165","2022-05-16T22:57:00.000Z","1652741820",
"2551","22b77d7829c68dcd","E2:1F:7B:35:CC:08","64.24242424242425","1","3.90625","0","165","2022-05-16T22:58:00.000Z","1652741880",
"2551","22b77d7829c68dcd","E2:1F:7B:35:CC:08","56.96969696969697","0","3.90625","0","165","2022-05-16T22:59:00.000Z","1652741940",
"2551","22b77d7829c68dcd","E2:1F:7B:35:CC:08","43.63636363636363","0","3.125","0","165","2022-05-16T23:00:00.000Z","1652742000",
"2551","22b77d7829c68dcd","E2:1F:7B:35:CC:08","35.15151515151515","0","3.125","0","165","2022-05-16T23:01:00.000Z","1652742060",
"2551","22b77d7829c68dcd","E2:1F:7B:35:CC:08","29.09090909090909","1","3.125","0","165","2022-05-16T23:02:00.000Z","1652742120",
"2551","22b77d7829c68dcd","E2:1F:7B:35:CC:08","26.666666666666668","0","3.125","0","165","2022-05-16T23:03:00.000Z","1652742180",
"2551","22b77d7829c68dcd","E2:1F:7B:35:CC:08","29.09090909090909","1","3.125","0","165","2022-05-16T23:04:00.000Z","1652742240",
"2551","22b77d7829c68dcd","E2:1F:7B:35:CC:08","31.515151515151516","0","3.125","0","165","2022-05-16T23:05:00.000Z","1652742300",
"2551","22b77d7829c68dcd","E2:1F:7B:35:CC:08","27.87878787878788","0","3.125","0","165","2022-05-16T23:06:00.000Z","1652742360",
"2551","22b77d7829c68dcd","E2:1F:7B:35:CC:08","25.454545454545453","0","2.6041666666666665","0","165","2022-05-16T23:07:00.000Z","1652742420",
"2551","22b77d7829c68dcd","E2:1F:7B:35:CC:08","24.242424242424242","0","2.6041666666666665","0","165","2022-05-16T23:08:00.000Z","1652742480",
"2551","22b77d7829c68dcd","E2:1F:7B:35:CC:08","21.818181818181817","0","2.6041666666666665","0","165","2022-05-16T23:09:00.000Z","1652742540",
"2551","22b77d7829c68dcd","E2:1F:7B:35:CC:08","20.606060606060606","0","2.6041666666666665","0","165","2022-05-16T23:10:00.000Z","1652742600",
"2551","22b77d7829c68dcd","E2:1F:7B:35:CC:08","20.606060606060606","0","2.232142857142857","0","165","2022-05-16T23:11:00.000Z","1652742660",
"2551","22b77d7829c68dcd","E2:1F:7B:35:CC:08","20.606060606060606","0","2.232142857142857","0","165","2022-05-16T23:12:00.000Z","1652742720",
"2551","22b77d7829c68dcd","E2:1F:7B:35:CC:08","19.393939393939394","0","2.232142857142857","0","165","2022-05-16T23:13:00.000Z","1652742780",
"2551","22b77d7829c68dcd","E2:1F:7B:35:CC:08","20.606060606060606","0","2.232142857142857","0","165","2022-05-16T23:14:00.000Z","1652742840",
"2551","22b77d7829c68dcd","E2:1F:7B:35:CC:08","19.393939393939394","0","2.232142857142857","0","165","2022-05-16T23:15:00.000Z","1652742900",
"2551","22b77d7829c68dcd","E2:1F:7B:35:CC:08","18.181818181818183","0","2.232142857142857","0","165","2022-05-16T23:16:00.000Z","1652742960",
"2551","22b77d7829c68dcd","E2:1F:7B:35:CC:08","14.545454545454545","0","2.232142857142857","0","165","2022-05-16T23:17:00.000Z","1652743020",
"2551","22b77d7829c68dcd","E2:1F:7B:35:CC:08","13.333333333333334","0","2.232142857142857","0","165","2022-05-16T23:18:00.000Z","1652743080",
"2551","22b77d7829c68dcd","E2:1F:7B:35:CC:08","14.545454545454545","0","2.232142857142857","0","165","2022-05-16T23:19:00.000Z","1652743140",
"2551","22b77d7829c68dcd","E2:1F:7B:35:CC:08","14.545454545454545","0","2.232142857142857","0","165","2022-05-16T23:20:00.000Z","1652743200",
"2551","22b77d7829c68dcd","E2:1F:7B:35:CC:08","13.333333333333334","0","2.232142857142857","0","165","2022-05-16T23:21:00.000Z","1652743260",
"2551","22b77d7829c68dcd","E2:1F:7B:35:CC:08","15.757575757575758","0","2.232142857142857","0","165","2022-05-16T23:22:00.000Z","1652743320",
"2551","22b77d7829c68dcd","E2:1F:7B:35:CC:08","15.757575757575758","0","2.232142857142857","0","165","2022-05-16T23:23:00.000Z","1652743380",
"2551","22b77d7829c68dcd","E2:1F:7B:35:CC:08","15.757575757575758","0","1.953125","0","165","2022-05-16T23:24:00.000Z","1652743440",
"2551","22b77d7829c68dcd","E2:1F:7B:35:CC:08","14.545454545454545","0","1.953125","0","165","2022-05-16T23:25:00.000Z","1652743500",
"2551","22b77d7829c68dcd","E2:1F:7B:35:CC:08","14.545454545454545","0","1.953125","0","165","2022-05-16T23:26:00.000Z","1652743560",
"2551","22b77d7829c68dcd","E2:1F:7B:35:CC:08","14.545454545454545","0","1.953125","0","165","2022-05-16T23:27:00.000Z","1652743620",
"2551","22b77d7829c68dcd","E2:1F:7B:35:CC:08","14.545454545454545","0","1.953125","0","165","2022-05-16T23:28:00.000Z","1652743680",
"2551","22b77d7829c68dcd","E2:1F:7B:35:CC:08","14.545454545454545","0","1.7361111111111112","1","165","2022-05-16T23:29:00.000Z","1652743740",
"2551","22b77d7829c68dcd","E2:1F:7B:35:CC:08","18.181818181818183","0","1.7361111111111112","0","165","2022-05-16T23:30:00.000Z","1652743800",
"2551","22b77d7829c68dcd","E2:1F:7B:35:CC:08","13.333333333333334","0","1.7361111111111112","0","165","2022-05-16T23:31:00.000Z","1652743860",
"2551","22b77d7829c68dcd","E2:1F:7B:35:CC:08","12.121212121212121","0","1.7361111111111112","0","165","2022-05-16T23:32:00.000Z","1652743920",
"2551","22b77d7829c68dcd","E2:1F:7B:35:CC:08","14.545454545454545","0","1.7361111111111112","0","165","2022-05-16T23:33:00.000Z","1652743980",
"2551","22b77d7829c68dcd","E2:1F:7B:35:CC:08","13.333333333333334","0","1.7361111111111112","0","165","2022-05-16T23:34:00.000Z","1652744040",
"2551","22b77d7829c68dcd","E2:1F:7B:35:CC:08","13.333333333333334","0","1.7361111111111112","0","165","2022-05-16T23:35:00.000Z","1652744100",
"2551","22b77d7829c68dcd","E2:1F:7B:35:CC:08","12.121212121212121","0","1.7361111111111112","0","165","2022-05-16T23:36:00.000Z","1652744160",
"2551","22b77d7829c68dcd","E2:1F:7B:35:CC:08","10.909090909090908","0","1.7361111111111112","0","165","2022-05-16T23:37:00.000Z","1652744220",
"2551","22b77d7829c68dcd","E2:1F:7B:35:CC:08","10.909090909090908","0","1.5625","0","165","2022-05-16T23:38:00.000Z","1652744280",
"2551","22b77d7829c68dcd","E2:1F:7B:35:CC:08","10.909090909090908","0","1.5625","0","165","2022-05-16T23:39:00.000Z","1652744340",
"2551","22b77d7829c68dcd","E2:1F:7B:35:CC:08","10.909090909090908","0","1.5625","0","165","2022-05-16T23:40:00.000Z","1652744400",
"2551","22b77d7829c68dcd","E2:1F:7B:35:CC:08","9.696969696969697","0","1.5625","0","165","2022-05-16T23:41:00.000Z","1652744460",
"2551","22b77d7829c68dcd","E2:1F:7B:35:CC:08","9.696969696969697","0","1.5625","0","165","2022-05-16T23:42:00.000Z","1652744520",
"2551","22b77d7829c68dcd","E2:1F:7B:35:CC:08","10.909090909090908","0","1.5625","0","165","2022-05-16T23:43:00.000Z","1652744580",
"2551","22b77d7829c68dcd","E2:1F:7B:35:CC:08","10.909090909090908","0","1.5625","0","165","2022-05-16T23:44:00.000Z","1652744640",
"2551","22b77d7829c68dcd","E2:1F:7B:35:CC:08","13.333333333333334","0","1.5625","0","165","2022-05-16T23:45:00.000Z","1652744700",
"2551","22b77d7829c68dcd","E2:1F:7B:35:CC:08","18.181818181818183","0","1.5625","0","165","2022-05-16T23:46:00.000Z","1652744760",
"2551","22b77d7829c68dcd","E2:1F:7B:35:CC:08","16.96969696969697","0","1.5625","0","165","2022-05-16T23:47:00.000Z","1652744820",
"2551","22b77d7829c68dcd","E2:1F:7B:35:CC:08","15.757575757575758","0","1.5625","0","165","2022-05-16T23:48:00.000Z","1652744880",
"2551","22b77d7829c68dcd","E2:1F:7B:35:CC:08","15.757575757575758","0","1.5625","0","165","2022-05-16T23:49:00.000Z","1652744940",
"2551","22b77d7829c68dcd","E2:1F:7B:35:CC:08","13.333333333333334","0","1.5625","0","165","2022-05-16T23:50:00.000Z","1652745000",
"2551","22b77d7829c68dcd","E2:1F:7B:35:CC:08","15.757575757575758","0","1.5625","0","165","2022-05-16T23:51:00.000Z","1652745060",
"2551","22b77d7829c68dcd","E2:1F:7B:35:CC:08","19.393939393939394","0","1.5625","0","165","2022-05-16T23:52:00.000Z","1652745120",
"2551","22b77d7829c68dcd","E2:1F:7B:35:CC:08","19.393939393939394","0","1.5625","0","165","2022-05-16T23:53:00.000Z","1652745180",
"2551","22b77d7829c68dcd","E2:1F:7B:35:CC:08","25.454545454545453","1","1.5625","0","165","2022-05-16T23:54:00.000Z","1652745240",
"2551","22b77d7829c68dcd","E2:1F:7B:35:CC:08","38.78787878787879","2","1.1160714285714286","5","165","2022-05-16T23:55:00.000Z","1652745300",
"2551","22b77d7829c68dcd","E2:1F:7B:35:CC:08","42.42424242424242","6","1.3020833333333333","1","165","2022-05-16T23:56:00.000Z","1652745360",
"2551","22b77d7829c68dcd","E2:1F:7B:35:CC:08","49.696969696969695","4","1.2019230769230769","0","165","2022-05-16T23:57:00.000Z","1652745420",
"2551","22b77d7829c68dcd","E2:1F:7B:35:CC:08","40","1","1.3020833333333333","4","165","2022-05-16T23:58:00.000Z","1652745480",
"2551","22b77d7829c68dcd","E2:1F:7B:35:CC:08","29.09090909090909","0","1.2019230769230769","0","165","2022-05-16T23:59:00.000Z","1652745540",
"2551","22b77d7829c68dcd","E2:1F:7B:35:CC:08","18.181818181818183","0","1.2019230769230769","0","165","2022-05-17T00:00:00.000Z","1652745600",
"2551","22b77d7829c68dcd","E2:1F:7B:35:CC:08","14.545454545454545","0","1.2019230769230769","0","165","2022-05-17T00:01:00.000Z","1652745660",
"2551","22b77d7829c68dcd","E2:1F:7B:35:CC:08","12.121212121212121","0","1.1160714285714286","0","165","2022-05-17T00:02:00.000Z","1652745720",
"2551","22b77d7829c68dcd","E2:1F:7B:35:CC:08","10.909090909090908","0","1.1160714285714286","0","165","2022-05-17T00:03:00.000Z","1652745780",
"2551","22b77d7829c68dcd","E2:1F:7B:35:CC:08","9.696969696969697","0","1.1160714285714286","0","165","2022-05-17T00:04:00.000Z","1652745840",
"2551","22b77d7829c68dcd","E2:1F:7B:35:CC:08","8.484848484848484","0","1.1160714285714286","0","165","2022-05-17T00:05:00.000Z","1652745900",
"2551","22b77d7829c68dcd","E2:1F:7B:35:CC:08","8.484848484848484","0","1.0416666666666667","0","165","2022-05-17T00:06:00.000Z","1652745960",
"2551","22b77d7829c68dcd","E2:1F:7B:35:CC:08","7.2727272727272725","0","1.0416666666666667","0","165","2022-05-17T00:07:00.000Z","1652746020",
"2551","22b77d7829c68dcd","E2:1F:7B:35:CC:08","8.484848484848484","0","1.0416666666666667","0","165","2022-05-17T00:08:00.000Z","1652746080",
"2551","22b77d7829c68dcd","E2:1F:7B:35:CC:08","8.484848484848484","0","1.0416666666666667","0","165","2022-05-17T00:09:00.000Z","1652746140",
"2551","22b77d7829c68dcd","E2:1F:7B:35:CC:08","7.2727272727272725","0","1.0416666666666667","0","165","2022-05-17T00:10:00.000Z","1652746200",
"2551","22b77d7829c68dcd","E2:1F:7B:35:CC:08","7.2727272727272725","0","1.0416666666666667","0","165","2022-05-17T00:11:00.000Z","1652746260",
"2551","22b77d7829c68dcd","E2:1F:7B:35:CC:08","6.0606060606060606","0","1.0416666666666667","0","165","2022-05-17T00:12:00.000Z","1652746320",
"2551","22b77d7829c68dcd","E2:1F:7B:35:CC:08","6.0606060606060606","0","1.0416666666666667","0","165","2022-05-17T00:13:00.000Z","1652746380",
"2551","22b77d7829c68dcd","E2:1F:7B:35:CC:08","6.0606060606060606","0","1.0416666666666667","0","165","2022-05-17T00:14:00.000Z","1652746440",
"2551","22b77d7829c68dcd","E2:1F:7B:35:CC:08","6.0606060606060606","0","1.0416666666666667","0","165","2022-05-17T00:15:00.000Z","1652746500",
"2551","22b77d7829c68dcd","E2:1F:7B:35:CC:08","6.0606060606060606","0","1.0416666666666667","0","165","2022-05-17T00:16:00.000Z","1652746560",
"2551","22b77d7829c68dcd","E2:1F:7B:35:CC:08","4.848484848484849","0","1.0416666666666667","0","165","2022-05-17T00:17:00.000Z","1652746620",
"2551","22b77d7829c68dcd","E2:1F:7B:35:CC:08","4.848484848484849","0","1.0416666666666667","0","165","2022-05-17T00:18:00.000Z","1652746680",
"2551","22b77d7829c68dcd","E2:1F:7B:35:CC:08","24.242424242424242","0","0.9765625","0","165","2022-05-17T00:19:00.000Z","1652746740",
"2551","22b77d7829c68dcd","E2:1F:7B:35:CC:08","18.181818181818183","0","0.9765625","0","165","2022-05-17T00:20:00.000Z","1652746800",
"2551","22b77d7829c68dcd","E2:1F:7B:35:CC:08","9.696969696969697","0","0.9765625","0","165","2022-05-17T00:21:00.000Z","1652746860",
"2551","22b77d7829c68dcd","E2:1F:7B:35:CC:08","7.2727272727272725","0","0.9765625","0","165","2022-05-17T00:22:00.000Z","1652746920",
"2551","22b77d7829c68dcd","E2:1F:7B:35:CC:08","6.0606060606060606","0","0.9765625","0","165","2022-05-17T00:23:00.000Z","1652746980",
"2551","22b77d7829c68dcd","E2:1F:7B:35:CC:08","6.0606060606060606","0","0.9765625","0","165","2022-05-17T00:24:00.000Z","1652747040",
"2551","22b77d7829c68dcd","E2:1F:7B:35:CC:08","6.0606060606060606","0","0.9765625","0","165","2022-05-17T00:25:00.000Z","1652747100",
"2551","22b77d7829c68dcd","E2:1F:7B:35:CC:08","6.0606060606060606","0","0.9765625","0","165","2022-05-17T00:26:00.000Z","1652747160",
"2551","22b77d7829c68dcd","E2:1F:7B:35:CC:08","4.848484848484849","0","0.9765625","0","165","2022-05-17T00:27:00.000Z","1652747220",
"2551","22b77d7829c68dcd","E2:1F:7B:35:CC:08","4.848484848484849","0","0.6793478260869565","0","165","2022-05-17T00:28:00.000Z","1652747280",
"2551","22b77d7829c68dcd","E2:1F:7B:35:CC:08","3.6363636363636362","0","0.6793478260869565","0","165","2022-05-17T00:29:00.000Z","1652747340",
"2551","22b77d7829c68dcd","E2:1F:7B:35:CC:08","3.6363636363636362","0","0.6793478260869565","0","165","2022-05-17T00:30:00.000Z","1652747400",
"2551","22b77d7829c68dcd","E2:1F:7B:35:CC:08","2.4242424242424243","0","0.6793478260869565","0","165","2022-05-17T00:31:00.000Z","1652747460",
"2551","22b77d7829c68dcd","E2:1F:7B:35:CC:08","2.4242424242424243","0","0.7102272727272727","0","165","2022-05-17T00:32:00.000Z","1652747520",
"2551","22b77d7829c68dcd","E2:1F:7B:35:CC:08","3.6363636363636362","0","0.7102272727272727","0","165","2022-05-17T00:33:00.000Z","1652747580",
"2551","22b77d7829c68dcd","E2:1F:7B:35:CC:08","2.4242424242424243","0","0.7102272727272727","0","165","2022-05-17T00:34:00.000Z","1652747640",
"2551","22b77d7829c68dcd","E2:1F:7B:35:CC:08","4.848484848484849","0","0.6793478260869565","0","165","2022-05-17T00:35:00.000Z","1652747700",
"2551","22b77d7829c68dcd","E2:1F:7B:35:CC:08","2.4242424242424243","0","0.6793478260869565","0","165","2022-05-17T00:36:00.000Z","1652747760",
"2551","22b77d7829c68dcd","E2:1F:7B:35:CC:08","2.4242424242424243","0","0.6793478260869565","0","165","2022-05-17T00:37:00.000Z","1652747820",
"2551","22b77d7829c68dcd","E2:1F:7B:35:CC:08","2.4242424242424243","0","0.6793478260869565","0","165","2022-05-17T00:38:00.000Z","1652747880",
"2551","22b77d7829c68dcd","E2:1F:7B:35:CC:08","2.4242424242424243","0","0.7102272727272727","0","165","2022-05-17T00:39:00.000Z","1652747940",
"2551","22b77d7829c68dcd","E2:1F:7B:35:CC:08","2.4242424242424243","0","0.7102272727272727","0","165","2022-05-17T00:40:00.000Z","1652748000",
"2551","22b77d7829c68dcd","E2:1F:7B:35:CC:08","2.4242424242424243","0","0.7102272727272727","0","165","2022-05-17T00:41:00.000Z","1652748060",
"2551","22b77d7829c68dcd","E2:1F:7B:35:CC:08","3.6363636363636362","0","0.7102272727272727","0","165","2022-05-17T00:42:00.000Z","1652748120",
"2551","22b77d7829c68dcd","E2:1F:7B:35:CC:08","2.4242424242424243","0","0.7102272727272727","0","165","2022-05-17T00:43:00.000Z","1652748180",
"2551","22b77d7829c68dcd","E2:1F:7B:35:CC:08","2.4242424242424243","0","0.7102272727272727","0","165","2022-05-17T00:44:00.000Z","1652748240",
"2551","22b77d7829c68dcd","E2:1F:7B:35:CC:08","3.6363636363636362","0","0.7102272727272727","0","165","2022-05-17T00:45:00.000Z","1652748300",
"2551","22b77d7829c68dcd","E2:1F:7B:35:CC:08","3.6363636363636362","0","0.625","4","165","2022-05-17T00:46:00.000Z","1652748360",
"2551","22b77d7829c68dcd","E2:1F:7B:35:CC:08","9.696969696969697","0","0.6009615384615384","0","165","2022-05-17T00:47:00.000Z","1652748420",
"2551","22b77d7829c68dcd","E2:1F:7B:35:CC:08","8.484848484848484","0","0.625","0","165","2022-05-17T00:48:00.000Z","1652748480",
"2551","22b77d7829c68dcd","E2:1F:7B:35:CC:08","4.848484848484849","0","0.6510416666666666","0","165","2022-05-17T00:49:00.000Z","1652748540",
"2551","22b77d7829c68dcd","E2:1F:7B:35:CC:08","3.6363636363636362","0","0.6793478260869565","0","165","2022-05-17T00:50:00.000Z","1652748600",
"2551","22b77d7829c68dcd","E2:1F:7B:35:CC:08","3.6363636363636362","0","0.6793478260869565","0","165","2022-05-17T00:51:00.000Z","1652748660",
"2551","22b77d7829c68dcd","E2:1F:7B:35:CC:08","18.181818181818183","2","0.6793478260869565","7","165","2022-05-17T00:52:00.000Z","1652748720",
"2551","22b77d7829c68dcd","E2:1F:7B:35:CC:08","21.818181818181817","0","0.7102272727272727","0","165","2022-05-17T00:53:00.000Z","1652748780",
"2551","22b77d7829c68dcd","E2:1F:7B:35:CC:08","8.484848484848484","0","0.7102272727272727","0","165","2022-05-17T00:54:00.000Z","1652748840",
"2551","22b77d7829c68dcd","E2:1F:7B:35:CC:08","3.6363636363636362","0","0.7440476190476191","0","165","2022-05-17T00:55:00.000Z","1652748900",
"2551","22b77d7829c68dcd","E2:1F:7B:35:CC:08","2.4242424242424243","0","0.7440476190476191","0","165","2022-05-17T00:56:00.000Z","1652748960",
"2551","22b77d7829c68dcd","E2:1F:7B:35:CC:08","3.6363636363636362","0","0.7440476190476191","0","165","2022-05-17T00:57:00.000Z","1652749020",
"2551","22b77d7829c68dcd","E2:1F:7B:35:CC:08","2.4242424242424243","0","0.7440476190476191","0","165","2022-05-17T00:58:00.000Z","1652749080",
"2551","22b77d7829c68dcd","E2:1F:7B:35:CC:08","2.4242424242424243","0","0.78125","0","165","2022-05-17T00:59:00.000Z","1652749140",
"2551","22b77d7829c68dcd","E2:1F:7B:35:CC:08","2.4242424242424243","0","0.78125","0","165","2022-05-17T01:00:00.000Z","1652749200",
"2551","22b77d7829c68dcd","E2:1F:7B:35:CC:08","2.4242424242424243","0","0.44642857142857145","1","165","2022-05-17T01:01:00.000Z","1652749260",
"2551","22b77d7829c68dcd","E2:1F:7B:35:CC:08","7.2727272727272725","1","0.48828125","2","165","2022-05-17T01:02:00.000Z","1652749320",
"2551","22b77d7829c68dcd","E2:1F:7B:35:CC:08","6.0606060606060606","0","0.48828125","0","165","2022-05-17T01:03:00.000Z","1652749380",
"2551","22b77d7829c68dcd","E2:1F:7B:35:CC:08","4.848484848484849","0","0.48828125","0","165","2022-05-17T01:04:00.000Z","1652749440",
"2551","22b77d7829c68dcd","E2:1F:7B:35:CC:08","4.848484848484849","0","0.4734848484848485","0","165","2022-05-17T01:05:00.000Z","1652749500",
"2551","22b77d7829c68dcd","E2:1F:7B:35:CC:08","4.848484848484849","0","0.4734848484848485","0","165","2022-05-17T01:06:00.000Z","1652749560",
"2551","22b77d7829c68dcd","E2:1F:7B:35:CC:08","4.848484848484849","0","0.4734848484848485","0","165","2022-05-17T01:07:00.000Z","1652749620",
"2551","22b77d7829c68dcd","E2:1F:7B:35:CC:08","3.6363636363636362","0","0.4734848484848485","0","165","2022-05-17T01:08:00.000Z","1652749680",
"2551","22b77d7829c68dcd","E2:1F:7B:35:CC:08","3.6363636363636362","0","0.4734848484848485","0","165","2022-05-17T01:09:00.000Z","1652749740",
"2551","22b77d7829c68dcd","E2:1F:7B:35:CC:08","3.6363636363636362","0","0.4734848484848485","0","165","2022-05-17T01:10:00.000Z","1652749800",
"2551","22b77d7829c68dcd","E2:1F:7B:35:CC:08","3.6363636363636362","0","0.4734848484848485","0","165","2022-05-17T01:11:00.000Z","1652749860",
"2551","22b77d7829c68dcd","E2:1F:7B:35:CC:08","3.6363636363636362","0","0.45955882352941174","0","165","2022-05-17T01:12:00.000Z","1652749920",
"2551","22b77d7829c68dcd","E2:1F:7B:35:CC:08","3.6363636363636362","0","0.45955882352941174","0","165","2022-05-17T01:13:00.000Z","1652749980",
"2551","22b77d7829c68dcd","E2:1F:7B:35:CC:08","3.6363636363636362","0","0.45955882352941174","0","165","2022-05-17T01:14:00.000Z","1652750040",
"2551","22b77d7829c68dcd","E2:1F:7B:35:CC:08","3.6363636363636362","0","0.45955882352941174","0","165","2022-05-17T01:15:00.000Z","1652750100",
"2551","22b77d7829c68dcd","E2:1F:7B:35:CC:08","3.6363636363636362","0","0.45955882352941174","0","165","2022-05-17T01:16:00.000Z","1652750160",
"2551","22b77d7829c68dcd","E2:1F:7B:35:CC:08","3.6363636363636362","0","0.45955882352941174","0","165","2022-05-17T01:17:00.000Z","1652750220",
"2551","22b77d7829c68dcd","E2:1F:7B:35:CC:08","3.6363636363636362","0","0.45955882352941174","0","165","2022-05-17T01:18:00.000Z","1652750280",
"2551","22b77d7829c68dcd","E2:1F:7B:35:CC:08","3.6363636363636362","0","0.45955882352941174","0","165","2022-05-17T01:19:00.000Z","1652750340",
"2551","22b77d7829c68dcd","E2:1F:7B:35:CC:08","2.4242424242424243","0","0.45955882352941174","0","165","2022-05-17T01:20:00.000Z","1652750400",
"2551","22b77d7829c68dcd","E2:1F:7B:35:CC:08","2.4242424242424243","0","0.45955882352941174","0","165","2022-05-17T01:21:00.000Z","1652750460",
"2551","22b77d7829c68dcd","E2:1F:7B:35:CC:08","3.6363636363636362","0","0.45955882352941174","0","165","2022-05-17T01:22:00.000Z","1652750520",
"2551","22b77d7829c68dcd","E2:1F:7B:35:CC:08","3.6363636363636362","0","0.33967391304347827","0","165","2022-05-17T01:23:00.000Z","1652750580",
"2551","22b77d7829c68dcd","E2:1F:7B:35:CC:08","27.87878787878788","7","0.4340277777777778","0","165","2022-05-17T01:24:00.000Z","1652750640",
"2551","22b77d7829c68dcd","E2:1F:7B:35:CC:08","15.757575757575758","0","0.4340277777777778","0","165","2022-05-17T01:25:00.000Z","1652750700",
"2551","22b77d7829c68dcd","E2:1F:7B:35:CC:08","16.96969696969697","1","0.41118421052631576","0","165","2022-05-17T01:26:00.000Z","1652750760",
"2551","22b77d7829c68dcd","E2:1F:7B:35:CC:08","15.757575757575758","0","0.4340277777777778","0","165","2022-05-17T01:27:00.000Z","1652750820",
"2551","22b77d7829c68dcd","E2:1F:7B:35:CC:08","8.484848484848484","0","0.44642857142857145","0","165","2022-05-17T01:28:00.000Z","1652750880",
"2551","22b77d7829c68dcd","E2:1F:7B:35:CC:08","4.848484848484849","0","0.45955882352941174","0","165","2022-05-17T01:29:00.000Z","1652750940",
"2551","22b77d7829c68dcd","E2:1F:7B:35:CC:08","4.848484848484849","0","0.44642857142857145","0","165","2022-05-17T01:30:00.000Z","1652751000",
"2551","22b77d7829c68dcd","E2:1F:7B:35:CC:08","3.6363636363636362","0","0.44642857142857145","0","165","2022-05-17T01:31:00.000Z","1652751060",
"2551","22b77d7829c68dcd","E2:1F:7B:35:CC:08","3.6363636363636362","0","0.45955882352941174","0","165","2022-05-17T01:32:00.000Z","1652751120",
"2551","22b77d7829c68dcd","E2:1F:7B:35:CC:08","2.4242424242424243","0","0.45955882352941174","0","165","2022-05-17T01:33:00.000Z","1652751180",
"2551","22b77d7829c68dcd","E2:1F:7B:35:CC:08","4.848484848484849","0","0.45955882352941174","0","165","2022-05-17T01:34:00.000Z","1652751240",
"2551","22b77d7829c68dcd","E2:1F:7B:35:CC:08","3.6363636363636362","0","0.45955882352941174","0","165","2022-05-17T01:35:00.000Z","1652751300",
"2551","22b77d7829c68dcd","E2:1F:7B:35:CC:08","3.6363636363636362","0","0.45955882352941174","0","165","2022-05-17T01:36:00.000Z","1652751360",
"2551","22b77d7829c68dcd","E2:1F:7B:35:CC:08","3.6363636363636362","0","0.4734848484848485","0","165","2022-05-17T01:37:00.000Z","1652751420",
"2551","22b77d7829c68dcd","E2:1F:7B:35:CC:08","3.6363636363636362","0","0.4734848484848485","0","165","2022-05-17T01:38:00.000Z","1652751480",
"2551","22b77d7829c68dcd","E2:1F:7B:35:CC:08","2.4242424242424243","0","0.48828125","0","165","2022-05-17T01:39:00.000Z","1652751540",
"2551","22b77d7829c68dcd","E2:1F:7B:35:CC:08","7.2727272727272725","0","0.4340277777777778","0","165","2022-05-17T01:40:00.000Z","1652751600",
"2551","22b77d7829c68dcd","E2:1F:7B:35:CC:08","8.484848484848484","0","0.45955882352941174","0","165","2022-05-17T01:41:00.000Z","1652751660",
"2551","22b77d7829c68dcd","E2:1F:7B:35:CC:08","4.848484848484849","0","0.45955882352941174","0","165","2022-05-17T01:42:00.000Z","1652751720",
"2551","22b77d7829c68dcd","E2:1F:7B:35:CC:08","3.6363636363636362","0","0.4734848484848485","0","165","2022-05-17T01:43:00.000Z","1652751780",
"2551","22b77d7829c68dcd","E2:1F:7B:35:CC:08","3.6363636363636362","0","0.38109756097560976","2","165","2022-05-17T01:44:00.000Z","1652751840",
"2551","22b77d7829c68dcd","E2:1F:7B:35:CC:08","23.03030303030303","2","0.5040322580645161","0","165","2022-05-17T01:45:00.000Z","1652751900",
"2551","22b77d7829c68dcd","E2:1F:7B:35:CC:08","13.333333333333334","0","0.3324468085106383","7","165","2022-05-17T01:46:00.000Z","1652751960",
"2551","22b77d7829c68dcd","E2:1F:7B:35:CC:08","15.757575757575758","0","0.3255208333333333","18","165","2022-05-17T01:47:00.000Z","1652752020",
"2551","22b77d7829c68dcd","E2:1F:7B:35:CC:08","25.454545454545453","5","0.22007042253521128","4","165","2022-05-17T01:48:00.000Z","1652752080",
"2551","22b77d7829c68dcd","E2:1F:7B:35:CC:08","14.545454545454545","0","0.22644927536231885","0","165","2022-05-17T01:49:00.000Z","1652752140",
"2551","22b77d7829c68dcd","E2:1F:7B:35:CC:08","9.696969696969697","0","0.22321428571428573","0","165","2022-05-17T01:50:00.000Z","1652752200",
"2551","22b77d7829c68dcd","E2:1F:7B:35:CC:08","6.0606060606060606","0","0.22007042253521128","0","165","2022-05-17T01:51:00.000Z","1652752260",
"2551","22b77d7829c68dcd","E2:1F:7B:35:CC:08","4.848484848484849","0","0.2170138888888889","0","165","2022-05-17T01:52:00.000Z","1652752320",
"2551","22b77d7829c68dcd","E2:1F:7B:35:CC:08","7.2727272727272725","0","0.21114864864864866","0","165","2022-05-17T01:53:00.000Z","1652752380",
"2551","22b77d7829c68dcd","E2:1F:7B:35:CC:08","6.0606060606060606","0","0.20833333333333334","0","165","2022-05-17T01:54:00.000Z","1652752440",
"2551","22b77d7829c68dcd","E2:1F:7B:35:CC:08","4.848484848484849","0","0.20559210526315788","0","165","2022-05-17T01:55:00.000Z","1652752500",
"2551","22b77d7829c68dcd","E2:1F:7B:35:CC:08","3.6363636363636362","0","0.20559210526315788","0","165","2022-05-17T01:56:00.000Z","1652752560",
"2551","22b77d7829c68dcd","E2:1F:7B:35:CC:08","3.6363636363636362","0","0.20292207792207792","0","165","2022-05-17T01:57:00.000Z","1652752620",
"2551","22b77d7829c68dcd","E2:1F:7B:35:CC:08","21.818181818181817","8","0.143348623853211","2","165","2022-05-17T01:58:00.000Z","1652752680",
"2551","22b77d7829c68dcd","E2:1F:7B:35:CC:08","37.57575757575758","1","0.16622340425531915","0","165","2022-05-17T01:59:00.000Z","1652752740",
"2551","22b77d7829c68dcd","E2:1F:7B:35:CC:08","21.818181818181817","0","0.17755681818181818","0","165","2022-05-17T02:00:00.000Z","1652752800",
"2551","22b77d7829c68dcd","E2:1F:7B:35:CC:08","12.121212121212121","0","0.18382352941176472","0","165","2022-05-17T02:01:00.000Z","1652752860",
"2551","22b77d7829c68dcd","E2:1F:7B:35:CC:08","8.484848484848484","0","0.19054878048780488","0","165","2022-05-17T02:02:00.000Z","1652752920",
"2551","22b77d7829c68dcd","E2:1F:7B:35:CC:08","6.0606060606060606","0","0.1953125","0","165","2022-05-17T02:03:00.000Z","1652752980",
"2551","22b77d7829c68dcd","E2:1F:7B:35:CC:08","3.6363636363636362","0","0.19778481012658228","0","165","2022-05-17T02:04:00.000Z","1652753040",
"2551","22b77d7829c68dcd","E2:1F:7B:35:CC:08","3.6363636363636362","0","0.20292207792207792","0","165","2022-05-17T02:05:00.000Z","1652753100",
"2551","22b77d7829c68dcd","E2:1F:7B:35:CC:08","3.6363636363636362","0","0.20559210526315788","0","165","2022-05-17T02:06:00.000Z","1652753160",
"2551","22b77d7829c68dcd","E2:1F:7B:35:CC:08","3.6363636363636362","0","0.20833333333333334","0","165","2022-05-17T02:07:00.000Z","1652753220",
"2551","22b77d7829c68dcd","E2:1F:7B:35:CC:08","3.6363636363636362","0","0.21114864864864866","0","165","2022-05-17T02:08:00.000Z","1652753280",
"2551","22b77d7829c68dcd","E2:1F:7B:35:CC:08","2.4242424242424243","0","0.21404109589041095","0","165","2022-05-17T02:09:00.000Z","1652753340",
"2551","22b77d7829c68dcd","E2:1F:7B:35:CC:08","2.4242424242424243","0","0.2170138888888889","0","165","2022-05-17T02:10:00.000Z","1652753400",
"2551","22b77d7829c68dcd","E2:1F:7B:35:CC:08","2.4242424242424243","0","0.22007042253521128","0","165","2022-05-17T02:11:00.000Z","1652753460",
"2551","22b77d7829c68dcd","E2:1F:7B:35:CC:08","2.4242424242424243","0","0.22321428571428573","0","165","2022-05-17T02:12:00.000Z","1652753520",
"2551","22b77d7829c68dcd","E2:1F:7B:35:CC:08","2.4242424242424243","0","0.22321428571428573","0","165","2022-05-17T02:13:00.000Z","1652753580",
"2551","22b77d7829c68dcd","E2:1F:7B:35:CC:08","7.2727272727272725","1","0.19054878048780488","0","165","2022-05-17T02:14:00.000Z","1652753640",
"2551","22b77d7829c68dcd","E2:1F:7B:35:CC:08","10.909090909090908","0","0.19778481012658228","0","165","2022-05-17T02:15:00.000Z","1652753700",
"2551","22b77d7829c68dcd","E2:1F:7B:35:CC:08","7.2727272727272725","0","0.20292207792207792","0","165","2022-05-17T02:16:00.000Z","1652753760",
"2551","22b77d7829c68dcd","E2:1F:7B:35:CC:08","4.848484848484849","0","0.20833333333333334","0","165","2022-05-17T02:17:00.000Z","1652753820",
"2551","22b77d7829c68dcd","E2:1F:7B:35:CC:08","3.6363636363636362","0","0.21114864864864866","0","165","2022-05-17T02:18:00.000Z","1652753880",
"2551","22b77d7829c68dcd","E2:1F:7B:35:CC:08","2.4242424242424243","0","0.21404109589041095","0","165","2022-05-17T02:19:00.000Z","1652753940",
"2551","22b77d7829c68dcd","E2:1F:7B:35:CC:08","2.4242424242424243","0","0.2170138888888889","0","165","2022-05-17T02:20:00.000Z","1652754000",
"2551","22b77d7829c68dcd","E2:1F:7B:35:CC:08","2.4242424242424243","0","0.22007042253521128","0","165","2022-05-17T02:21:00.000Z","1652754060",
"2551","22b77d7829c68dcd","E2:1F:7B:35:CC:08","2.4242424242424243","0","0.22321428571428573","0","165","2022-05-17T02:22:00.000Z","1652754120",
"2551","22b77d7829c68dcd","E2:1F:7B:35:CC:08","2.4242424242424243","0","0.22644927536231885","0","165","2022-05-17T02:23:00.000Z","1652754180",
"2551","22b77d7829c68dcd","E2:1F:7B:35:CC:08","2.4242424242424243","0","0.22977941176470587","0","165","2022-05-17T02:24:00.000Z","1652754240",
"2551","22b77d7829c68dcd","E2:1F:7B:35:CC:08","3.6363636363636362","1","0.1953125","0","165","2022-05-17T02:25:00.000Z","1652754300",
"2551","22b77d7829c68dcd","E2:1F:7B:35:CC:08","16.96969696969697","1","0.21114864864864866","0","165","2022-05-17T02:26:00.000Z","1652754360",
"2551","22b77d7829c68dcd","E2:1F:7B:35:CC:08","8.484848484848484","0","0.21114864864864866","0","165","2022-05-17T02:27:00.000Z","1652754420",
"2551","22b77d7829c68dcd","E2:1F:7B:35:CC:08","3.6363636363636362","0","0.21114864864864866","0","165","2022-05-17T02:28:00.000Z","1652754480",
"2551","22b77d7829c68dcd","E2:1F:7B:35:CC:08","3.6363636363636362","0","0.21114864864864866","0","165","2022-05-17T02:29:00.000Z","1652754540",
"2551","22b77d7829c68dcd","E2:1F:7B:35:CC:08","3.6363636363636362","0","0.21404109589041095","0","165","2022-05-17T02:30:00.000Z","1652754600",
"2551","22b77d7829c68dcd","E2:1F:7B:35:CC:08","2.4242424242424243","0","0.21404109589041095","0","165","2022-05-17T02:31:00.000Z","1652754660",
"2551","22b77d7829c68dcd","E2:1F:7B:35:CC:08","3.6363636363636362","0","0.21404109589041095","0","165","2022-05-17T02:32:00.000Z","1652754720",
"2551","22b77d7829c68dcd","E2:1F:7B:35:CC:08","3.6363636363636362","0","0.21404109589041095","0","165","2022-05-17T02:33:00.000Z","1652754780",
"2551","22b77d7829c68dcd","E2:1F:7B:35:CC:08","3.6363636363636362","0","0.21404109589041095","0","165","2022-05-17T02:34:00.000Z","1652754840",
"2551","22b77d7829c68dcd","E2:1F:7B:35:CC:08","3.6363636363636362","0","0.21404109589041095","0","165","2022-05-17T02:35:00.000Z","1652754900",
"2551","22b77d7829c68dcd","E2:1F:7B:35:CC:08","2.4242424242424243","0","0.21404109589041095","0","165","2022-05-17T02:36:00.000Z","1652754960",
"2551","22b77d7829c68dcd","E2:1F:7B:35:CC:08","2.4242424242424243","0","0.2170138888888889","0","165","2022-05-17T02:37:00.000Z","1652755020",
"2551","22b77d7829c68dcd","E2:1F:7B:35:CC:08","3.6363636363636362","0","0.2170138888888889","0","165","2022-05-17T02:38:00.000Z","1652755080",
"2551","22b77d7829c68dcd","E2:1F:7B:35:CC:08","2.4242424242424243","0","0.2170138888888889","0","165","2022-05-17T02:39:00.000Z","1652755140",
"2551","22b77d7829c68dcd","E2:1F:7B:35:CC:08","2.4242424242424243","0","0.2170138888888889","0","165","2022-05-17T02:40:00.000Z","1652755200",
"2551","22b77d7829c68dcd","E2:1F:7B:35:CC:08","3.6363636363636362","0","0.37202380952380953","5","165","2022-05-17T02:41:00.000Z","1652755260",
"2551","22b77d7829c68dcd","E2:1F:7B:35:CC:08","15.757575757575758","0","0.41118421052631576","0","165","2022-05-17T02:42:00.000Z","1652755320",
"2551","22b77d7829c68dcd","E2:1F:7B:35:CC:08","15.757575757575758","0","0.44642857142857145","0","165","2022-05-17T02:43:00.000Z","1652755380",
"2551","22b77d7829c68dcd","E2:1F:7B:35:CC:08","12.121212121212121","0","0.4734848484848485","0","165","2022-05-17T02:44:00.000Z","1652755440",
"2551","22b77d7829c68dcd","E2:1F:7B:35:CC:08","21.818181818181817","3","0.24801587301587302","0","165","2022-05-17T02:45:00.000Z","1652755500",
"2551","22b77d7829c68dcd","E2:1F:7B:35:CC:08","16.96969696969697","0","0.2648305084745763","0","165","2022-05-17T02:46:00.000Z","1652755560",
"2551","22b77d7829c68dcd","E2:1F:7B:35:CC:08","13.333333333333334","0","0.27901785714285715","0","165","2022-05-17T02:47:00.000Z","1652755620",
"2551","22b77d7829c68dcd","E2:1F:7B:35:CC:08","10.909090909090908","0","0.294811320754717","0","165","2022-05-17T02:48:00.000Z","1652755680",
"2551","22b77d7829c68dcd","E2:1F:7B:35:CC:08","9.696969696969697","0","0.30637254901960786","0","165","2022-05-17T02:49:00.000Z","1652755740",
"2551","22b77d7829c68dcd","E2:1F:7B:35:CC:08","6.0606060606060606","0","0.31887755102040816","0","165","2022-05-17T02:50:00.000Z","1652755800",
"2551","22b77d7829c68dcd","E2:1F:7B:35:CC:08","4.848484848484849","0","0.3255208333333333","0","165","2022-05-17T02:51:00.000Z","1652755860",
"2551","22b77d7829c68dcd","E2:1F:7B:35:CC:08","3.6363636363636362","0","0.3324468085106383","0","165","2022-05-17T02:52:00.000Z","1652755920",
"2551","22b77d7829c68dcd","E2:1F:7B:35:CC:08","2.4242424242424243","0","0.33967391304347827","0","165","2022-05-17T02:53:00.000Z","1652755980",
"2551","22b77d7829c68dcd","E2:1F:7B:35:CC:08","6.0606060606060606","0","0.33967391304347827","2","165","2022-05-17T02:54:00.000Z","1652756040",
"2551","22b77d7829c68dcd","E2:1F:7B:35:CC:08","20.606060606060606","0","0.38109756097560976","0","165","2022-05-17T02:55:00.000Z","1652756100",
"2551","22b77d7829c68dcd","E2:1F:7B:35:CC:08","18.181818181818183","0","0.41118421052631576","0","165","2022-05-17T02:56:00.000Z","1652756160",
"2551","22b77d7829c68dcd","E2:1F:7B:35:CC:08","13.333333333333334","0","0.4340277777777778","0","165","2022-05-17T02:57:00.000Z","1652756220",
"2551","22b77d7829c68dcd","E2:1F:7B:35:CC:08","10.909090909090908","0","0.28935185185185186","0","165","2022-05-17T02:58:00.000Z","1652756280",
"2551","22b77d7829c68dcd","E2:1F:7B:35:CC:08","13.333333333333334","0","0.30637254901960786","0","165","2022-05-17T02:59:00.000Z","1652756340",
"2551","22b77d7829c68dcd","E2:1F:7B:35:CC:08","7.2727272727272725","0","0.30637254901960786","0","165","2022-05-17T03:00:00.000Z","1652756400",
"2551","22b77d7829c68dcd","E2:1F:7B:35:CC:08","4.848484848484849","0","0.3004807692307692","0","165","2022-05-17T03:01:00.000Z","1652756460",
"2551","22b77d7829c68dcd","E2:1F:7B:35:CC:08","13.333333333333334","0","0.28935185185185186","1","165","2022-05-17T03:02:00.000Z","1652756520",
"2551","22b77d7829c68dcd","E2:1F:7B:35:CC:08","8.484848484848484","0","0.294811320754717","0","165","2022-05-17T03:03:00.000Z","1652756580",
"2551","22b77d7829c68dcd","E2:1F:7B:35:CC:08","10.909090909090908","0","0.2741228070175439","1","165","2022-05-17T03:04:00.000Z","1652756640",
"2551","22b77d7829c68dcd","E2:1F:7B:35:CC:08","10.909090909090908","0","0.28935185185185186","0","165","2022-05-17T03:05:00.000Z","1652756700",
"2551","22b77d7829c68dcd","E2:1F:7B:35:CC:08","8.484848484848484","0","0.2840909090909091","0","165","2022-05-17T03:06:00.000Z","1652756760",
"2551","22b77d7829c68dcd","E2:1F:7B:35:CC:08","4.848484848484849","0","0.28935185185185186","0","165","2022-05-17T03:07:00.000Z","1652756820",
"2551","22b77d7829c68dcd","E2:1F:7B:35:CC:08","4.848484848484849","0","0.28935185185185186","0","165","2022-05-17T03:08:00.000Z","1652756880",
"2551","22b77d7829c68dcd","E2:1F:7B:35:CC:08","4.848484848484849","0","0.294811320754717","0","165","2022-05-17T03:09:00.000Z","1652756940",
"2551","22b77d7829c68dcd","E2:1F:7B:35:CC:08","16.96969696969697","2","0.33967391304347827","1","165","2022-05-17T03:10:00.000Z","1652757000",
"2551","22b77d7829c68dcd","E2:1F:7B:35:CC:08","19.393939393939394","0","0.3633720930232558","0","165","2022-05-17T03:11:00.000Z","1652757060",
"2551","22b77d7829c68dcd","E2:1F:7B:35:CC:08","14.545454545454545","0","0.390625","0","165","2022-05-17T03:12:00.000Z","1652757120",
"2551","22b77d7829c68dcd","E2:1F:7B:35:CC:08","15.757575757575758","0","0.41118421052631576","0","165","2022-05-17T03:13:00.000Z","1652757180",
"2551","22b77d7829c68dcd","E2:1F:7B:35:CC:08","14.545454545454545","0","0.4340277777777778","0","165","2022-05-17T03:14:00.000Z","1652757240",
"2551","22b77d7829c68dcd","E2:1F:7B:35:CC:08","10.909090909090908","0","0.45955882352941174","0","165","2022-05-17T03:15:00.000Z","1652757300",
"2551","22b77d7829c68dcd","E2:1F:7B:35:CC:08","8.484848484848484","0","0.48828125","0","165","2022-05-17T03:16:00.000Z","1652757360",
"2551","22b77d7829c68dcd","E2:1F:7B:35:CC:08","7.2727272727272725","0","0.5040322580645161","0","165","2022-05-17T03:17:00.000Z","1652757420",
"2551","22b77d7829c68dcd","E2:1F:7B:35:CC:08","6.0606060606060606","0","0.5208333333333334","0","165","2022-05-17T03:18:00.000Z","1652757480",
"2551","22b77d7829c68dcd","E2:1F:7B:35:CC:08","4.848484848484849","0","0.5387931034482759","0","165","2022-05-17T03:19:00.000Z","1652757540",
"2551","22b77d7829c68dcd","E2:1F:7B:35:CC:08","8.484848484848484","0","0.5787037037037037","0","165","2022-05-17T03:20:00.000Z","1652757600",
"2551","22b77d7829c68dcd","E2:1F:7B:35:CC:08","7.2727272727272725","0","0.5787037037037037","0","165","2022-05-17T03:21:00.000Z","1652757660",
"2551","22b77d7829c68dcd","E2:1F:7B:35:CC:08","4.848484848484849","0","0.6009615384615384","0","165","2022-05-17T03:22:00.000Z","1652757720",
"2551","22b77d7829c68dcd","E2:1F:7B:35:CC:08","6.0606060606060606","0","0.3125","1","165","2022-05-17T03:23:00.000Z","1652757780",
"2551","22b77d7829c68dcd","E2:1F:7B:35:CC:08","8.484848484848484","0","0.30637254901960786","0","165","2022-05-17T03:24:00.000Z","1652757840",
"2551","22b77d7829c68dcd","E2:1F:7B:35:CC:08","8.484848484848484","0","0.294811320754717","0","165","2022-05-17T03:25:00.000Z","1652757900",
"2551","22b77d7829c68dcd","E2:1F:7B:35:CC:08","7.2727272727272725","0","0.28935185185185186","0","165","2022-05-17T03:26:00.000Z","1652757960",
"2551","22b77d7829c68dcd","E2:1F:7B:35:CC:08","7.2727272727272725","0","0.27901785714285715","0","165","2022-05-17T03:27:00.000Z","1652758020",
"2551","22b77d7829c68dcd","E2:1F:7B:35:CC:08","20.606060606060606","5","0.27901785714285715","0","165","2022-05-17T03:28:00.000Z","1652758080",
"2551","22b77d7829c68dcd","E2:1F:7B:35:CC:08","27.87878787878788","0","0.3125","0","165","2022-05-17T03:29:00.000Z","1652758140",
"2551","22b77d7829c68dcd","E2:1F:7B:35:CC:08","16.96969696969697","0","0.2403846153846154","0","165","2022-05-17T03:30:00.000Z","1652758200",
"2551","22b77d7829c68dcd","E2:1F:7B:35:CC:08","7.2727272727272725","0","0.244140625","0","165","2022-05-17T03:31:00.000Z","1652758260",
"2551","22b77d7829c68dcd","E2:1F:7B:35:CC:08","3.6363636363636362","0","0.244140625","0","165","2022-05-17T03:32:00.000Z","1652758320",
"2551","22b77d7829c68dcd","E2:1F:7B:35:CC:08","2.4242424242424243","0","0.244140625","0","165","2022-05-17T03:33:00.000Z","1652758380",
"2551","22b77d7829c68dcd","E2:1F:7B:35:CC:08","2.4242424242424243","0","0.24801587301587302","0","165","2022-05-17T03:34:00.000Z","1652758440",
"2551","22b77d7829c68dcd","E2:1F:7B:35:CC:08","2.4242424242424243","0","0.23674242424242425","0","165","2022-05-17T03:35:00.000Z","1652758500",
"2551","22b77d7829c68dcd","E2:1F:7B:35:CC:08","18.181818181818183","0","0.2648305084745763","0","165","2022-05-17T03:36:00.000Z","1652758560",
"2551","22b77d7829c68dcd","E2:1F:7B:35:CC:08","18.181818181818183","0","0.2840909090909091","0","165","2022-05-17T03:37:00.000Z","1652758620",
"2551","22b77d7829c68dcd","E2:1F:7B:35:CC:08","18.181818181818183","0","0.30637254901960786","0","165","2022-05-17T03:38:00.000Z","1652758680",
"2551","22b77d7829c68dcd","E2:1F:7B:35:CC:08","23.03030303030303","0","0.16983695652173914","0","165","2022-05-17T03:39:00.000Z","1652758740",
"2551","22b77d7829c68dcd","E2:1F:7B:35:CC:08","56.96969696969697","6","0.2332089552238806","0","165","2022-05-17T03:40:00.000Z","1652758800",
"2551","22b77d7829c68dcd","E2:1F:7B:35:CC:08","33.93939393939394","0","0.25201612903225806","0","165","2022-05-17T03:41:00.000Z","1652758860",
"2551","22b77d7829c68dcd","E2:1F:7B:35:CC:08","20.606060606060606","0","0.26939655172413796","0","165","2022-05-17T03:42:00.000Z","1652758920",
"2551","22b77d7829c68dcd","E2:1F:7B:35:CC:08","13.333333333333334","0","0.27901785714285715","0","165","2022-05-17T03:43:00.000Z","1652758980",
"2551","22b77d7829c68dcd","E2:1F:7B:35:CC:08","9.696969696969697","0","0.294811320754717","0","165","2022-05-17T03:44:00.000Z","1652759040",
"2551","22b77d7829c68dcd","E2:1F:7B:35:CC:08","7.2727272727272725","0","0.3004807692307692","0","165","2022-05-17T03:45:00.000Z","1652759100",
"2551","22b77d7829c68dcd","E2:1F:7B:35:CC:08","4.848484848484849","0","0.30637254901960786","0","165","2022-05-17T03:46:00.000Z","1652759160",
"2551","22b77d7829c68dcd","E2:1F:7B:35:CC:08","4.848484848484849","0","0.21114864864864866","0","165","2022-05-17T03:47:00.000Z","1652759220",
"2551","22b77d7829c68dcd","E2:1F:7B:35:CC:08","12.121212121212121","0","0.22644927536231885","0","165","2022-05-17T03:48:00.000Z","1652759280",
"2551","22b77d7829c68dcd","E2:1F:7B:35:CC:08","9.696969696969697","0","0.23674242424242425","0","165","2022-05-17T03:49:00.000Z","1652759340",
"2551","22b77d7829c68dcd","E2:1F:7B:35:CC:08","7.2727272727272725","0","0.244140625","0","165","2022-05-17T03:50:00.000Z","1652759400",
"2551","22b77d7829c68dcd","E2:1F:7B:35:CC:08","6.0606060606060606","0","0.25201612903225806","0","165","2022-05-17T03:51:00.000Z","1652759460",
"2551","22b77d7829c68dcd","E2:1F:7B:35:CC:08","4.848484848484849","0","0.25614754098360654","0","165","2022-05-17T03:52:00.000Z","1652759520",
"2551","22b77d7829c68dcd","E2:1F:7B:35:CC:08","4.848484848484849","0","0.2648305084745763","0","165","2022-05-17T03:53:00.000Z","1652759580",
"2551","22b77d7829c68dcd","E2:1F:7B:35:CC:08","4.848484848484849","0","0.26939655172413796","0","165","2022-05-17T03:54:00.000Z","1652759640",
"2551","22b77d7829c68dcd","E2:1F:7B:35:CC:08","4.848484848484849","0","0.27901785714285715","0","165","2022-05-17T03:55:00.000Z","1652759700",
"2551","22b77d7829c68dcd","E2:1F:7B:35:CC:08","3.6363636363636362","0","0.27901785714285715","0","165","2022-05-17T03:56:00.000Z","1652759760",
"2551","22b77d7829c68dcd","E2:1F:7B:35:CC:08","23.03030303030303","8","0.244140625","0","165","2022-05-17T03:57:00.000Z","1652759820",
"2551","22b77d7829c68dcd","E2:1F:7B:35:CC:08","31.515151515151516","0","0.2741228070175439","0","165","2022-05-17T03:58:00.000Z","1652759880",
"2551","22b77d7829c68dcd","E2:1F:7B:35:CC:08","16.96969696969697","0","0.28935185185185186","0","165","2022-05-17T03:59:00.000Z","1652759940",
"2551","22b77d7829c68dcd","E2:1F:7B:35:CC:08","9.696969696969697","0","0.294811320754717","0","165","2022-05-17T04:00:00.000Z","1652760000",
"2551","22b77d7829c68dcd","E2:1F:7B:35:CC:08","8.484848484848484","0","0.3004807692307692","0","165","2022-05-17T04:01:00.000Z","1652760060",
"2551","22b77d7829c68dcd","E2:1F:7B:35:CC:08","8.484848484848484","0","0.3125","0","165","2022-05-17T04:02:00.000Z","1652760120",
"2551","22b77d7829c68dcd","E2:1F:7B:35:CC:08","8.484848484848484","0","0.3255208333333333","0","165","2022-05-17T04:03:00.000Z","1652760180",
"2551","22b77d7829c68dcd","E2:1F:7B:35:CC:08","8.484848484848484","0","0.3324468085106383","0","165","2022-05-17T04:04:00.000Z","1652760240",
"2551","22b77d7829c68dcd","E2:1F:7B:35:CC:08","7.2727272727272725","0","0.4734848484848485","4","165","2022-05-17T04:05:00.000Z","1652760300",
"2551","22b77d7829c68dcd","E2:1F:7B:35:CC:08","13.333333333333334","0","0.5040322580645161","0","165","2022-05-17T04:06:00.000Z","1652760360",
"2551","22b77d7829c68dcd","E2:1F:7B:35:CC:08","12.121212121212121","0","0.5387931034482759","0","165","2022-05-17T04:07:00.000Z","1652760420",
"2551","22b77d7829c68dcd","E2:1F:7B:35:CC:08","8.484848484848484","0","0.5580357142857143","0","165","2022-05-17T04:08:00.000Z","1652760480",
"2551","22b77d7829c68dcd","E2:1F:7B:35:CC:08","6.0606060606060606","0","0.5787037037037037","0","165","2022-05-17T04:09:00.000Z","1652760540",
"2551","22b77d7829c68dcd","E2:1F:7B:35:CC:08","4.848484848484849","0","0.6009615384615384","0","165","2022-05-17T04:10:00.000Z","1652760600",
"2551","22b77d7829c68dcd","E2:1F:7B:35:CC:08","3.6363636363636362","0","0.6009615384615384","0","165","2022-05-17T04:11:00.000Z","1652760660",
"2551","22b77d7829c68dcd","E2:1F:7B:35:CC:08","2.4242424242424243","0","0.625","0","165","2022-05-17T04:12:00.000Z","1652760720",
"2551","22b77d7829c68dcd","E2:1F:7B:35:CC:08","2.4242424242424243","0","0.6510416666666666","0","165","2022-05-17T04:13:00.000Z","1652760780",
"2551","22b77d7829c68dcd","E2:1F:7B:35:CC:08","2.4242424242424243","0","0.6510416666666666","0","165","2022-05-17T04:14:00.000Z","1652760840",
"2551","22b77d7829c68dcd","E2:1F:7B:35:CC:08","2.4242424242424243","0","0.6793478260869565","0","165","2022-05-17T04:15:00.000Z","1652760900",
"2551","22b77d7829c68dcd","E2:1F:7B:35:CC:08","2.4242424242424243","0","0.6793478260869565","0","165","2022-05-17T04:16:00.000Z","1652760960",
"2551","22b77d7829c68dcd","E2:1F:7B:35:CC:08","2.4242424242424243","0","0.7102272727272727","0","165","2022-05-17T04:17:00.000Z","1652761020",
"2551","22b77d7829c68dcd","E2:1F:7B:35:CC:08","2.4242424242424243","0","0.7102272727272727","0","165","2022-05-17T04:18:00.000Z","1652761080",
"2551","22b77d7829c68dcd","E2:1F:7B:35:CC:08","2.4242424242424243","0","0.7440476190476191","0","165","2022-05-17T04:19:00.000Z","1652761140",
"2551","22b77d7829c68dcd","E2:1F:7B:35:CC:08","2.4242424242424243","0","0.7440476190476191","0","165","2022-05-17T04:20:00.000Z","1652761200",
"2551","22b77d7829c68dcd","E2:1F:7B:35:CC:08","2.4242424242424243","0","0.7440476190476191","0","165","2022-05-17T04:21:00.000Z","1652761260",
"2551","22b77d7829c68dcd","E2:1F:7B:35:CC:08","1.2121212121212122","0","0.78125","0","165","2022-05-17T04:22:00.000Z","1652761320",
"2551","22b77d7829c68dcd","E2:1F:7B:35:CC:08","2.4242424242424243","0","0.78125","0","165","2022-05-17T04:23:00.000Z","1652761380",
"2551","22b77d7829c68dcd","E2:1F:7B:35:CC:08","2.4242424242424243","0","0.78125","0","165","2022-05-17T04:24:00.000Z","1652761440",
"2551","22b77d7829c68dcd","E2:1F:7B:35:CC:08","2.4242424242424243","0","0.8223684210526315","0","165","2022-05-17T04:25:00.000Z","1652761500",
"2551","22b77d7829c68dcd","E2:1F:7B:35:CC:08","2.4242424242424243","0","0.8223684210526315","0","165","2022-05-17T04:26:00.000Z","1652761560",
"2551","22b77d7829c68dcd","E2:1F:7B:35:CC:08","2.4242424242424243","0","0.33967391304347827","0","165","2022-05-17T04:27:00.000Z","1652761620",
"2551","22b77d7829c68dcd","E2:1F:7B:35:CC:08","13.333333333333334","7","0.33967391304347827","4","165","2022-05-17T04:28:00.000Z","1652761680",
"2551","22b77d7829c68dcd","E2:1F:7B:35:CC:08","16.96969696969697","0","0.3633720930232558","0","165","2022-05-17T04:29:00.000Z","1652761740",
"2551","22b77d7829c68dcd","E2:1F:7B:35:CC:08","9.696969696969697","0","0.38109756097560976","0","165","2022-05-17T04:30:00.000Z","1652761800",
"2551","22b77d7829c68dcd","E2:1F:7B:35:CC:08","6.0606060606060606","0","0.390625","0","165","2022-05-17T04:31:00.000Z","1652761860",
"2551","22b77d7829c68dcd","E2:1F:7B:35:CC:08","3.6363636363636362","0","0.40064102564102566","0","165","2022-05-17T04:32:00.000Z","1652761920",
"2551","22b77d7829c68dcd","E2:1F:7B:35:CC:08","3.6363636363636362","0","0.41118421052631576","0","165","2022-05-17T04:33:00.000Z","1652761980",
"2551","22b77d7829c68dcd","E2:1F:7B:35:CC:08","2.4242424242424243","0","0.41118421052631576","0","165","2022-05-17T04:34:00.000Z","1652762040",
"2551","22b77d7829c68dcd","E2:1F:7B:35:CC:08","2.4242424242424243","0","0.4222972972972973","0","165","2022-05-17T04:35:00.000Z","1652762100",
"2551","22b77d7829c68dcd","E2:1F:7B:35:CC:08","7.2727272727272725","1","0.22977941176470587","0","165","2022-05-17T04:36:00.000Z","1652762160",
"2551","22b77d7829c68dcd","E2:1F:7B:35:CC:08","24.242424242424242","6","0.38109756097560976","0","165","2022-05-17T04:37:00.000Z","1652762220",
"2551","22b77d7829c68dcd","E2:1F:7B:35:CC:08","25.454545454545453","0","0.4222972972972973","0","165","2022-05-17T04:38:00.000Z","1652762280",
"2551","22b77d7829c68dcd","E2:1F:7B:35:CC:08","18.181818181818183","0","0.37202380952380953","0","165","2022-05-17T04:39:00.000Z","1652762340",
"2551","22b77d7829c68dcd","E2:1F:7B:35:CC:08","14.545454545454545","0","0.22321428571428573","0","165","2022-05-17T04:40:00.000Z","1652762400",
"2551","22b77d7829c68dcd","E2:1F:7B:35:CC:08","20.606060606060606","1","0.26939655172413796","1","165","2022-05-17T04:41:00.000Z","1652762460",
"2551","22b77d7829c68dcd","E2:1F:7B:35:CC:08","76.36363636363636","10","0.10557432432432433","2","165","2022-05-17T05:20:00.000Z","1652764800",
"2551","22b77d7829c68dcd","E2:1F:7B:35:CC:08","100","6","0.07931472081218274","1","165","2022-05-17T05:21:00.000Z","1652764860",
"2551","22b77d7829c68dcd","E2:1F:7B:35:CC:08","100","0","0.14204545454545456","0","165","2022-05-17T05:22:00.000Z","1652764920",
"2551","22b77d7829c68dcd","E2:1F:7B:35:CC:08","100","12","0.125","0","165","2022-05-17T05:23:00.000Z","1652764980",
"2551","22b77d7829c68dcd","E2:1F:7B:35:CC:08","100","10","0.09645061728395062","2","165","2022-05-17T05:25:00.000Z","1652765100",
"2551","22b77d7829c68dcd","E2:1F:7B:35:CC:08","100","6","0.12703252032520326","0","165","2022-05-17T05:26:00.000Z","1652765160",
"2551","22b77d7829c68dcd","E2:1F:7B:35:CC:08","88.48484848484848","6","0.12400793650793651","0","165","2022-05-17T05:27:00.000Z","1652765220",
"2551","22b77d7829c68dcd","E2:1F:7B:35:CC:08","82.42424242424242","7","0.1474056603773585","0","165","2022-05-17T05:28:00.000Z","1652765280",
"2551","22b77d7829c68dcd","E2:1F:7B:35:CC:08","65.85365853658537","2","0.143348623853211","0","164","2022-05-17T05:30:00.000Z","1652765400",
"2551","22b77d7829c68dcd","E2:1F:7B:35:CC:08","68.29268292682927","2","0.175561797752809","1","164","2022-05-17T05:31:00.000Z","1652765460",
"2551","22b77d7829c68dcd","E2:1F:7B:35:CC:08","69.51219512195122","3","0.10850694444444445","2","164","2022-05-17T05:33:00.000Z","1652765580",
"2551","22b77d7829c68dcd","E2:1F:7B:35:CC:08","47.5609756097561","0","0.11488970588235294","0","164","2022-05-17T05:34:00.000Z","1652765640",
"2551","22b77d7829c68dcd","E2:1F:7B:35:CC:08","34.146341463414636","5","0.10347682119205298","0","164","2022-05-17T05:35:00.000Z","1652765700",
"2551","22b77d7829c68dcd","E2:1F:7B:35:CC:08","24.390243902439025","0","0.10629251700680271","0","164","2022-05-17T05:36:00.000Z","1652765760",
"2551","22b77d7829c68dcd","E2:1F:7B:35:CC:08","28.048780487804876","0","0.06430041152263374","0","164","2022-05-17T05:41:00.000Z","1652766060",
"2551","22b77d7829c68dcd","E2:1F:7B:35:CC:08","36.58536585365854","5","0.07621951219512195","0","164","2022-05-17T05:42:00.000Z","1652766120",
"2551","22b77d7829c68dcd","E2:1F:7B:35:CC:08","41.46341463414634","7","0.09245562130177515","0","164","2022-05-17T05:45:00.000Z","1652766300",
"2551","22b77d7829c68dcd","E2:1F:7B:35:CC:08","46.34146341463415","6","0.10557432432432433","0","164","2022-05-17T05:46:00.000Z","1652766360",
"2551","22b77d7829c68dcd","E2:1F:7B:35:CC:08","45.1219512195122","7","0.11405109489051095","0","164","2022-05-17T05:47:00.000Z","1652766420",
"2551","22b77d7829c68dcd","E2:1F:7B:35:CC:08","53.65853658536585","3","0.12400793650793651","0","164","2022-05-17T05:48:00.000Z","1652766480",
"2551","22b77d7829c68dcd","E2:1F:7B:35:CC:08","65.85365853658537","3","0.1174812030075188","0","164","2022-05-17T05:49:00.000Z","1652766540",
"2551","22b77d7829c68dcd","E2:1F:7B:35:CC:08","86.58536585365853","8","0.1474056603773585","0","164","2022-05-17T05:50:00.000Z","1652766600",
"2551","22b77d7829c68dcd","E2:1F:7B:35:CC:08","69.51219512195122","3","0.1474056603773585","0","164","2022-05-17T05:51:00.000Z","1652766660",
"2551","22b77d7829c68dcd","E2:1F:7B:35:CC:08","53.65853658536585","6","0.16276041666666666","0","164","2022-05-17T05:52:00.000Z","1652766720",
"2551","22b77d7829c68dcd","E2:1F:7B:35:CC:08","52.4390243902439","6","0.16276041666666666","0","164","2022-05-17T05:53:00.000Z","1652766780",
"2551","22b77d7829c68dcd","E2:1F:7B:35:CC:08","58.53658536585366","4","0.08928571428571429","0","164","2022-05-17T05:56:00.000Z","1652766960",
"2551","22b77d7829c68dcd","E2:1F:7B:35:CC:08","60.97560975609756","3","0.09191176470588236","1","164","2022-05-17T05:57:00.000Z","1652767020",
"2551","22b77d7829c68dcd","E2:1F:7B:35:CC:08","65.85365853658537","9","0.11837121212121213","0","164","2022-05-17T05:58:00.000Z","1652767080",
"2551","22b77d7829c68dcd","E2:1F:7B:35:CC:08","59.75609756097561","8","0.12913223140495866","0","164","2022-05-17T05:59:00.000Z","1652767140",
"2551","22b77d7829c68dcd","E2:1F:7B:35:CC:08","59.75609756097561","6","0.16983695652173914","0","164","2022-05-17T06:00:00.000Z","1652767200",
"2551","22b77d7829c68dcd","E2:1F:7B:35:CC:08","57.31707317073171","1","0.16622340425531915","1","164","2022-05-17T06:01:00.000Z","1652767260",
"2551","22b77d7829c68dcd","E2:1F:7B:35:CC:08","45.1219512195122","4","0.16983695652173914","0","164","2022-05-17T06:02:00.000Z","1652767320",
"2551","22b77d7829c68dcd","E2:1F:7B:35:CC:08","32.926829268292686","1","0.17755681818181818","1","164","2022-05-17T06:03:00.000Z","1652767380",
"2551","22b77d7829c68dcd","E2:1F:7B:35:CC:08","32.926829268292686","1","0.18382352941176472","1","164","2022-05-17T06:04:00.000Z","1652767440",
"2551","22b77d7829c68dcd","E2:1F:7B:35:CC:08","47.5609756097561","3","0.18382352941176472","1","164","2022-05-17T06:05:00.000Z","1652767500",
"2551","22b77d7829c68dcd","E2:1F:7B:35:CC:08","32.926829268292686","0","0.20032051282051283","0","164","2022-05-17T06:06:00.000Z","1652767560",
"2551","22b77d7829c68dcd","E2:1F:7B:35:CC:08","20.73170731707317","0","0.18382352941176472","0","164","2022-05-17T06:07:00.000Z","1652767620",
"2551","22b77d7829c68dcd","E2:1F:7B:35:CC:08","17.073170731707318","1","0.17755681818181818","0","164","2022-05-17T06:08:00.000Z","1652767680",
"2551","22b77d7829c68dcd","E2:1F:7B:35:CC:08","18.29268292682927","0","0.19290123456790123","0","164","2022-05-17T06:09:00.000Z","1652767740",
"2551","22b77d7829c68dcd","E2:1F:7B:35:CC:08","19.51219512195122","2","0.17755681818181818","0","164","2022-05-17T06:10:00.000Z","1652767800",
"2551","22b77d7829c68dcd","E2:1F:7B:35:CC:08","21.951219512195124","0","0.18382352941176472","0","164","2022-05-17T06:11:00.000Z","1652767860",
"2551","22b77d7829c68dcd","E2:1F:7B:35:CC:08","25.609756097560975","2","0.175561797752809","0","164","2022-05-17T06:12:00.000Z","1652767920",
"2551","22b77d7829c68dcd","E2:1F:7B:35:CC:08","52.4390243902439","7","0.20292207792207792","2","164","2022-05-17T06:13:00.000Z","1652767980",
"2551","22b77d7829c68dcd","E2:1F:7B:35:CC:08","48.78048780487805","2","0.21404109589041095","0","164","2022-05-17T06:14:00.000Z","1652768040",
"2551","22b77d7829c68dcd","E2:1F:7B:35:CC:08","29.26829268292683","0","0.20833333333333334","0","164","2022-05-17T06:15:00.000Z","1652768100",
"2551","22b77d7829c68dcd","E2:1F:7B:35:CC:08","14.634146341463415","0","0.20833333333333334","0","164","2022-05-17T06:16:00.000Z","1652768160",
"2551","22b77d7829c68dcd","E2:1F:7B:35:CC:08","29.26829268292683","3","0.21114864864864866","0","164","2022-05-17T06:17:00.000Z","1652768220",
"2551","22b77d7829c68dcd","E2:1F:7B:35:CC:08","29.26829268292683","3","0.20292207792207792","0","164","2022-05-17T06:18:00.000Z","1652768280",
"2551","22b77d7829c68dcd","E2:1F:7B:35:CC:08","31.70731707317073","2","0.22644927536231885","0","164","2022-05-17T06:19:00.000Z","1652768340",
"2551","22b77d7829c68dcd","E2:1F:7B:35:CC:08","35.36585365853659","3","0.1953125","2","164","2022-05-17T06:20:00.000Z","1652768400",
"2551","22b77d7829c68dcd","E2:1F:7B:35:CC:08","29.26829268292683","0","0.2170138888888889","0","164","2022-05-17T06:21:00.000Z","1652768460",
"2551","22b77d7829c68dcd","E2:1F:7B:35:CC:08","23.170731707317074","0","0.2332089552238806","0","164","2022-05-17T06:22:00.000Z","1652768520",
"2551","22b77d7829c68dcd","E2:1F:7B:35:CC:08","13.414634146341463","0","0.23674242424242425","0","164","2022-05-17T06:23:00.000Z","1652768580",
"2551","22b77d7829c68dcd","E2:1F:7B:35:CC:08","12.195121951219512","0","0.25201612903225806","0","164","2022-05-17T06:24:00.000Z","1652768640",
"2551","22b77d7829c68dcd","E2:1F:7B:35:CC:08","7.317073170731708","0","0.25614754098360654","0","164","2022-05-17T06:25:00.000Z","1652768700",
"2551","22b77d7829c68dcd","E2:1F:7B:35:CC:08","6.097560975609756","0","0.2648305084745763","0","164","2022-05-17T06:26:00.000Z","1652768760",
"2551","22b77d7829c68dcd","E2:1F:7B:35:CC:08","21.951219512195124","1","0.22644927536231885","0","164","2022-05-17T06:27:00.000Z","1652768820",
"2551","22b77d7829c68dcd","E2:1F:7B:35:CC:08","40.24390243902439","2","0.23674242424242425","0","164","2022-05-17T06:28:00.000Z","1652768880",
"2551","22b77d7829c68dcd","E2:1F:7B:35:CC:08","36.58536585365854","0","0.2332089552238806","0","164","2022-05-17T06:29:00.000Z","1652768940",
"2551","22b77d7829c68dcd","E2:1F:7B:35:CC:08","24.390243902439025","2","0.2648305084745763","0","164","2022-05-17T06:30:00.000Z","1652769000",
"2551","22b77d7829c68dcd","E2:1F:7B:35:CC:08","18.29268292682927","0","0.2604166666666667","0","164","2022-05-17T06:31:00.000Z","1652769060",
"2551","22b77d7829c68dcd","E2:1F:7B:35:CC:08","17.073170731707318","1","0.2403846153846154","0","164","2022-05-17T06:32:00.000Z","1652769120",
"2551","22b77d7829c68dcd","E2:1F:7B:35:CC:08","23.170731707317074","2","0.25614754098360654","0","164","2022-05-17T06:33:00.000Z","1652769180",
"2551","22b77d7829c68dcd","E2:1F:7B:35:CC:08","68.29268292682927","2","0.2332089552238806","0","164","2022-05-17T06:34:00.000Z","1652769240",
"2551","22b77d7829c68dcd","E2:1F:7B:35:CC:08","57.31707317073171","2","0.244140625","0","164","2022-05-17T06:35:00.000Z","1652769300",
"2551","22b77d7829c68dcd","E2:1F:7B:35:CC:08","57.31707317073171","11","0.16622340425531915","0","164","2022-05-17T06:38:00.000Z","1652769480",
"2551","22b77d7829c68dcd","E2:1F:7B:35:CC:08","51.21951219512195","2","0.16108247422680413","0","164","2022-05-17T06:39:00.000Z","1652769540",
"2551","22b77d7829c68dcd","E2:1F:7B:35:CC:08","60.97560975609756","5","0.17755681818181818","0","164","2022-05-17T06:40:00.000Z","1652769600",
"2551","22b77d7829c68dcd","E2:1F:7B:35:CC:08","45.1219512195122","0","0.13950892857142858","2","164","2022-05-17T06:41:00.000Z","1652769660",
"2551","22b77d7829c68dcd","E2:1F:7B:35:CC:08","60.97560975609756","9","0.14602803738317757","0","164","2022-05-17T06:42:00.000Z","1652769720",
"2551","22b77d7829c68dcd","E2:1F:7B:35:CC:08","48.78048780487805","0","0.15943877551020408","0","164","2022-05-17T06:43:00.000Z","1652769780",
"2551","22b77d7829c68dcd","E2:1F:7B:35:CC:08","46.34146341463415","1","0.16447368421052633","0","164","2022-05-17T06:44:00.000Z","1652769840",
"2551","22b77d7829c68dcd","E2:1F:7B:35:CC:08","39.02439024390244","3","0.15782828282828282","0","164","2022-05-17T06:45:00.000Z","1652769900",
"2551","22b77d7829c68dcd","E2:1F:7B:35:CC:08","30.48780487804878","1","0.16108247422680413","0","164","2022-05-17T06:46:00.000Z","1652769960",
"2551","22b77d7829c68dcd","E2:1F:7B:35:CC:08","39.02439024390244","4","0.17959770114942528","0","164","2022-05-17T06:47:00.000Z","1652770020",
"2551","22b77d7829c68dcd","E2:1F:7B:35:CC:08","30.48780487804878","0","0.18382352941176472","0","164","2022-05-17T06:48:00.000Z","1652770080",
"2551","22b77d7829c68dcd","E2:1F:7B:35:CC:08","24.390243902439025","0","0.1953125","0","164","2022-05-17T06:49:00.000Z","1652770140",
"2551","22b77d7829c68dcd","E2:1F:7B:35:CC:08","19.51219512195122","0","0.20032051282051283","0","164","2022-05-17T06:50:00.000Z","1652770200",
"2551","22b77d7829c68dcd","E2:1F:7B:35:CC:08","17.073170731707318","0","0.21404109589041095","0","164","2022-05-17T06:51:00.000Z","1652770260",
"2551","22b77d7829c68dcd","E2:1F:7B:35:CC:08","9.75609756097561","0","0.22007042253521128","0","164","2022-05-17T06:52:00.000Z","1652770320",
"2551","22b77d7829c68dcd","E2:1F:7B:35:CC:08","8.536585365853659","0","0.22644927536231885","0","164","2022-05-17T06:53:00.000Z","1652770380",
"2551","22b77d7829c68dcd","E2:1F:7B:35:CC:08","6.097560975609756","0","0.22977941176470587","0","164","2022-05-17T06:54:00.000Z","1652770440",
"2551","22b77d7829c68dcd","E2:1F:7B:35:CC:08","4.878048780487805","0","0.2332089552238806","0","164","2022-05-17T06:55:00.000Z","1652770500",
"2551","22b77d7829c68dcd","E2:1F:7B:35:CC:08","7.317073170731708","0","0.22977941176470587","0","164","2022-05-17T06:56:00.000Z","1652770560",
"2551","22b77d7829c68dcd","E2:1F:7B:35:CC:08","13.414634146341463","0","0.21114864864864866","0","164","2022-05-17T06:57:00.000Z","1652770620",
"2551","22b77d7829c68dcd","E2:1F:7B:35:CC:08","62.19512195121951","2","0.11160714285714286","16","164","2022-05-17T07:05:00.000Z","1652771100",
"2551","22b77d7829c68dcd","E2:1F:7B:35:CC:08","46.34146341463415","3","0.13020833333333334","58","164","2022-05-17T07:06:00.000Z","1652771160",
"2551","22b77d7829c68dcd","E2:1F:7B:35:CC:08","42.68292682926829","3","0.10279605263157894","39","164","2022-05-17T07:07:00.000Z","1652771220",
"2551","22b77d7829c68dcd","E2:1F:7B:35:CC:08","47.5609756097561","3","0.11574074074074074","36","164","2022-05-17T07:08:00.000Z","1652771280",
"2551","22b77d7829c68dcd","E2:1F:7B:35:CC:08","52.4390243902439","4","0.07971938775510204","32","164","2022-05-17T07:10:00.000Z","1652771400",
"2551","22b77d7829c68dcd","E2:1F:7B:35:CC:08","52.4390243902439","4","0.0946969696969697","14","164","2022-05-17T07:12:00.000Z","1652771520",
"2551","22b77d7829c68dcd","E2:1F:7B:35:CC:08","54.8780487804878","7","0.09527439024390244","0","164","2022-05-17T07:13:00.000Z","1652771580",
"2551","22b77d7829c68dcd","E2:1F:7B:35:CC:08","53.65853658536585","8","0.09300595238095238","5","164","2022-05-17T07:14:00.000Z","1652771640",
"2551","22b77d7829c68dcd","E2:1F:7B:35:CC:08","51.21951219512195","3","0.08267195767195767","0","164","2022-05-17T07:15:00.000Z","1652771700",
"2551","22b77d7829c68dcd","E2:1F:7B:35:CC:08","56.09756097560975","5","0.0740521327014218","7","164","2022-05-17T07:16:00.000Z","1652771760",
"2551","22b77d7829c68dcd","E2:1F:7B:35:CC:08","65.85365853658537","6","0.08680555555555555","2","164","2022-05-17T07:17:00.000Z","1652771820",
"2551","22b77d7829c68dcd","E2:1F:7B:35:CC:08","70.73170731707317","5","0.10416666666666667","19","164","2022-05-17T07:18:00.000Z","1652771880",
"2551","22b77d7829c68dcd","E2:1F:7B:35:CC:08","74.39024390243902","6","0.10850694444444445","49","164","2022-05-17T07:19:00.000Z","1652771940",
"2551","22b77d7829c68dcd","E2:1F:7B:35:CC:08","58.53658536585366","6","0.1174812030075188","53","164","2022-05-17T07:20:00.000Z","1652772000",
"2551","22b77d7829c68dcd","E2:1F:7B:35:CC:08","56.09756097560975","4","0.1166044776119403","72","164","2022-05-17T07:21:00.000Z","1652772060",
"2551","22b77d7829c68dcd","E2:1F:7B:35:CC:08","46.34146341463415","1","0.11322463768115942","67","164","2022-05-17T07:22:00.000Z","1652772120",
"2551","22b77d7829c68dcd","E2:1F:7B:35:CC:08","31.70731707317073","0","0.1174812030075188","67","164","2022-05-17T07:23:00.000Z","1652772180",
"2551","22b77d7829c68dcd","E2:1F:7B:35:CC:08","29.26829268292683","0","0.08632596685082873","15","164","2022-05-17T07:24:00.000Z","1652772240",
"2551","22b77d7829c68dcd","E2:1F:7B:35:CC:08","32.926829268292686","4","0.08585164835164835","12","164","2022-05-17T07:28:00.000Z","1652772480",
"2551","22b77d7829c68dcd","E2:1F:7B:35:CC:08","45.1219512195122","4","0.10080645161290322","0","164","2022-05-17T07:29:00.000Z","1652772540",
"2551","22b77d7829c68dcd","E2:1F:7B:35:CC:08","47.5609756097561","0","0.12112403100775193","32","164","2022-05-17T07:30:00.000Z","1652772600",
"2551","22b77d7829c68dcd","E2:1F:7B:35:CC:08","48.78048780487805","5","0.10486577181208054","86","164","2022-05-17T07:33:00.000Z","1652772780",
"2551","22b77d7829c68dcd","E2:1F:7B:35:CC:08","50","5","0.13827433628318583","1","164","2022-05-17T07:34:00.000Z","1652772840",
"2551","22b77d7829c68dcd","E2:1F:7B:35:CC:08","58.53658536585366","10","0.1201923076923077","63","164","2022-05-17T07:39:00.000Z","1652773140",
"2551","22b77d7829c68dcd","E2:1F:7B:35:CC:08","56.626506024096386","3","0.16447368421052633","42","166","2022-05-17T07:40:00.000Z","1652773200",
"2551","22b77d7829c68dcd","E2:1F:7B:35:CC:08","57.83132530120482","7","0.18601190476190477","68","166","2022-05-17T07:41:00.000Z","1652773260",
"2551","22b77d7829c68dcd","E2:1F:7B:35:CC:08","77.10843373493977","7","0.20559210526315788","57","166","2022-05-17T07:42:00.000Z","1652773320",
"2551","22b77d7829c68dcd","E2:1F:7B:35:CC:08","60.24096385542169","2","0.21114864864864866","79","166","2022-05-17T07:43:00.000Z","1652773380",
"2551","22b77d7829c68dcd","E2:1F:7B:35:CC:08","53.01204819277108","5","0.22007042253521128","49","166","2022-05-17T07:44:00.000Z","1652773440",
"2551","22b77d7829c68dcd","E2:1F:7B:35:CC:08","69.87951807228916","6","0.175561797752809","18","166","2022-05-17T07:45:00.000Z","1652773500",
"2551","22b77d7829c68dcd","E2:1F:7B:35:CC:08","69.87951807228916","9","0.2403846153846154","36","166","2022-05-17T07:46:00.000Z","1652773560",
"2551","22b77d7829c68dcd","E2:1F:7B:35:CC:08","57.83132530120482","1","0.22977941176470587","5","166","2022-05-17T07:47:00.000Z","1652773620",
"2551","22b77d7829c68dcd","E2:1F:7B:35:CC:08","69.87951807228916","7","0.1547029702970297","0","166","2022-05-17T07:48:00.000Z","1652773680",
"2551","22b77d7829c68dcd","E2:1F:7B:35:CC:08","69.87951807228916","0","0.2604166666666667","0","166","2022-05-17T07:49:00.000Z","1652773740",
"2551","22b77d7829c68dcd","E2:1F:7B:35:CC:08","54.21686746987952","3","0.1953125","0","166","2022-05-17T07:50:00.000Z","1652773800",
"2551","22b77d7829c68dcd","E2:1F:7B:35:CC:08","51.80722891566265","4","0.22007042253521128","2","166","2022-05-17T07:51:00.000Z","1652773860",
"2551","22b77d7829c68dcd","E2:1F:7B:35:CC:08","50.602409638554214","5","0.2332089552238806","2","166","2022-05-17T07:52:00.000Z","1652773920",
"2551","22b77d7829c68dcd","E2:1F:7B:35:CC:08","55.42168674698795","6","0.22644927536231885","1","166","2022-05-17T07:53:00.000Z","1652773980",
"2551","22b77d7829c68dcd","E2:1F:7B:35:CC:08","62.65060240963855","3","0.22977941176470587","7","166","2022-05-17T07:54:00.000Z","1652774040",
"2551","22b77d7829c68dcd","E2:1F:7B:35:CC:08","66.26506024096386","2","0.2741228070175439","16","166","2022-05-17T07:55:00.000Z","1652774100",
"2551","22b77d7829c68dcd","E2:1F:7B:35:CC:08","63.855421686746986","9","0.25201612903225806","9","166","2022-05-17T07:56:00.000Z","1652774160",
"2551","22b77d7829c68dcd","E2:1F:7B:35:CC:08","78.3132530120482","4","0.3004807692307692","19","166","2022-05-17T07:57:00.000Z","1652774220",
"2551","22b77d7829c68dcd","E2:1F:7B:35:CC:08","81.92771084337349","6","0.19290123456790123","32","166","2022-05-17T07:58:00.000Z","1652774280",
"2551","22b77d7829c68dcd","E2:1F:7B:35:CC:08","100","10","0.37202380952380953","28","166","2022-05-17T07:59:00.000Z","1652774340",
"2551","22b77d7829c68dcd","E2:1F:7B:35:CC:08","81.92771084337349","7","0.44642857142857145","15","166","2022-05-17T08:00:00.000Z","1652774400",
"2551","22b77d7829c68dcd","E2:1F:7B:35:CC:08","77.10843373493977","5","0.2741228070175439","4","166","2022-05-17T08:01:00.000Z","1652774460",
"2551","22b77d7829c68dcd","E2:1F:7B:35:CC:08","100","14","0.5387931034482759","11","166","2022-05-17T08:02:00.000Z","1652774520",
"2551","22b77d7829c68dcd","E2:1F:7B:35:CC:08","100","6","0.625","12","166","2022-05-17T08:03:00.000Z","1652774580",
"2551","22b77d7829c68dcd","E2:1F:7B:35:CC:08","100","7","0.9191176470588235","14","166","2022-05-17T08:04:00.000Z","1652774640",
"2551","22b77d7829c68dcd","E2:1F:7B:35:CC:08","100","3","0.9191176470588235","0","166","2022-05-17T08:05:00.000Z","1652774700",
"2551","22b77d7829c68dcd","E2:1F:7B:35:CC:08","100","2","0.7102272727272727","4","166","2022-05-17T08:06:00.000Z","1652774760",
"2551","22b77d7829c68dcd","E2:1F:7B:35:CC:08","73.49397590361446","2","0.40064102564102566","11","166","2022-05-17T08:07:00.000Z","1652774820",
"2551","22b77d7829c68dcd","E2:1F:7B:35:CC:08","61.44578313253012","4","0.4734848484848485","4","166","2022-05-17T08:08:00.000Z","1652774880",
"2551","22b77d7829c68dcd","E2:1F:7B:35:CC:08","54.21686746987952","4","0.5208333333333334","1","166","2022-05-17T08:09:00.000Z","1652774940",
"2551","22b77d7829c68dcd","E2:1F:7B:35:CC:08","49.397590361445786","2","0.4734848484848485","4","166","2022-05-17T08:10:00.000Z","1652775000",
"2551","22b77d7829c68dcd","E2:1F:7B:35:CC:08","48.19277108433735","3","0.48828125","5","166","2022-05-17T08:11:00.000Z","1652775060",
"2551","22b77d7829c68dcd","E2:1F:7B:35:CC:08","42.16867469879518","3","0.5387931034482759","1","166","2022-05-17T08:12:00.000Z","1652775120",
"2551","22b77d7829c68dcd","E2:1F:7B:35:CC:08","63.855421686746986","6","0.5787037037037037","2","166","2022-05-17T08:13:00.000Z","1652775180",
"2551","22b77d7829c68dcd","E2:1F:7B:35:CC:08","81.92771084337349","5","0.7102272727272727","2","166","2022-05-17T08:14:00.000Z","1652775240",
"2551","22b77d7829c68dcd","E2:1F:7B:35:CC:08","100","4","0.9765625","89","166","2022-05-17T08:15:00.000Z","1652775300",
"2551","22b77d7829c68dcd","E2:1F:7B:35:CC:08","100","3","1.2019230769230769","37","166","2022-05-17T08:16:00.000Z","1652775360",
"2551","22b77d7829c68dcd","E2:1F:7B:35:CC:08","98.79518072289157","4","0.8223684210526315","1","166","2022-05-17T08:17:00.000Z","1652775420",
"2551","22b77d7829c68dcd","E2:1F:7B:35:CC:08","73.49397590361446","2","0.625","0","166","2022-05-17T08:18:00.000Z","1652775480",
"2551","22b77d7829c68dcd","E2:1F:7B:35:CC:08","85.5421686746988","8","0.78125","0","166","2022-05-17T08:19:00.000Z","1652775540",
"2551","22b77d7829c68dcd","E2:1F:7B:35:CC:08","100","7","1.7361111111111112","9","166","2022-05-17T08:20:00.000Z","1652775600",
"2551","22b77d7829c68dcd","E2:1F:7B:35:CC:08","98.79518072289157","6","1.7361111111111112","15","166","2022-05-17T08:21:00.000Z","1652775660",
"2551","22b77d7829c68dcd","E2:1F:7B:35:CC:08","98.79518072289157","6","1.953125","14","166","2022-05-17T08:22:00.000Z","1652775720",
"2551","22b77d7829c68dcd","E2:1F:7B:35:CC:08","100","6","1.7361111111111112","12","166","2022-05-17T08:23:00.000Z","1652775780",
"2551","22b77d7829c68dcd","E2:1F:7B:35:CC:08","100","6","1.5625","7","166","2022-05-17T08:24:00.000Z","1652775840",
"2551","22b77d7829c68dcd","E2:1F:7B:35:CC:08","100","7","1.7361111111111112","5","166","2022-05-17T08:25:00.000Z","1652775900",
"2551","22b77d7829c68dcd","E2:1F:7B:35:CC:08","100","9","2.232142857142857","43","166","2022-05-17T08:26:00.000Z","1652775960",
"2551","22b77d7829c68dcd","E2:1F:7B:35:CC:08","100","12","2.6041666666666665","43","166","2022-05-17T08:27:00.000Z","1652776020",
"2551","22b77d7829c68dcd","E2:1F:7B:35:CC:08","95.18072289156626","10","3.125","8","166","2022-05-17T08:28:00.000Z","1652776080",
"2551","22b77d7829c68dcd","E2:1F:7B:35:CC:08","95.18072289156626","6","3.125","8","166","2022-05-17T08:29:00.000Z","1652776140",
"2551","22b77d7829c68dcd","E2:1F:7B:35:CC:08","92.7710843373494","10","3.125","0","166","2022-05-17T08:30:00.000Z","1652776200",
"2551","22b77d7829c68dcd","E2:1F:7B:35:CC:08","78.3132530120482","6","2.232142857142857","1","166","2022-05-17T08:31:00.000Z","1652776260",
"2551","22b77d7829c68dcd","E2:1F:7B:35:CC:08","80.72289156626506","8","2.6041666666666665","7","166","2022-05-17T08:32:00.000Z","1652776320",
"2551","22b77d7829c68dcd","E2:1F:7B:35:CC:08","96.3855421686747","3","3.125","2","166","2022-05-17T08:33:00.000Z","1652776380",
"2551","22b77d7829c68dcd","E2:1F:7B:35:CC:08","72.28915662650603","7","3.125","0","166","2022-05-17T08:34:00.000Z","1652776440",
"2551","22b77d7829c68dcd","E2:1F:7B:35:CC:08","49.397590361445786","4","3.125","0","166","2022-05-17T08:35:00.000Z","1652776500",
"2551","22b77d7829c68dcd","E2:1F:7B:35:CC:08","49.397590361445786","5","3.125","8","166","2022-05-17T08:36:00.000Z","1652776560",
"2551","22b77d7829c68dcd","E2:1F:7B:35:CC:08","68.67469879518072","6","3.125","11","166","2022-05-17T08:37:00.000Z","1652776620",
"2551","22b77d7829c68dcd","E2:1F:7B:35:CC:08","69.87951807228916","7","3.125","14","166","2022-05-17T08:38:00.000Z","1652776680",
"2551","22b77d7829c68dcd","E2:1F:7B:35:CC:08","68.67469879518072","8","3.90625","2","166","2022-05-17T08:39:00.000Z","1652776740",
"2551","22b77d7829c68dcd","E2:1F:7B:35:CC:08","68.67469879518072","6","3.125","14","166","2022-05-17T08:40:00.000Z","1652776800",
"2551","22b77d7829c68dcd","E2:1F:7B:35:CC:08","73.49397590361446","4","3.125","9","166","2022-05-17T08:41:00.000Z","1652776860",
"2551","22b77d7829c68dcd","E2:1F:7B:35:CC:08","77.10843373493977","5","3.125","1","166","2022-05-17T08:42:00.000Z","1652776920",
"2551","22b77d7829c68dcd","E2:1F:7B:35:CC:08","74.6987951807229","9","3.90625","4","166","2022-05-17T08:43:00.000Z","1652776980",
"2551","22b77d7829c68dcd","E2:1F:7B:35:CC:08","100","4","3.90625","1","166","2022-05-17T08:44:00.000Z","1652777040",
"2551","22b77d7829c68dcd","E2:1F:7B:35:CC:08","100","4","3.125","1","166","2022-05-17T08:45:00.000Z","1652777100",
"2551","22b77d7829c68dcd","E2:1F:7B:35:CC:08","100","6","3.125","1","166","2022-05-17T08:46:00.000Z","1652777160",
"2551","22b77d7829c68dcd","E2:1F:7B:35:CC:08","100","8","1.7361111111111112","5","166","2022-05-17T08:47:00.000Z","1652777220",
"2551","22b77d7829c68dcd","E2:1F:7B:35:CC:08","100","8","2.6041666666666665","2","166","2022-05-17T08:48:00.000Z","1652777280",
"2551","22b77d7829c68dcd","E2:1F:7B:35:CC:08","89.1566265060241","7","2.6041666666666665","12","166","2022-05-17T08:49:00.000Z","1652777340",
"2551","22b77d7829c68dcd","E2:1F:7B:35:CC:08","86.74698795180723","5","2.6041666666666665","0","166","2022-05-17T08:50:00.000Z","1652777400",
"2551","22b77d7829c68dcd","E2:1F:7B:35:CC:08","89.1566265060241","6","2.6041666666666665","5","166","2022-05-17T08:51:00.000Z","1652777460",
"2551","22b77d7829c68dcd","E2:1F:7B:35:CC:08","91.56626506024097","7","3.125","4","166","2022-05-17T08:52:00.000Z","1652777520",
"2551","22b77d7829c68dcd","E2:1F:7B:35:CC:08","85.5421686746988","7","3.125","15","166","2022-05-17T08:53:00.000Z","1652777580",
"2551","22b77d7829c68dcd","E2:1F:7B:35:CC:08","77.10843373493977","3","1.953125","2","166","2022-05-17T08:54:00.000Z","1652777640",
"2551","22b77d7829c68dcd","E2:1F:7B:35:CC:08","78.3132530120482","10","1.953125","0","166","2022-05-17T08:55:00.000Z","1652777700",
"2551","22b77d7829c68dcd","E2:1F:7B:35:CC:08","68.67469879518072","5","2.6041666666666665","8","166","2022-05-17T08:56:00.000Z","1652777760",
"2551","22b77d7829c68dcd","E2:1F:7B:35:CC:08","67.46987951807229","9","2.6041666666666665","12","166","2022-05-17T08:57:00.000Z","1652777820",
"2551","22b77d7829c68dcd","E2:1F:7B:35:CC:08","78.3132530120482","6","2.6041666666666665","7","166","2022-05-17T08:58:00.000Z","1652777880",
"2551","22b77d7829c68dcd","E2:1F:7B:35:CC:08","97.59036144578313","5","3.125","0","166","2022-05-17T08:59:00.000Z","1652777940",
"2551","22b77d7829c68dcd","E2:1F:7B:35:CC:08","100","9","1.953125","2","166","2022-05-17T09:00:00.000Z","1652778000",
"2551","22b77d7829c68dcd","E2:1F:7B:35:CC:08","100","0","1.4204545454545454","22","166","2022-05-17T09:01:00.000Z","1652778060",
"2551","22b77d7829c68dcd","E2:1F:7B:35:CC:08","100","5","2.232142857142857","9","166","2022-05-17T09:02:00.000Z","1652778120",
"2551","22b77d7829c68dcd","E2:1F:7B:35:CC:08","100","6","2.6041666666666665","12","166","2022-05-17T09:03:00.000Z","1652778180",
"2551","22b77d7829c68dcd","E2:1F:7B:35:CC:08","100","5","3.125","12","166","2022-05-17T09:04:00.000Z","1652778240",
"2551","22b77d7829c68dcd","E2:1F:7B:35:CC:08","100","4","1.7361111111111112","18","166","2022-05-17T09:05:00.000Z","1652778300",
"2551","22b77d7829c68dcd","E2:1F:7B:35:CC:08","100","9","2.232142857142857","9","166","2022-05-17T09:06:00.000Z","1652778360",
"2551","22b77d7829c68dcd","E2:1F:7B:35:CC:08","91.56626506024097","6","1.953125","12","166","2022-05-17T09:07:00.000Z","1652778420",
"2551","22b77d7829c68dcd","E2:1F:7B:35:CC:08","100","8","2.6041666666666665","2","166","2022-05-17T09:08:00.000Z","1652778480",
"2551","22b77d7829c68dcd","E2:1F:7B:35:CC:08","100","5","2.6041666666666665","14","166","2022-05-17T09:09:00.000Z","1652778540",
"2551","22b77d7829c68dcd","E2:1F:7B:35:CC:08","90.36144578313252","0","2.232142857142857","46","166","2022-05-17T09:10:00.000Z","1652778600",
"2551","22b77d7829c68dcd","E2:1F:7B:35:CC:08","77.10843373493977","4","2.6041666666666665","4","166","2022-05-17T09:11:00.000Z","1652778660",
"2551","22b77d7829c68dcd","E2:1F:7B:35:CC:08","83.13253012048193","7","2.6041666666666665","2","166","2022-05-17T09:12:00.000Z","1652778720",
"2551","22b77d7829c68dcd","E2:1F:7B:35:CC:08","85.5421686746988","5","2.232142857142857","9","166","2022-05-17T09:13:00.000Z","1652778780",
"2551","22b77d7829c68dcd","E2:1F:7B:35:CC:08","72.28915662650603","4","2.6041666666666665","12","166","2022-05-17T09:14:00.000Z","1652778840",
"2551","22b77d7829c68dcd","E2:1F:7B:35:CC:08","74.6987951807229","2","3.125","7","166","2022-05-17T09:15:00.000Z","1652778900",
"2551","22b77d7829c68dcd","E2:1F:7B:35:CC:08","100","6","3.125","0","166","2022-05-17T09:16:00.000Z","1652778960",
"2551","22b77d7829c68dcd","E2:1F:7B:35:CC:08","100","3","1.3020833333333333","12","166","2022-05-17T09:17:00.000Z","1652779020",
"2551","22b77d7829c68dcd","E2:1F:7B:35:CC:08","100","4","1.5625","47","166","2022-05-17T09:18:00.000Z","1652779080",
"2551","22b77d7829c68dcd","E2:1F:7B:35:CC:08","100","3","1.7361111111111112","2","166","2022-05-17T09:19:00.000Z","1652779140",
"2551","22b77d7829c68dcd","E2:1F:7B:35:CC:08","85.5421686746988","5","1.953125","1","166","2022-05-17T09:20:00.000Z","1652779200",
"2551","22b77d7829c68dcd","E2:1F:7B:35:CC:08","89.1566265060241","4","1.953125","4","166","2022-05-17T09:21:00.000Z","1652779260",
"2551","22b77d7829c68dcd","E2:1F:7B:35:CC:08","100","4","2.232142857142857","21","166","2022-05-17T09:22:00.000Z","1652779320",
"2551","22b77d7829c68dcd","E2:1F:7B:35:CC:08","63.47305389221557","4","1.5625","4","167","2022-05-17T09:24:00.000Z","1652779440",
"2551","22b77d7829c68dcd","E2:1F:7B:35:CC:08","64.67065868263474","6","2.232142857142857","1","167","2022-05-17T09:25:00.000Z","1652779500",
"2551","22b77d7829c68dcd","E2:1F:7B:35:CC:08","77.8443113772455","1","1.7361111111111112","0","167","2022-05-17T09:26:00.000Z","1652779560",
"2551","22b77d7829c68dcd","E2:1F:7B:35:CC:08","64.67065868263474","3","1.7361111111111112","0","167","2022-05-17T09:27:00.000Z","1652779620",
"2551","22b77d7829c68dcd","E2:1F:7B:35:CC:08","64.67065868263474","7","2.232142857142857","0","167","2022-05-17T09:28:00.000Z","1652779680",
"2551","22b77d7829c68dcd","E2:1F:7B:35:CC:08","49.10179640718563","2","1.953125","0","167","2022-05-17T09:29:00.000Z","1652779740",
"2551","22b77d7829c68dcd","E2:1F:7B:35:CC:08","39.52095808383233","3","1.7361111111111112","5","167","2022-05-17T09:30:00.000Z","1652779800",
"2551","22b77d7829c68dcd","E2:1F:7B:35:CC:08","57.48502994011976","5","2.232142857142857","0","167","2022-05-17T09:31:00.000Z","1652779860",
"2551","22b77d7829c68dcd","E2:1F:7B:35:CC:08","63.47305389221557","3","1.7361111111111112","1","167","2022-05-17T09:32:00.000Z","1652779920",
"2551","22b77d7829c68dcd","E2:1F:7B:35:CC:08","52.69461077844311","4","2.232142857142857","0","167","2022-05-17T09:33:00.000Z","1652779980",
"2551","22b77d7829c68dcd","E2:1F:7B:35:CC:08","55.08982035928144","4","1.7361111111111112","0","167","2022-05-17T09:34:00.000Z","1652780040",
"2551","22b77d7829c68dcd","E2:1F:7B:35:CC:08","65.86826347305389","1","2.232142857142857","0","167","2022-05-17T09:35:00.000Z","1652780100",
"2551","22b77d7829c68dcd","E2:1F:7B:35:CC:08","76.64670658682634","3","1.7361111111111112","5","167","2022-05-17T09:36:00.000Z","1652780160",
"2551","22b77d7829c68dcd","E2:1F:7B:35:CC:08","79.04191616766467","2","1.7361111111111112","9","167","2022-05-17T09:37:00.000Z","1652780220",
"2551","22b77d7829c68dcd","E2:1F:7B:35:CC:08","77.8443113772455","6","0.9765625","7","167","2022-05-17T09:38:00.000Z","1652780280",
"2551","22b77d7829c68dcd","E2:1F:7B:35:CC:08","85.02994011976048","7","0.9191176470588235","11","167","2022-05-17T09:39:00.000Z","1652780340",
"2551","22b77d7829c68dcd","E2:1F:7B:35:CC:08","100","10","1.5625","11","167","2022-05-17T09:40:00.000Z","1652780400",
"2551","22b77d7829c68dcd","E2:1F:7B:35:CC:08","100","7","1.5625","21","167","2022-05-17T09:41:00.000Z","1652780460",
"2551","22b77d7829c68dcd","E2:1F:7B:35:CC:08","99.40119760479043","4","1.4204545454545454","12","167","2022-05-17T09:42:00.000Z","1652780520",
"2551","22b77d7829c68dcd","E2:1F:7B:35:CC:08","76.64670658682634","5","1.953125","5","167","2022-05-17T09:43:00.000Z","1652780580",
"2551","22b77d7829c68dcd","E2:1F:7B:35:CC:08","75.44910179640719","6","1.7361111111111112","5","167","2022-05-17T09:44:00.000Z","1652780640",
"2551","22b77d7829c68dcd","E2:1F:7B:35:CC:08","64.67065868263474","3","1.953125","7","167","2022-05-17T09:45:00.000Z","1652780700",
"2551","22b77d7829c68dcd","E2:1F:7B:35:CC:08","63.47305389221557","2","1.2019230769230769","2","167","2022-05-17T09:46:00.000Z","1652780760",
"2551","22b77d7829c68dcd","E2:1F:7B:35:CC:08","63.47305389221557","5","1.3020833333333333","8","167","2022-05-17T09:47:00.000Z","1652780820",
"2551","22b77d7829c68dcd","E2:1F:7B:35:CC:08","69.46107784431138","7","0.3472222222222222","2","167","2022-05-17T09:48:00.000Z","1652780880",
"2551","22b77d7829c68dcd","E2:1F:7B:35:CC:08","74.25149700598803","7","1.3020833333333333","2","167","2022-05-17T09:49:00.000Z","1652780940",
"2551","22b77d7829c68dcd","E2:1F:7B:35:CC:08","86.22754491017965","7","1.5625","2","167","2022-05-17T09:50:00.000Z","1652781000",
"2551","22b77d7829c68dcd","E2:1F:7B:35:CC:08","100","10","2.6041666666666665","1","167","2022-05-17T09:51:00.000Z","1652781060",
"2551","22b77d7829c68dcd","E2:1F:7B:35:CC:08","100","4","1.5625","2","167","2022-05-17T09:52:00.000Z","1652781120",
"2551","22b77d7829c68dcd","E2:1F:7B:35:CC:08","99.40119760479043","9","1.3020833333333333","1","167","2022-05-17T09:53:00.000Z","1652781180",
"2551","22b77d7829c68dcd","E2:1F:7B:35:CC:08","100","8","1.7361111111111112","0","167","2022-05-17T09:54:00.000Z","1652781240",
"2551","22b77d7829c68dcd","E2:1F:7B:35:CC:08","95.80838323353294","3","1.7361111111111112","0","167","2022-05-17T09:55:00.000Z","1652781300",
"2551","22b77d7829c68dcd","E2:1F:7B:35:CC:08","88.62275449101796","8","1.5625","2","167","2022-05-17T09:56:00.000Z","1652781360",
"2551","22b77d7829c68dcd","E2:1F:7B:35:CC:08","88.62275449101796","3","1.7361111111111112","8","167","2022-05-17T09:57:00.000Z","1652781420",
"2551","22b77d7829c68dcd","E2:1F:7B:35:CC:08","89.82035928143712","8","1.953125","16","167","2022-05-17T09:58:00.000Z","1652781480",
"2551","22b77d7829c68dcd","E2:1F:7B:35:CC:08","95.80838323353294","4","1.953125","14","167","2022-05-17T09:59:00.000Z","1652781540",
"2551","22b77d7829c68dcd","E2:1F:7B:35:CC:08","64.67065868263474","3","2.232142857142857","11","167","2022-05-17T10:00:00.000Z","1652781600",
"2551","22b77d7829c68dcd","E2:1F:7B:35:CC:08","59.880239520958085","9","2.232142857142857","32","167","2022-05-17T10:01:00.000Z","1652781660",
"2551","22b77d7829c68dcd","E2:1F:7B:35:CC:08","61.07784431137725","5","2.232142857142857","25","167","2022-05-17T10:02:00.000Z","1652781720",
"2551","22b77d7829c68dcd","E2:1F:7B:35:CC:08","71.8562874251497","10","2.6041666666666665","2","167","2022-05-17T10:03:00.000Z","1652781780",
"2551","22b77d7829c68dcd","E2:1F:7B:35:CC:08","76.64670658682634","6","2.6041666666666665","0","167","2022-05-17T10:04:00.000Z","1652781840",
"2551","22b77d7829c68dcd","E2:1F:7B:35:CC:08","82.63473053892216","8","2.6041666666666665","5","167","2022-05-17T10:05:00.000Z","1652781900",
"2551","22b77d7829c68dcd","E2:1F:7B:35:CC:08","71.8562874251497","8","2.6041666666666665","0","167","2022-05-17T10:06:00.000Z","1652781960",
"2551","22b77d7829c68dcd","E2:1F:7B:35:CC:08","82.63473053892216","8","3.125","5","167","2022-05-17T10:07:00.000Z","1652782020",
"2551","22b77d7829c68dcd","E2:1F:7B:35:CC:08","93.41317365269461","9","3.125","7","167","2022-05-17T10:08:00.000Z","1652782080",
"2551","22b77d7829c68dcd","E2:1F:7B:35:CC:08","88.62275449101796","0","2.232142857142857","14","167","2022-05-17T10:09:00.000Z","1652782140",
"2551","22b77d7829c68dcd","E2:1F:7B:35:CC:08","85.02994011976048","10","3.125","4","167","2022-05-17T10:10:00.000Z","1652782200",
"2551","22b77d7829c68dcd","E2:1F:7B:35:CC:08","83.83233532934132","4","3.125","7","167","2022-05-17T10:11:00.000Z","1652782260",
"2551","22b77d7829c68dcd","E2:1F:7B:35:CC:08","79.04191616766467","4","2.6041666666666665","5","167","2022-05-17T10:12:00.000Z","1652782320",
"2551","22b77d7829c68dcd","E2:1F:7B:35:CC:08","83.83233532934132","6","3.125","2","167","2022-05-17T10:13:00.000Z","1652782380",
"2551","22b77d7829c68dcd","E2:1F:7B:35:CC:08","81.437125748503","10","3.90625","12","167","2022-05-17T10:14:00.000Z","1652782440",
"2551","22b77d7829c68dcd","E2:1F:7B:35:CC:08","71.8562874251497","11","3.90625","4","167","2022-05-17T10:15:00.000Z","1652782500",
"2551","22b77d7829c68dcd","E2:1F:7B:35:CC:08","68.26347305389221","5","3.90625","14","167","2022-05-17T10:16:00.000Z","1652782560",
"2551","22b77d7829c68dcd","E2:1F:7B:35:CC:08","62.275449101796404","6","3.90625","14","167","2022-05-17T10:17:00.000Z","1652782620",
"2551","22b77d7829c68dcd","E2:1F:7B:35:CC:08","62.275449101796404","7","3.90625","7","167","2022-05-17T10:18:00.000Z","1652782680",
"2551","22b77d7829c68dcd","E2:1F:7B:35:CC:08","65.86826347305389","5","3.90625","2","167","2022-05-17T10:19:00.000Z","1652782740",
"2551","22b77d7829c68dcd","E2:1F:7B:35:CC:08","69.46107784431138","3","3.90625","0","167","2022-05-17T10:20:00.000Z","1652782800",
"2551","22b77d7829c68dcd","E2:1F:7B:35:CC:08","61.07784431137725","3","3.125","0","167","2022-05-17T10:21:00.000Z","1652782860",
"2551","22b77d7829c68dcd","E2:1F:7B:35:CC:08","76.64670658682634","7","3.90625","36","167","2022-05-17T10:22:00.000Z","1652782920",
"2551","22b77d7829c68dcd","E2:1F:7B:35:CC:08","75.44910179640719","9","3.125","2","167","2022-05-17T10:23:00.000Z","1652782980",
"2551","22b77d7829c68dcd","E2:1F:7B:35:CC:08","85.02994011976048","4","2.232142857142857","0","167","2022-05-17T10:24:00.000Z","1652783040",
"2551","22b77d7829c68dcd","E2:1F:7B:35:CC:08","92.21556886227545","7","2.232142857142857","0","167","2022-05-17T10:25:00.000Z","1652783100",
"2551","22b77d7829c68dcd","E2:1F:7B:35:CC:08","87.42514970059881","6","2.6041666666666665","0","167","2022-05-17T10:26:00.000Z","1652783160",
"2551","22b77d7829c68dcd","E2:1F:7B:35:CC:08","71.8562874251497","4","1.953125","0","167","2022-05-17T10:27:00.000Z","1652783220",
"2551","22b77d7829c68dcd","E2:1F:7B:35:CC:08","57.48502994011976","1","1.7361111111111112","0","167","2022-05-17T10:28:00.000Z","1652783280",
"2551","22b77d7829c68dcd","E2:1F:7B:35:CC:08","45.50898203592814","0","1.5625","0","167","2022-05-17T10:29:00.000Z","1652783340",
"2551","22b77d7829c68dcd","E2:1F:7B:35:CC:08","40.7185628742515","1","1.3020833333333333","1","167","2022-05-17T10:30:00.000Z","1652783400",
"2551","22b77d7829c68dcd","E2:1F:7B:35:CC:08","40.7185628742515","2","1.3020833333333333","0","167","2022-05-17T10:31:00.000Z","1652783460",
"2551","22b77d7829c68dcd","E2:1F:7B:35:CC:08","34.73053892215569","1","1.1160714285714286","1","167","2022-05-17T10:32:00.000Z","1652783520",
"2551","22b77d7829c68dcd","E2:1F:7B:35:CC:08","34.73053892215569","2","1.1160714285714286","2","167","2022-05-17T10:33:00.000Z","1652783580",
"2551","22b77d7829c68dcd","E2:1F:7B:35:CC:08","37.125748502994014","1","1.1160714285714286","21","167","2022-05-17T10:34:00.000Z","1652783640",
"2551","22b77d7829c68dcd","E2:1F:7B:35:CC:08","44.31137724550898","2","1.0416666666666667","0","167","2022-05-17T10:35:00.000Z","1652783700",
"2551","22b77d7829c68dcd","E2:1F:7B:35:CC:08","39.52095808383233","0","0.5208333333333334","2","167","2022-05-17T10:36:00.000Z","1652783760",
"2551","22b77d7829c68dcd","E2:1F:7B:35:CC:08","47.90419161676647","8","0.5787037037037037","7","167","2022-05-17T10:37:00.000Z","1652783820",
"2551","22b77d7829c68dcd","E2:1F:7B:35:CC:08","59.880239520958085","2","0.7102272727272727","1","167","2022-05-17T10:38:00.000Z","1652783880",
"2551","22b77d7829c68dcd","E2:1F:7B:35:CC:08","44.31137724550898","3","0.7440476190476191","1","167","2022-05-17T10:39:00.000Z","1652783940",
"2551","22b77d7829c68dcd","E2:1F:7B:35:CC:08","32.33532934131737","1","0.6510416666666666","0","167","2022-05-17T10:40:00.000Z","1652784000",
"2551","22b77d7829c68dcd","E2:1F:7B:35:CC:08","41.91616766467066","7","0.7440476190476191","2","167","2022-05-17T10:41:00.000Z","1652784060",
"2551","22b77d7829c68dcd","E2:1F:7B:35:CC:08","50.29940119760479","1","0.6510416666666666","0","167","2022-05-17T10:42:00.000Z","1652784120",
"2551","22b77d7829c68dcd","E2:1F:7B:35:CC:08","29.940119760479043","0","0.6510416666666666","0","167","2022-05-17T10:43:00.000Z","1652784180",
"2551","22b77d7829c68dcd","E2:1F:7B:35:CC:08","35.92814371257485","3","0.625","4","167","2022-05-17T10:44:00.000Z","1652784240",
"2551","22b77d7829c68dcd","E2:1F:7B:35:CC:08","31.137724550898202","2","0.625","0","167","2022-05-17T10:45:00.000Z","1652784300",
"2551","22b77d7829c68dcd","E2:1F:7B:35:CC:08","29.940119760479043","0","0.6009615384615384","0","167","2022-05-17T10:46:00.000Z","1652784360",
"2551","22b77d7829c68dcd","E2:1F:7B:35:CC:08","21.55688622754491","0","0.6009615384615384","0","167","2022-05-17T10:47:00.000Z","1652784420",
"2551","22b77d7829c68dcd","E2:1F:7B:35:CC:08","22.75449101796407","0","0.5580357142857143","0","167","2022-05-17T10:48:00.000Z","1652784480",
"2551","22b77d7829c68dcd","E2:1F:7B:35:CC:08","13.173652694610778","0","0.5580357142857143","0","167","2022-05-17T10:49:00.000Z","1652784540",
"2551","22b77d7829c68dcd","E2:1F:7B:35:CC:08","11.976047904191617","0","0.5387931034482759","0","167","2022-05-17T10:50:00.000Z","1652784600",
"2551","22b77d7829c68dcd","E2:1F:7B:35:CC:08","14.37125748502994","0","0.5580357142857143","12","167","2022-05-17T10:51:00.000Z","1652784660",
"2551","22b77d7829c68dcd","E2:1F:7B:35:CC:08","21.55688622754491","0","0.5787037037037037","28","167","2022-05-17T10:52:00.000Z","1652784720",
"2551","22b77d7829c68dcd","E2:1F:7B:35:CC:08","28.74251497005988","2","0.625","26","167","2022-05-17T10:53:00.000Z","1652784780",
"2551","22b77d7829c68dcd","E2:1F:7B:35:CC:08","20.35928143712575","1","0.6510416666666666","18","167","2022-05-17T10:54:00.000Z","1652784840",
"2551","22b77d7829c68dcd","E2:1F:7B:35:CC:08","46.706586826347305","5","0.7440476190476191","11","167","2022-05-17T10:55:00.000Z","1652784900",
"2551","22b77d7829c68dcd","E2:1F:7B:35:CC:08","82.63473053892216","7","1.1160714285714286","26","167","2022-05-17T10:56:00.000Z","1652784960",
"2551","22b77d7829c68dcd","E2:1F:7B:35:CC:08","71.8562874251497","4","1.4204545454545454","7","167","2022-05-17T10:57:00.000Z","1652785020",
"2551","22b77d7829c68dcd","E2:1F:7B:35:CC:08","83.83233532934132","3","1.5625","15","167","2022-05-17T10:58:00.000Z","1652785080",
"2551","22b77d7829c68dcd","E2:1F:7B:35:CC:08","82.63473053892216","4","1.953125","14","167","2022-05-17T10:59:00.000Z","1652785140",
"2551","22b77d7829c68dcd","E2:1F:7B:35:CC:08","73.05389221556887","5","1.953125","19","167","2022-05-17T11:00:00.000Z","1652785200",
"2551","22b77d7829c68dcd","E2:1F:7B:35:CC:08","58.68263473053892","1","1.5625","12","167","2022-05-17T11:01:00.000Z","1652785260",
"2551","22b77d7829c68dcd","E2:1F:7B:35:CC:08","45.50898203592814","1","1.1160714285714286","12","167","2022-05-17T11:02:00.000Z","1652785320",
"2551","22b77d7829c68dcd","E2:1F:7B:35:CC:08","50.29940119760479","8","1.1160714285714286","16","167","2022-05-17T11:03:00.000Z","1652785380",
"2551","22b77d7829c68dcd","E2:1F:7B:35:CC:08","57.48502994011976","4","1.0416666666666667","0","167","2022-05-17T11:04:00.000Z","1652785440",
"2551","22b77d7829c68dcd","E2:1F:7B:35:CC:08","71.8562874251497","5","0.9765625","4","167","2022-05-17T11:05:00.000Z","1652785500",
"2551","22b77d7829c68dcd","E2:1F:7B:35:CC:08","45.50898203592814","2","0.9765625","8","167","2022-05-17T11:06:00.000Z","1652785560",
"2551","22b77d7829c68dcd","E2:1F:7B:35:CC:08","28.74251497005988","1","0.9191176470588235","2","167","2022-05-17T11:07:00.000Z","1652785620",
"2551","22b77d7829c68dcd","E2:1F:7B:35:CC:08","25.149700598802394","1","0.8223684210526315","0","167","2022-05-17T11:08:00.000Z","1652785680",
"2551","22b77d7829c68dcd","E2:1F:7B:35:CC:08","26.347305389221557","0","0.78125","7","167","2022-05-17T11:09:00.000Z","1652785740",
"2551","22b77d7829c68dcd","E2:1F:7B:35:CC:08","49.10179640718563","2","0.78125","0","167","2022-05-17T11:10:00.000Z","1652785800",
"2551","22b77d7829c68dcd","E2:1F:7B:35:CC:08","40.7185628742515","2","0.78125","2","167","2022-05-17T11:11:00.000Z","1652785860",
"2551","22b77d7829c68dcd","E2:1F:7B:35:CC:08","37.125748502994014","2","0.7440476190476191","0","167","2022-05-17T11:12:00.000Z","1652785920",
"2551","22b77d7829c68dcd","E2:1F:7B:35:CC:08","41.91616766467066","5","0.4222972972972973","2","167","2022-05-17T11:13:00.000Z","1652785980",
"2551","22b77d7829c68dcd","E2:1F:7B:35:CC:08","91.01796407185628","9","0.143348623853211","18","167","2022-05-17T11:16:00.000Z","1652786160",
"2551","22b77d7829c68dcd","E2:1F:7B:35:CC:08","100","12","0.20833333333333334","44","167","2022-05-17T11:17:00.000Z","1652786220",
"2551","22b77d7829c68dcd","E2:1F:7B:35:CC:08","100","6","0.1488095238095238","22","167","2022-05-17T11:18:00.000Z","1652786280",
"2551","22b77d7829c68dcd","E2:1F:7B:35:CC:08","100","0","0.31887755102040816","4","167","2022-05-17T11:19:00.000Z","1652786340",
"2551","22b77d7829c68dcd","E2:1F:7B:35:CC:08","100","3","0.8223684210526315","1","167","2022-05-17T11:20:00.000Z","1652786400",
"2551","22b77d7829c68dcd","E2:1F:7B:35:CC:08","100","8","0.625","11","167","2022-05-17T11:21:00.000Z","1652786460",
"2551","22b77d7829c68dcd","E2:1F:7B:35:CC:08","95.80838323353294","8","0.78125","9","167","2022-05-17T11:22:00.000Z","1652786520",
"2551","22b77d7829c68dcd","E2:1F:7B:35:CC:08","95.80838323353294","0","0.48828125","7","167","2022-05-17T11:23:00.000Z","1652786580",
"2551","22b77d7829c68dcd","E2:1F:7B:35:CC:08","91.01796407185628","8","0.7102272727272727","2","167","2022-05-17T11:24:00.000Z","1652786640",
"2551","22b77d7829c68dcd","E2:1F:7B:35:CC:08","85.02994011976048","5","0.9191176470588235","5","167","2022-05-17T11:25:00.000Z","1652786700",
"2551","22b77d7829c68dcd","E2:1F:7B:35:CC:08","100","6","0.8223684210526315","4","167","2022-05-17T11:26:00.000Z","1652786760",
"2551","22b77d7829c68dcd","E2:1F:7B:35:CC:08","100","6","0.6510416666666666","2","167","2022-05-17T11:27:00.000Z","1652786820",
"2551","22b77d7829c68dcd","E2:1F:7B:35:CC:08","100","9","0.78125","4","167","2022-05-17T11:28:00.000Z","1652786880",
"2551","22b77d7829c68dcd","E2:1F:7B:35:CC:08","100","0","1.0416666666666667","4","167","2022-05-17T11:29:00.000Z","1652786940",
"2551","22b77d7829c68dcd","E2:1F:7B:35:CC:08","100","12","1.1160714285714286","5","167","2022-05-17T11:30:00.000Z","1652787000",
"2551","22b77d7829c68dcd","E2:1F:7B:35:CC:08","100","4","0.8223684210526315","5","167","2022-05-17T11:31:00.000Z","1652787060",
"2551","22b77d7829c68dcd","E2:1F:7B:35:CC:08","100","6","0.78125","4","167","2022-05-17T11:32:00.000Z","1652787120",
"2551","22b77d7829c68dcd","E2:1F:7B:35:CC:08","100","8","1.2019230769230769","1","167","2022-05-17T11:33:00.000Z","1652787180",
"2551","22b77d7829c68dcd","E2:1F:7B:35:CC:08","99.40119760479043","3","0.78125","7","167","2022-05-17T11:34:00.000Z","1652787240",
"2551","22b77d7829c68dcd","E2:1F:7B:35:CC:08","87.42514970059881","6","0.7102272727272727","9","167","2022-05-17T11:35:00.000Z","1652787300",
"2551","22b77d7829c68dcd","E2:1F:7B:35:CC:08","80.23952095808383","10","0.8223684210526315","4","167","2022-05-17T11:36:00.000Z","1652787360",
"2551","22b77d7829c68dcd","E2:1F:7B:35:CC:08","81.437125748503","4","0.8680555555555556","0","167","2022-05-17T11:37:00.000Z","1652787420",
"2551","22b77d7829c68dcd","E2:1F:7B:35:CC:08","77.8443113772455","7","0.9191176470588235","2","167","2022-05-17T11:38:00.000Z","1652787480",
"2551","22b77d7829c68dcd","E2:1F:7B:35:CC:08","100","5","1.4204545454545454","1","167","2022-05-17T11:39:00.000Z","1652787540",
"2551","22b77d7829c68dcd","E2:1F:7B:35:CC:08","92.21556886227545","4","1.0416666666666667","0","167","2022-05-17T11:40:00.000Z","1652787600",
"2551","22b77d7829c68dcd","E2:1F:7B:35:CC:08","82.63473053892216","9","1.3020833333333333","7","167","2022-05-17T11:41:00.000Z","1652787660",
"2551","22b77d7829c68dcd","E2:1F:7B:35:CC:08","80.23952095808383","4","1.1160714285714286","1","167","2022-05-17T11:42:00.000Z","1652787720",
"2551","22b77d7829c68dcd","E2:1F:7B:35:CC:08","68.26347305389221","2","1.1160714285714286","2","167","2022-05-17T11:43:00.000Z","1652787780",
"2551","22b77d7829c68dcd","E2:1F:7B:35:CC:08","70.65868263473054","4","1.3020833333333333","0","167","2022-05-17T11:44:00.000Z","1652787840",
"2551","22b77d7829c68dcd","E2:1F:7B:35:CC:08","62.275449101796404","3","1.0416666666666667","11","167","2022-05-17T11:45:00.000Z","1652787900",
"2551","22b77d7829c68dcd","E2:1F:7B:35:CC:08","61.07784431137725","12","1.3020833333333333","8","167","2022-05-17T11:46:00.000Z","1652787960",
"2551","22b77d7829c68dcd","E2:1F:7B:35:CC:08","57.48502994011976","6","1.4204545454545454","5","167","2022-05-17T11:47:00.000Z","1652788020",
"2551","22b77d7829c68dcd","E2:1F:7B:35:CC:08","63.47305389221557","9","0.9191176470588235","4","167","2022-05-17T11:48:00.000Z","1652788080",
"2551","22b77d7829c68dcd","E2:1F:7B:35:CC:08","100","13","1.7361111111111112","12","167","2022-05-17T11:49:00.000Z","1652788140",
"2551","22b77d7829c68dcd","E2:1F:7B:35:CC:08","100","7","1.953125","12","167","2022-05-17T11:50:00.000Z","1652788200",
"2551","22b77d7829c68dcd","E2:1F:7B:35:CC:08","100","7","2.232142857142857","9","167","2022-05-17T11:51:00.000Z","1652788260",
"2551","22b77d7829c68dcd","E2:1F:7B:35:CC:08","100","3","1.953125","7","167","2022-05-17T11:52:00.000Z","1652788320",
"2551","22b77d7829c68dcd","E2:1F:7B:35:CC:08","100","8","1.4204545454545454","18","167","2022-05-17T11:53:00.000Z","1652788380",
"2551","22b77d7829c68dcd","E2:1F:7B:35:CC:08","80.23952095808383","5","1.4204545454545454","11","167","2022-05-17T11:54:00.000Z","1652788440",
"2551","22b77d7829c68dcd","E2:1F:7B:35:CC:08","100","7","1.7361111111111112","7","167","2022-05-17T11:55:00.000Z","1652788500",
"2551","22b77d7829c68dcd","E2:1F:7B:35:CC:08","93.41317365269461","8","2.232142857142857","9","167","2022-05-17T11:56:00.000Z","1652788560",
"2551","22b77d7829c68dcd","E2:1F:7B:35:CC:08","100","8","2.6041666666666665","7","167","2022-05-17T11:57:00.000Z","1652788620",
"2551","22b77d7829c68dcd","E2:1F:7B:35:CC:08","94.61077844311377","10","2.6041666666666665","5","167","2022-05-17T11:58:00.000Z","1652788680",
"2551","22b77d7829c68dcd","E2:1F:7B:35:CC:08","83.83233532934132","6","2.6041666666666665","7","167","2022-05-17T11:59:00.000Z","1652788740",
"2551","22b77d7829c68dcd","E2:1F:7B:35:CC:08","76.64670658682634","7","2.232142857142857","23","167","2022-05-17T12:00:00.000Z","1652788800",
"2551","22b77d7829c68dcd","E2:1F:7B:35:CC:08","75.44910179640719","5","2.6041666666666665","51","167","2022-05-17T12:01:00.000Z","1652788860",
"2551","22b77d7829c68dcd","E2:1F:7B:35:CC:08","98.20359281437126","6","2.6041666666666665","21","167","2022-05-17T12:02:00.000Z","1652788920",
"2551","22b77d7829c68dcd","E2:1F:7B:35:CC:08","93.41317365269461","3","2.6041666666666665","5","167","2022-05-17T12:03:00.000Z","1652788980",
"2551","22b77d7829c68dcd","E2:1F:7B:35:CC:08","97.0059880239521","0","5.208333333333333","14","167","2022-05-17T12:05:00.000Z","1652789100",
"2551","22b77d7829c68dcd","E2:1F:7B:35:CC:08","87.42514970059881","6","3.90625","9","167","2022-05-17T12:06:00.000Z","1652789160",
"2551","22b77d7829c68dcd","E2:1F:7B:35:CC:08","81.437125748503","7","3.125","4","167","2022-05-17T12:07:00.000Z","1652789220",
"2551","22b77d7829c68dcd","E2:1F:7B:35:CC:08","65.86826347305389","5","3.125","0","167","2022-05-17T12:08:00.000Z","1652789280",
"2551","22b77d7829c68dcd","E2:1F:7B:35:CC:08","74.25149700598803","5","2.6041666666666665","1","167","2022-05-17T12:09:00.000Z","1652789340",
"2551","22b77d7829c68dcd","E2:1F:7B:35:CC:08","67.06586826347305","0","2.232142857142857","1","167","2022-05-17T12:10:00.000Z","1652789400",
"2551","22b77d7829c68dcd","E2:1F:7B:35:CC:08","69.46107784431138","5","1.4204545454545454","0","167","2022-05-17T12:11:00.000Z","1652789460",
"2551","22b77d7829c68dcd","E2:1F:7B:35:CC:08","83.83233532934132","3","1.4204545454545454","1","167","2022-05-17T12:12:00.000Z","1652789520",
"2551","22b77d7829c68dcd","E2:1F:7B:35:CC:08","82.63473053892216","5","1.3020833333333333","0","167","2022-05-17T12:13:00.000Z","1652789580",
"2551","22b77d7829c68dcd","E2:1F:7B:35:CC:08","89.82035928143712","6","1.3020833333333333","1","167","2022-05-17T12:14:00.000Z","1652789640",
"2551","22b77d7829c68dcd","E2:1F:7B:35:CC:08","74.25149700598803","1","0.9191176470588235","0","167","2022-05-17T12:15:00.000Z","1652789700",
"2551","22b77d7829c68dcd","E2:1F:7B:35:CC:08","57.48502994011976","3","0.78125","0","167","2022-05-17T12:16:00.000Z","1652789760",
"2551","22b77d7829c68dcd","E2:1F:7B:35:CC:08","58.68263473053892","1","0.8223684210526315","2","167","2022-05-17T12:17:00.000Z","1652789820",
"2551","22b77d7829c68dcd","E2:1F:7B:35:CC:08","67.06586826347305","1","0.7102272727272727","1","167","2022-05-17T12:18:00.000Z","1652789880",
"2551","22b77d7829c68dcd","E2:1F:7B:35:CC:08","64.67065868263474","2","0.7440476190476191","0","167","2022-05-17T12:19:00.000Z","1652789940",
"2551","22b77d7829c68dcd","E2:1F:7B:35:CC:08","58.68263473053892","2","0.6793478260869565","5","167","2022-05-17T12:20:00.000Z","1652790000",
"2551","22b77d7829c68dcd","E2:1F:7B:35:CC:08","47.90419161676647","2","0.8223684210526315","0","167","2022-05-17T12:21:00.000Z","1652790060",
"2551","22b77d7829c68dcd","E2:1F:7B:35:CC:08","51.49700598802395","3","0.8680555555555556","0","167","2022-05-17T12:22:00.000Z","1652790120",
"2551","22b77d7829c68dcd","E2:1F:7B:35:CC:08","45.50898203592814","2","0.7440476190476191","0","167","2022-05-17T12:23:00.000Z","1652790180",
"2551","22b77d7829c68dcd","E2:1F:7B:35:CC:08","62.275449101796404","2","0.8680555555555556","0","167","2022-05-17T12:26:00.000Z","1652790360",
"2551","22b77d7829c68dcd","E2:1F:7B:35:CC:08","70.65868263473054","1","0.8680555555555556","4","167","2022-05-17T12:27:00.000Z","1652790420",
"2551","22b77d7829c68dcd","E2:1F:7B:35:CC:08","67.06586826347305","0","0.7440476190476191","2","167","2022-05-17T12:28:00.000Z","1652790480",
"2551","22b77d7829c68dcd","E2:1F:7B:35:CC:08","53.89221556886228","4","0.4222972972972973","4","167","2022-05-17T12:29:00.000Z","1652790540",
"2551","22b77d7829c68dcd","E2:1F:7B:35:CC:08","61.07784431137725","5","0.31887755102040816","2","167","2022-05-17T12:30:00.000Z","1652790600",
"2551","22b77d7829c68dcd","E2:1F:7B:35:CC:08","88.62275449101796","7","0.390625","1","167","2022-05-17T12:31:00.000Z","1652790660",
"2551","22b77d7829c68dcd","E2:1F:7B:35:CC:08","100","8","0.20833333333333334","2","167","2022-05-17T12:32:00.000Z","1652790720",
"2551","22b77d7829c68dcd","E2:1F:7B:35:CC:08","87.42514970059881","6","0.37202380952380953","0","167","2022-05-17T12:33:00.000Z","1652790780",
"2551","22b77d7829c68dcd","E2:1F:7B:35:CC:08","76.64670658682634","9","0.30637254901960786","1","167","2022-05-17T12:34:00.000Z","1652790840",
"2551","22b77d7829c68dcd","E2:1F:7B:35:CC:08","61.07784431137725","3","0.3255208333333333","1","167","2022-05-17T12:35:00.000Z","1652790900",
"2551","22b77d7829c68dcd","E2:1F:7B:35:CC:08","32.33532934131737","0","0.3633720930232558","0","167","2022-05-17T12:36:00.000Z","1652790960",
"2551","22b77d7829c68dcd","E2:1F:7B:35:CC:08","31.137724550898202","0","0.3633720930232558","0","167","2022-05-17T12:37:00.000Z","1652791020",
"2551","22b77d7829c68dcd","E2:1F:7B:35:CC:08","16.766467065868262","0","0.37202380952380953","0","167","2022-05-17T12:38:00.000Z","1652791080",
"2551","22b77d7829c68dcd","E2:1F:7B:35:CC:08","10.778443113772456","0","0.35511363636363635","0","167","2022-05-17T12:39:00.000Z","1652791140",
"2551","22b77d7829c68dcd","E2:1F:7B:35:CC:08","38.32335329341317","3","0.22007042253521128","0","167","2022-05-17T12:40:00.000Z","1652791200",
"2551","22b77d7829c68dcd","E2:1F:7B:35:CC:08","97.0059880239521","3","0.22644927536231885","0","167","2022-05-17T12:41:00.000Z","1652791260",
"2551","22b77d7829c68dcd","E2:1F:7B:35:CC:08","73.05389221556887","3","0.244140625","0","167","2022-05-17T12:42:00.000Z","1652791320",
"2551","22b77d7829c68dcd","E2:1F:7B:35:CC:08","49.10179640718563","2","0.26939655172413796","1","167","2022-05-17T12:43:00.000Z","1652791380",
"2551","22b77d7829c68dcd","E2:1F:7B:35:CC:08","49.10179640718563","5","0.24801587301587302","4","167","2022-05-17T12:44:00.000Z","1652791440",
"2551","22b77d7829c68dcd","E2:1F:7B:35:CC:08","56.287425149700596","6","0.22644927536231885","0","167","2022-05-17T12:45:00.000Z","1652791500",
"2551","22b77d7829c68dcd","E2:1F:7B:35:CC:08","73.05389221556887","6","0.22007042253521128","0","167","2022-05-17T12:46:00.000Z","1652791560",
"2551","22b77d7829c68dcd","E2:1F:7B:35:CC:08","57.48502994011976","5","0.24801587301587302","0","167","2022-05-17T12:47:00.000Z","1652791620",
"2551","22b77d7829c68dcd","E2:1F:7B:35:CC:08","28.74251497005988","0","0.24801587301587302","0","167","2022-05-17T12:48:00.000Z","1652791680",
"2551","22b77d7829c68dcd","E2:1F:7B:35:CC:08","27.54491017964072","6","0.2648305084745763","0","167","2022-05-17T12:49:00.000Z","1652791740",
"2551","22b77d7829c68dcd","E2:1F:7B:35:CC:08","37.125748502994014","4","0.2332089552238806","1","167","2022-05-17T12:50:00.000Z","1652791800",
"2551","22b77d7829c68dcd","E2:1F:7B:35:CC:08","53.89221556886228","2","0.26939655172413796","36","167","2022-05-17T12:51:00.000Z","1652791860",
"2551","22b77d7829c68dcd","E2:1F:7B:35:CC:08","35.92814371257485","0","0.2332089552238806","57","167","2022-05-17T12:52:00.000Z","1652791920",
"2551","22b77d7829c68dcd","E2:1F:7B:35:CC:08","45.50898203592814","3","0.244140625","26","167","2022-05-17T12:53:00.000Z","1652791980",
"2551","22b77d7829c68dcd","E2:1F:7B:35:CC:08","57.48502994011976","8","0.3255208333333333","2","167","2022-05-17T12:54:00.000Z","1652792040",
"2551","22b77d7829c68dcd","E2:1F:7B:35:CC:08","79.04191616766467","7","0.4734848484848485","16","167","2022-05-17T12:55:00.000Z","1652792100",
"2551","22b77d7829c68dcd","E2:1F:7B:35:CC:08","80.23952095808383","9","0.5387931034482759","12","167","2022-05-17T12:56:00.000Z","1652792160",
"2551","22b77d7829c68dcd","E2:1F:7B:35:CC:08","95.80838323353294","11","0.3255208333333333","8","167","2022-05-17T12:57:00.000Z","1652792220",
"2551","22b77d7829c68dcd","E2:1F:7B:35:CC:08","94.61077844311377","0","0.37202380952380953","21","167","2022-05-17T12:58:00.000Z","1652792280",
"2551","22b77d7829c68dcd","E2:1F:7B:35:CC:08","89.82035928143712","10","0.19778481012658228","32","167","2022-05-17T12:59:00.000Z","1652792340",
"2551","22b77d7829c68dcd","E2:1F:7B:35:CC:08","89.82035928143712","0","0.22007042253521128","14","167","2022-05-17T13:00:00.000Z","1652792400",
"2551","22b77d7829c68dcd","E2:1F:7B:35:CC:08","85.02994011976048","0","0.45955882352941174","30","167","2022-05-17T13:01:00.000Z","1652792460",
"2551","22b77d7829c68dcd","E2:1F:7B:35:CC:08","87.42514970059881","5","0.9191176470588235","68","167","2022-05-17T13:02:00.000Z","1652792520",
"2551","22b77d7829c68dcd","E2:1F:7B:35:CC:08","100","7","1.3020833333333333","75","167","2022-05-17T13:03:00.000Z","1652792580",
"2551","22b77d7829c68dcd","E2:1F:7B:35:CC:08","100","7","1.7361111111111112","78","167","2022-05-17T13:04:00.000Z","1652792640",
"2551","22b77d7829c68dcd","E2:1F:7B:35:CC:08","100","13","2.232142857142857","81","167","2022-05-17T13:05:00.000Z","1652792700",
"2551","22b77d7829c68dcd","E2:1F:7B:35:CC:08","99.40119760479043","8","2.232142857142857","39","167","2022-05-17T13:06:00.000Z","1652792760",
"2551","22b77d7829c68dcd","E2:1F:7B:35:CC:08","83.83233532934132","10","2.6041666666666665","1","167","2022-05-17T13:07:00.000Z","1652792820",
"2551","22b77d7829c68dcd","E2:1F:7B:35:CC:08","71.8562874251497","9","2.6041666666666665","0","167","2022-05-17T13:08:00.000Z","1652792880",
"2551","22b77d7829c68dcd","E2:1F:7B:35:CC:08","57.48502994011976","11","3.125","0","167","2022-05-17T13:09:00.000Z","1652792940",
"2551","22b77d7829c68dcd","E2:1F:7B:35:CC:08","51.49700598802395","8","3.90625","0","167","2022-05-17T13:10:00.000Z","1652793000",
"2551","22b77d7829c68dcd","E2:1F:7B:35:CC:08","52.69461077844311","6","3.90625","0","167","2022-05-17T13:11:00.000Z","1652793060",
"2551","22b77d7829c68dcd","E2:1F:7B:35:CC:08","45.50898203592814","7","3.90625","0","167","2022-05-17T13:12:00.000Z","1652793120",
"2551","22b77d7829c68dcd","E2:1F:7B:35:CC:08","43.11377245508982","3","3.90625","0","167","2022-05-17T13:13:00.000Z","1652793180",
"2551","22b77d7829c68dcd","E2:1F:7B:35:CC:08","43.11377245508982","5","5.208333333333333","0","167","2022-05-17T13:14:00.000Z","1652793240",
"2551","22b77d7829c68dcd","E2:1F:7B:35:CC:08","43.11377245508982","4","5.208333333333333","0","167","2022-05-17T13:15:00.000Z","1652793300",
"2551","22b77d7829c68dcd","E2:1F:7B:35:CC:08","39.52095808383233","3","5.208333333333333","0","167","2022-05-17T13:16:00.000Z","1652793360",
"2551","22b77d7829c68dcd","E2:1F:7B:35:CC:08","39.52095808383233","4","5.208333333333333","0","167","2022-05-17T13:17:00.000Z","1652793420",
"2551","22b77d7829c68dcd","E2:1F:7B:35:CC:08","43.11377245508982","2","5.208333333333333","1","167","2022-05-17T13:18:00.000Z","1652793480",
"2551","22b77d7829c68dcd","E2:1F:7B:35:CC:08","33.532934131736525","1","7.8125","0","167","2022-05-17T13:19:00.000Z","1652793540",
"2551","22b77d7829c68dcd","E2:1F:7B:35:CC:08","25.149700598802394","0","7.8125","0","167","2022-05-17T13:20:00.000Z","1652793600",
"2551","22b77d7829c68dcd","E2:1F:7B:35:CC:08","29.940119760479043","0","7.8125","0","167","2022-05-17T13:21:00.000Z","1652793660",
"2551","22b77d7829c68dcd","E2:1F:7B:35:CC:08","37.125748502994014","2","7.8125","23","167","2022-05-17T13:22:00.000Z","1652793720",
"2551","22b77d7829c68dcd","E2:1F:7B:35:CC:08","45.50898203592814","1","7.8125","79","167","2022-05-17T13:23:00.000Z","1652793780",
"2551","22b77d7829c68dcd","E2:1F:7B:35:CC:08","44.31137724550898","0","7.8125","82","167","2022-05-17T13:24:00.000Z","1652793840",
"2551","22b77d7829c68dcd","E2:1F:7B:35:CC:08","37.125748502994014","0","7.8125","75","167","2022-05-17T13:25:00.000Z","1652793900",
"2551","22b77d7829c68dcd","E2:1F:7B:35:CC:08","39.52095808383233","1","7.8125","44","167","2022-05-17T13:26:00.000Z","1652793960",
"2551","22b77d7829c68dcd","E2:1F:7B:35:CC:08","38.32335329341317","6","5.208333333333333","1","167","2022-05-17T13:27:00.000Z","1652794020",
"2551","22b77d7829c68dcd","E2:1F:7B:35:CC:08","50.29940119760479","3","5.208333333333333","15","167","2022-05-17T13:29:00.000Z","1652794140",
"2551","22b77d7829c68dcd","E2:1F:7B:35:CC:08","43.11377245508982","5","7.8125","9","167","2022-05-17T13:30:00.000Z","1652794200",
"2551","22b77d7829c68dcd","E2:1F:7B:35:CC:08","50.29940119760479","7","7.8125","4","167","2022-05-17T13:31:00.000Z","1652794260",
"2551","22b77d7829c68dcd","E2:1F:7B:35:CC:08","49.10179640718563","3","7.8125","0","167","2022-05-17T13:32:00.000Z","1652794320",
"2551","22b77d7829c68dcd","E2:1F:7B:35:CC:08","45.50898203592814","0","7.8125","2","167","2022-05-17T13:33:00.000Z","1652794380",
"2551","22b77d7829c68dcd","E2:1F:7B:35:CC:08","56.287425149700596","2","7.8125","4","167","2022-05-17T13:34:00.000Z","1652794440",
"2551","22b77d7829c68dcd","E2:1F:7B:35:CC:08","55.08982035928144","3","7.8125","5","167","2022-05-17T13:35:00.000Z","1652794500",
"2551","22b77d7829c68dcd","E2:1F:7B:35:CC:08","53.89221556886228","2","7.8125","4","167","2022-05-17T13:36:00.000Z","1652794560",
"2551","22b77d7829c68dcd","E2:1F:7B:35:CC:08","53.89221556886228","0","3.125","2","167","2022-05-17T13:37:00.000Z","1652794620",
"2551","22b77d7829c68dcd","E2:1F:7B:35:CC:08","86.22754491017965","5","1.5625","0","167","2022-05-17T14:05:00.000Z","1652796300",
"2551","22b77d7829c68dcd","E2:1F:7B:35:CC:08","95.80838323353294","8","1.953125","0","167","2022-05-17T14:06:00.000Z","1652796360",
"2551","22b77d7829c68dcd","E2:1F:7B:35:CC:08","85.02994011976048","6","2.6041666666666665","0","167","2022-05-17T14:07:00.000Z","1652796420",
"2551","22b77d7829c68dcd","E2:1F:7B:35:CC:08","86.22754491017965","9","2.6041666666666665","0","167","2022-05-17T14:08:00.000Z","1652796480",
"2551","22b77d7829c68dcd","E2:1F:7B:35:CC:08","98.20359281437126","8","3.125","4","167","2022-05-17T14:09:00.000Z","1652796540",
"2551","22b77d7829c68dcd","E2:1F:7B:35:CC:08","99.40119760479043","7","3.90625","0","167","2022-05-17T14:10:00.000Z","1652796600",
"2551","22b77d7829c68dcd","E2:1F:7B:35:CC:08","99.40119760479043","11","3.125","1","167","2022-05-17T14:11:00.000Z","1652796660",
"2551","22b77d7829c68dcd","E2:1F:7B:35:CC:08","100","8","3.90625","2","167","2022-05-17T14:12:00.000Z","1652796720",
"2551","22b77d7829c68dcd","E2:1F:7B:35:CC:08","80.23952095808383","8","5.208333333333333","2","167","2022-05-17T14:13:00.000Z","1652796780",
"2551","22b77d7829c68dcd","E2:1F:7B:35:CC:08","71.8562874251497","6","3.90625","4","167","2022-05-17T14:14:00.000Z","1652796840",
"2551","22b77d7829c68dcd","E2:1F:7B:35:CC:08","69.46107784431138","0","3.90625","0","167","2022-05-17T14:15:00.000Z","1652796900",
"2551","22b77d7829c68dcd","E2:1F:7B:35:CC:08","63.47305389221557","7","2.6041666666666665","0","167","2022-05-17T14:16:00.000Z","1652796960",
"2551","22b77d7829c68dcd","E2:1F:7B:35:CC:08","67.06586826347305","7","3.90625","0","167","2022-05-17T14:17:00.000Z","1652797020",
"2551","22b77d7829c68dcd","E2:1F:7B:35:CC:08","68.26347305389221","4","3.90625","0","167","2022-05-17T14:18:00.000Z","1652797080",
"2551","22b77d7829c68dcd","E2:1F:7B:35:CC:08","64.67065868263474","5","3.90625","1","167","2022-05-17T14:19:00.000Z","1652797140",
"2551","22b77d7829c68dcd","E2:1F:7B:35:CC:08","69.46107784431138","4","5.208333333333333","0","167","2022-05-17T14:20:00.000Z","1652797200",
"2551","22b77d7829c68dcd","E2:1F:7B:35:CC:08","59.880239520958085","8","5.208333333333333","0","167","2022-05-17T14:21:00.000Z","1652797260",
"2551","22b77d7829c68dcd","E2:1F:7B:35:CC:08","50.29940119760479","1","3.90625","0","167","2022-05-17T14:22:00.000Z","1652797320",
"2551","22b77d7829c68dcd","E2:1F:7B:35:CC:08","59.880239520958085","4","3.90625","0","167","2022-05-17T14:23:00.000Z","1652797380",
"2551","22b77d7829c68dcd","E2:1F:7B:35:CC:08","76.64670658682634","7","5.208333333333333","37","167","2022-05-17T14:24:00.000Z","1652797440",
"2551","22b77d7829c68dcd","E2:1F:7B:35:CC:08","75.44910179640719","5","5.208333333333333","8","167","2022-05-17T14:25:00.000Z","1652797500",
"2551","22b77d7829c68dcd","E2:1F:7B:35:CC:08","74.25149700598803","0","3.125","15","167","2022-05-17T14:26:00.000Z","1652797560",
"2551","22b77d7829c68dcd","E2:1F:7B:35:CC:08","77.8443113772455","7","3.125","1","167","2022-05-17T14:27:00.000Z","1652797620",
"2551","22b77d7829c68dcd","E2:1F:7B:35:CC:08","85.02994011976048","10","3.90625","0","167","2022-05-17T14:28:00.000Z","1652797680",
"2551","22b77d7829c68dcd","E2:1F:7B:35:CC:08","82.63473053892216","6","3.90625","0","167","2022-05-17T14:29:00.000Z","1652797740",
"2551","22b77d7829c68dcd","E2:1F:7B:35:CC:08","81.437125748503","0","3.125","0","167","2022-05-17T14:30:00.000Z","1652797800",
"2551","22b77d7829c68dcd","E2:1F:7B:35:CC:08","75.44910179640719","0","2.232142857142857","2","167","2022-05-17T14:31:00.000Z","1652797860",
"2551","22b77d7829c68dcd","E2:1F:7B:35:CC:08","86.22754491017965","4","1.5625","1","167","2022-05-17T14:32:00.000Z","1652797920",
"2551","22b77d7829c68dcd","E2:1F:7B:35:CC:08","100","1","1.5625","1","167","2022-05-17T14:33:00.000Z","1652797980",
"2551","22b77d7829c68dcd","E2:1F:7B:35:CC:08","100","9","1.5625","1","167","2022-05-17T14:34:00.000Z","1652798040",
"2551","22b77d7829c68dcd","E2:1F:7B:35:CC:08","100","9","2.6041666666666665","0","167","2022-05-17T14:35:00.000Z","1652798100",
"2551","22b77d7829c68dcd","E2:1F:7B:35:CC:08","100","7","3.90625","0","167","2022-05-17T14:36:00.000Z","1652798160",
"2551","22b77d7829c68dcd","E2:1F:7B:35:CC:08","61.07784431137725","5","5.208333333333333","0","167","2022-05-17T14:37:00.000Z","1652798220",
"2551","22b77d7829c68dcd","E2:1F:7B:35:CC:08","63.47305389221557","5","3.90625","0","167","2022-05-17T14:38:00.000Z","1652798280",
"2551","22b77d7829c68dcd","E2:1F:7B:35:CC:08","71.8562874251497","2","3.90625","0","167","2022-05-17T14:39:00.000Z","1652798340",
"2551","22b77d7829c68dcd","E2:1F:7B:35:CC:08","83.83233532934132","3","3.90625","0","167","2022-05-17T14:40:00.000Z","1652798400",
"2551","22b77d7829c68dcd","E2:1F:7B:35:CC:08","75.44910179640719","0","3.125","0","167","2022-05-17T14:41:00.000Z","1652798460",
"2551","22b77d7829c68dcd","E2:1F:7B:35:CC:08","62.275449101796404","5","3.125","0","167","2022-05-17T14:42:00.000Z","1652798520",
"2551","22b77d7829c68dcd","E2:1F:7B:35:CC:08","50.29940119760479","1","2.232142857142857","0","167","2022-05-17T14:43:00.000Z","1652798580",
"2551","22b77d7829c68dcd","E2:1F:7B:35:CC:08","49.10179640718563","4","2.232142857142857","0","167","2022-05-17T14:44:00.000Z","1652798640",
"2551","22b77d7829c68dcd","E2:1F:7B:35:CC:08","61.07784431137725","3","2.232142857142857","0","167","2022-05-17T14:45:00.000Z","1652798700",
"2551","22b77d7829c68dcd","E2:1F:7B:35:CC:08","58.68263473053892","9","2.6041666666666665","0","167","2022-05-17T14:46:00.000Z","1652798760",
"2551","22b77d7829c68dcd","E2:1F:7B:35:CC:08","71.8562874251497","8","2.6041666666666665","0","167","2022-05-17T14:47:00.000Z","1652798820",
"2551","22b77d7829c68dcd","E2:1F:7B:35:CC:08","98.20359281437126","5","3.125","0","167","2022-05-17T14:48:00.000Z","1652798880",
"2551","22b77d7829c68dcd","E2:1F:7B:35:CC:08","92.21556886227545","6","3.125","0","167","2022-05-17T14:49:00.000Z","1652798940",
"2551","22b77d7829c68dcd","E2:1F:7B:35:CC:08","99.40119760479043","1","2.232142857142857","0","167","2022-05-17T14:50:00.000Z","1652799000",
"2551","22b77d7829c68dcd","E2:1F:7B:35:CC:08","92.21556886227545","0","0.7440476190476191","1","167","2022-05-17T14:51:00.000Z","1652799060",
"2551","22b77d7829c68dcd","E2:1F:7B:35:CC:08","75.44910179640719","10","0.9765625","2","167","2022-05-17T14:52:00.000Z","1652799120",
"2551","22b77d7829c68dcd","E2:1F:7B:35:CC:08","56.287425149700596","3","0.9191176470588235","0","167","2022-05-17T14:53:00.000Z","1652799180",
"2551","22b77d7829c68dcd","E2:1F:7B:35:CC:08","26.347305389221557","0","0.9191176470588235","0","167","2022-05-17T14:54:00.000Z","1652799240",
"2551","22b77d7829c68dcd","E2:1F:7B:35:CC:08","14.37125748502994","0","0.8680555555555556","0","167","2022-05-17T14:55:00.000Z","1652799300",
"2551","22b77d7829c68dcd","E2:1F:7B:35:CC:08","14.37125748502994","0","0.8680555555555556","0","167","2022-05-17T14:56:00.000Z","1652799360",
"2551","22b77d7829c68dcd","E2:1F:7B:35:CC:08","13.173652694610778","0","0.8223684210526315","0","167","2022-05-17T14:57:00.000Z","1652799420",
"2551","22b77d7829c68dcd","E2:1F:7B:35:CC:08","16.766467065868262","0","0.78125","1","167","2022-05-17T14:58:00.000Z","1652799480",
"2551","22b77d7829c68dcd","E2:1F:7B:35:CC:08","16.766467065868262","0","0.8223684210526315","0","167","2022-05-17T14:59:00.000Z","1652799540",
"2551","22b77d7829c68dcd","E2:1F:7B:35:CC:08","21.55688622754491","1","0.8223684210526315","0","167","2022-05-17T15:00:00.000Z","1652799600",
"2551","22b77d7829c68dcd","E2:1F:7B:35:CC:08","15.568862275449101","0","0.8223684210526315","0","167","2022-05-17T15:01:00.000Z","1652799660",
"2551","22b77d7829c68dcd","E2:1F:7B:35:CC:08","16.766467065868262","0","0.8223684210526315","0","167","2022-05-17T15:02:00.000Z","1652799720",
"2551","22b77d7829c68dcd","E2:1F:7B:35:CC:08","14.37125748502994","0","0.8223684210526315","0","167","2022-05-17T15:03:00.000Z","1652799780",
"2551","22b77d7829c68dcd","E2:1F:7B:35:CC:08","14.37125748502994","0","0.8680555555555556","0","167","2022-05-17T15:04:00.000Z","1652799840",
"2551","22b77d7829c68dcd","E2:1F:7B:35:CC:08","44.31137724550898","3","0.8223684210526315","0","167","2022-05-17T15:05:00.000Z","1652799900",
"2551","22b77d7829c68dcd","E2:1F:7B:35:CC:08","29.940119760479043","0","0.8223684210526315","0","167","2022-05-17T15:06:00.000Z","1652799960",
"2551","22b77d7829c68dcd","E2:1F:7B:35:CC:08","14.37125748502994","0","0.8223684210526315","0","167","2022-05-17T15:07:00.000Z","1652800020",
"2551","22b77d7829c68dcd","E2:1F:7B:35:CC:08","8.383233532934131","0","0.8223684210526315","0","167","2022-05-17T15:08:00.000Z","1652800080",
"2551","22b77d7829c68dcd","E2:1F:7B:35:CC:08","8.383233532934131","0","0.78125","0","167","2022-05-17T15:09:00.000Z","1652800140",
"2551","22b77d7829c68dcd","E2:1F:7B:35:CC:08","5.9880239520958085","0","0.78125","0","167","2022-05-17T15:10:00.000Z","1652800200",
"2551","22b77d7829c68dcd","E2:1F:7B:35:CC:08","5.9880239520958085","0","0.78125","0","167","2022-05-17T15:11:00.000Z","1652800260",
"2551","22b77d7829c68dcd","E2:1F:7B:35:CC:08","4.790419161676646","0","0.78125","0","167","2022-05-17T15:12:00.000Z","1652800320",
"2551","22b77d7829c68dcd","E2:1F:7B:35:CC:08","4.790419161676646","0","0.78125","0","167","2022-05-17T15:13:00.000Z","1652800380",
"2551","22b77d7829c68dcd","E2:1F:7B:35:CC:08","5.9880239520958085","0","0.78125","0","167","2022-05-17T15:14:00.000Z","1652800440",
"2551","22b77d7829c68dcd","E2:1F:7B:35:CC:08","3.592814371257485","0","0.78125","0","167","2022-05-17T15:15:00.000Z","1652800500",
"2551","22b77d7829c68dcd","E2:1F:7B:35:CC:08","3.592814371257485","0","0.78125","0","167","2022-05-17T15:16:00.000Z","1652800560",
"2551","22b77d7829c68dcd","E2:1F:7B:35:CC:08","3.592814371257485","0","0.78125","0","167","2022-05-17T15:17:00.000Z","1652800620",
"2551","22b77d7829c68dcd","E2:1F:7B:35:CC:08","20.35928143712575","2","0.8223684210526315","0","167","2022-05-17T15:18:00.000Z","1652800680",
"2551","22b77d7829c68dcd","E2:1F:7B:35:CC:08","11.976047904191617","0","0.8223684210526315","0","167","2022-05-17T15:19:00.000Z","1652800740",
"2551","22b77d7829c68dcd","E2:1F:7B:35:CC:08","7.18562874251497","0","0.8223684210526315","0","167","2022-05-17T15:20:00.000Z","1652800800",
"2551","22b77d7829c68dcd","E2:1F:7B:35:CC:08","5.9880239520958085","0","0.8223684210526315","0","167","2022-05-17T15:21:00.000Z","1652800860",
"2551","22b77d7829c68dcd","E2:1F:7B:35:CC:08","4.790419161676646","0","0.8223684210526315","0","167","2022-05-17T15:22:00.000Z","1652800920",
"2551","22b77d7829c68dcd","E2:1F:7B:35:CC:08","31.137724550898202","0","0.78125","0","167","2022-05-17T15:23:00.000Z","1652800980",
"2551","22b77d7829c68dcd","E2:1F:7B:35:CC:08","34.73053892215569","1","0.78125","0","167","2022-05-17T15:24:00.000Z","1652801040",
"2551","22b77d7829c68dcd","E2:1F:7B:35:CC:08","15.568862275449101","0","0.78125","0","167","2022-05-17T15:25:00.000Z","1652801100",
"2551","22b77d7829c68dcd","E2:1F:7B:35:CC:08","7.18562874251497","0","0.78125","0","167","2022-05-17T15:26:00.000Z","1652801160",
"2551","22b77d7829c68dcd","E2:1F:7B:35:CC:08","5.9880239520958085","0","0.78125","0","167","2022-05-17T15:27:00.000Z","1652801220",
"2551","22b77d7829c68dcd","E2:1F:7B:35:CC:08","4.790419161676646","0","0.78125","0","167","2022-05-17T15:28:00.000Z","1652801280",
"2551","22b77d7829c68dcd","E2:1F:7B:35:CC:08","11.976047904191617","1","0.5387931034482759","4","167","2022-05-17T15:31:00.000Z","1652801460",
"2551","22b77d7829c68dcd","E2:1F:7B:35:CC:08","19.161676646706585","0","0.48828125","0","167","2022-05-17T15:32:00.000Z","1652801520",
"2551","22b77d7829c68dcd","E2:1F:7B:35:CC:08","10.778443113772456","0","0.4222972972972973","0","167","2022-05-17T15:33:00.000Z","1652801580",
"2551","22b77d7829c68dcd","E2:1F:7B:35:CC:08","13.173652694610778","0","0.48828125","0","167","2022-05-17T15:34:00.000Z","1652801640",
"2551","22b77d7829c68dcd","E2:1F:7B:35:CC:08","9.580838323353293","0","0.5208333333333334","0","167","2022-05-17T15:35:00.000Z","1652801700",
"2551","22b77d7829c68dcd","E2:1F:7B:35:CC:08","13.173652694610778","1","0.5208333333333334","0","167","2022-05-17T15:36:00.000Z","1652801760",
"2551","22b77d7829c68dcd","E2:1F:7B:35:CC:08","44.31137724550898","4","0.625","0","167","2022-05-17T15:37:00.000Z","1652801820",
"2551","22b77d7829c68dcd","E2:1F:7B:35:CC:08","38.32335329341317","2","0.6793478260869565","0","167","2022-05-17T15:38:00.000Z","1652801880",
"2551","22b77d7829c68dcd","E2:1F:7B:35:CC:08","38.27160493827161","6","0.6793478260869565","0","162","2022-05-17T15:39:00.000Z","1652801940",
"2551","22b77d7829c68dcd","E2:1F:7B:35:CC:08","59.25925925925926","9","0.78125","0","162","2022-05-17T15:40:00.000Z","1652802000",
"2551","22b77d7829c68dcd","E2:1F:7B:35:CC:08","67.90123456790124","2","0.8223684210526315","0","162","2022-05-17T15:41:00.000Z","1652802060",
"2551","22b77d7829c68dcd","E2:1F:7B:35:CC:08","60.49382716049383","6","0.7440476190476191","0","162","2022-05-17T15:42:00.000Z","1652802120",
"2551","22b77d7829c68dcd","E2:1F:7B:35:CC:08","54.32098765432099","2","0.7102272727272727","0","162","2022-05-17T15:43:00.000Z","1652802180",
"2551","22b77d7829c68dcd","E2:1F:7B:35:CC:08","41.97530864197531","3","0.7440476190476191","0","162","2022-05-17T15:44:00.000Z","1652802240",
"2551","22b77d7829c68dcd","E2:1F:7B:35:CC:08","54.32098765432099","6","0.8223684210526315","0","162","2022-05-17T15:45:00.000Z","1652802300",
"2551","22b77d7829c68dcd","E2:1F:7B:35:CC:08","55.55555555555556","1","0.8680555555555556","0","162","2022-05-17T15:46:00.000Z","1652802360",
"2551","22b77d7829c68dcd","E2:1F:7B:35:CC:08","50.617283950617285","6","1.0416666666666667","0","162","2022-05-17T15:47:00.000Z","1652802420",
"2551","22b77d7829c68dcd","E2:1F:7B:35:CC:08","90.12345679012346","4","0.8680555555555556","1","162","2022-05-17T15:48:00.000Z","1652802480",
"2551","22b77d7829c68dcd","E2:1F:7B:35:CC:08","83.95061728395062","0","0.9765625","1","162","2022-05-17T15:49:00.000Z","1652802540",
"2551","22b77d7829c68dcd","E2:1F:7B:35:CC:08","56.79012345679013","3","0.9191176470588235","5","162","2022-05-17T15:50:00.000Z","1652802600",
"2551","22b77d7829c68dcd","E2:1F:7B:35:CC:08","100","8","1.4204545454545454","50","162","2022-05-17T15:51:00.000Z","1652802660",
"2551","22b77d7829c68dcd","E2:1F:7B:35:CC:08","100","7","1.953125","89","162","2022-05-17T15:52:00.000Z","1652802720",
"2551","22b77d7829c68dcd","E2:1F:7B:35:CC:08","100","7","3.125","72","162","2022-05-17T15:53:00.000Z","1652802780",
"2551","22b77d7829c68dcd","E2:1F:7B:35:CC:08","87.65432098765432","7","3.125","14","162","2022-05-17T15:54:00.000Z","1652802840",
"2551","22b77d7829c68dcd","E2:1F:7B:35:CC:08","96.29629629629629","7","3.125","15","162","2022-05-17T15:55:00.000Z","1652802900",
"2551","22b77d7829c68dcd","E2:1F:7B:35:CC:08","100","4","3.125","22","162","2022-05-17T15:56:00.000Z","1652802960",
"2551","22b77d7829c68dcd","E2:1F:7B:35:CC:08","100","4","5.208333333333333","22","162","2022-05-17T15:57:00.000Z","1652803020",
"2551","22b77d7829c68dcd","E2:1F:7B:35:CC:08","96.29629629629629","10","1.5625","15","162","2022-05-17T15:58:00.000Z","1652803080",
"2551","22b77d7829c68dcd","E2:1F:7B:35:CC:08","91.35802469135803","7","2.232142857142857","21","162","2022-05-17T15:59:00.000Z","1652803140",
"2551","22b77d7829c68dcd","E2:1F:7B:35:CC:08","100","3","3.125","22","162","2022-05-17T16:00:00.000Z","1652803200",
"2551","22b77d7829c68dcd","E2:1F:7B:35:CC:08","100","7","3.125","9","162","2022-05-17T16:01:00.000Z","1652803260",
"2551","22b77d7829c68dcd","E2:1F:7B:35:CC:08","93.82716049382717","6","3.125","30","162","2022-05-17T16:02:00.000Z","1652803320",
"2551","22b77d7829c68dcd","E2:1F:7B:35:CC:08","87.65432098765432","6","3.125","36","162","2022-05-17T16:03:00.000Z","1652803380",
"2551","22b77d7829c68dcd","E2:1F:7B:35:CC:08","86.41975308641975","9","3.90625","19","162","2022-05-17T16:04:00.000Z","1652803440",
"2551","22b77d7829c68dcd","E2:1F:7B:35:CC:08","76.54320987654322","4","5.208333333333333","37","162","2022-05-17T16:05:00.000Z","1652803500",
"2551","22b77d7829c68dcd","E2:1F:7B:35:CC:08","75.30864197530865","8","1.5625","11","162","2022-05-17T16:06:00.000Z","1652803560",
"2551","22b77d7829c68dcd","E2:1F:7B:35:CC:08","77.77777777777777","14","1.5625","1","162","2022-05-17T16:07:00.000Z","1652803620",
"2551","22b77d7829c68dcd","E2:1F:7B:35:CC:08","80.24691358024691","0","1.1160714285714286","21","162","2022-05-17T16:08:00.000Z","1652803680",
"2551","22b77d7829c68dcd","E2:1F:7B:35:CC:08","100","8","2.232142857142857","15","162","2022-05-17T16:09:00.000Z","1652803740",
"2551","22b77d7829c68dcd","E2:1F:7B:35:CC:08","100","9","3.90625","1","162","2022-05-17T16:10:00.000Z","1652803800",
"2551","22b77d7829c68dcd","E2:1F:7B:35:CC:08","100","11","3.90625","0","162","2022-05-17T16:11:00.000Z","1652803860",
"2551","22b77d7829c68dcd","E2:1F:7B:35:CC:08","83.95061728395062","8","5.208333333333333","1","162","2022-05-17T16:12:00.000Z","1652803920",
"2551","22b77d7829c68dcd","E2:1F:7B:35:CC:08","59.25925925925926","6","5.208333333333333","0","162","2022-05-17T16:13:00.000Z","1652803980",
"2551","22b77d7829c68dcd","E2:1F:7B:35:CC:08","70.37037037037037","5","5.208333333333333","5","162","2022-05-17T16:14:00.000Z","1652804040",
"2551","22b77d7829c68dcd","E2:1F:7B:35:CC:08","69.1358024691358","3","5.208333333333333","0","162","2022-05-17T16:15:00.000Z","1652804100",
"2551","22b77d7829c68dcd","E2:1F:7B:35:CC:08","61.72839506172839","2","3.90625","0","162","2022-05-17T16:16:00.000Z","1652804160",
"2551","22b77d7829c68dcd","E2:1F:7B:35:CC:08","56.79012345679013","4","3.90625","0","162","2022-05-17T16:17:00.000Z","1652804220",
"2551","22b77d7829c68dcd","E2:1F:7B:35:CC:08","51.851851851851855","1","3.125","0","162","2022-05-17T16:18:00.000Z","1652804280",
"2551","22b77d7829c68dcd","E2:1F:7B:35:CC:08","65.4320987654321","11","3.90625","2","162","2022-05-17T16:19:00.000Z","1652804340",
"2551","22b77d7829c68dcd","E2:1F:7B:35:CC:08","88.88888888888889","4","5.208333333333333","4","162","2022-05-17T16:20:00.000Z","1652804400",
"2551","22b77d7829c68dcd","E2:1F:7B:35:CC:08","86.41975308641975","1","5.208333333333333","5","162","2022-05-17T16:21:00.000Z","1652804460",
"2551","22b77d7829c68dcd","E2:1F:7B:35:CC:08","76.54320987654322","6","7.8125","7","162","2022-05-17T16:22:00.000Z","1652804520",
"2551","22b77d7829c68dcd","E2:1F:7B:35:CC:08","69.1358024691358","7","7.8125","2","162","2022-05-17T16:23:00.000Z","1652804580",
"2551","22b77d7829c68dcd","E2:1F:7B:35:CC:08","61.72839506172839","4","7.8125","1","162","2022-05-17T16:24:00.000Z","1652804640",
"2551","22b77d7829c68dcd","E2:1F:7B:35:CC:08","51.851851851851855","5","7.8125","1","162","2022-05-17T16:25:00.000Z","1652804700",
"2551","22b77d7829c68dcd","E2:1F:7B:35:CC:08","58.02469135802469","4","7.8125","1","162","2022-05-17T16:26:00.000Z","1652804760",
"2551","22b77d7829c68dcd","E2:1F:7B:35:CC:08","79.01234567901234","6","7.8125","1","162","2022-05-17T16:27:00.000Z","1652804820",
"2551","22b77d7829c68dcd","E2:1F:7B:35:CC:08","65.4320987654321","2","7.8125","1","162","2022-05-17T16:28:00.000Z","1652804880",
"2551","22b77d7829c68dcd","E2:1F:7B:35:CC:08","49.382716049382715","3","7.8125","0","162","2022-05-17T16:29:00.000Z","1652804940",
"2551","22b77d7829c68dcd","E2:1F:7B:35:CC:08","53.08641975308642","7","7.8125","0","162","2022-05-17T16:30:00.000Z","1652805000",
"2551","22b77d7829c68dcd","E2:1F:7B:35:CC:08","53.08641975308642","3","7.8125","0","162","2022-05-17T16:31:00.000Z","1652805060",
"2551","22b77d7829c68dcd","E2:1F:7B:35:CC:08","55.55555555555556","1","7.8125","0","162","2022-05-17T16:32:00.000Z","1652805120",
"2551","22b77d7829c68dcd","E2:1F:7B:35:CC:08","54.32098765432099","2","7.8125","0","162","2022-05-17T16:33:00.000Z","1652805180",
"2551","22b77d7829c68dcd","E2:1F:7B:35:CC:08","58.02469135802469","4","7.8125","2","162","2022-05-17T16:34:00.000Z","1652805240",
"2551","22b77d7829c68dcd","E2:1F:7B:35:CC:08","51.851851851851855","1","7.8125","1","162","2022-05-17T16:35:00.000Z","1652805300",
"2551","22b77d7829c68dcd","E2:1F:7B:35:CC:08","62.96296296296296","3","7.8125","8","162","2022-05-17T16:36:00.000Z","1652805360",
"2551","22b77d7829c68dcd","E2:1F:7B:35:CC:08","74.07407407407408","6","7.8125","4","162","2022-05-17T16:37:00.000Z","1652805420",
"2551","22b77d7829c68dcd","E2:1F:7B:35:CC:08","61.72839506172839","1","7.8125","7","162","2022-05-17T16:38:00.000Z","1652805480",
"2551","22b77d7829c68dcd","E2:1F:7B:35:CC:08","74.07407407407408","3","7.8125","16","162","2022-05-17T16:39:00.000Z","1652805540",
"2551","22b77d7829c68dcd","E2:1F:7B:35:CC:08","71.60493827160494","3","7.8125","7","162","2022-05-17T16:40:00.000Z","1652805600",
"2551","22b77d7829c68dcd","E2:1F:7B:35:CC:08","66.66666666666667","1","7.8125","1","162","2022-05-17T16:41:00.000Z","1652805660",
"2551","22b77d7829c68dcd","E2:1F:7B:35:CC:08","67.90123456790124","0","2.6041666666666665","0","162","2022-05-17T16:42:00.000Z","1652805720",
"2551","22b77d7829c68dcd","E2:1F:7B:35:CC:08","48.148148148148145","1","1.953125","0","162","2022-05-17T16:43:00.000Z","1652805780",
"2551","22b77d7829c68dcd","E2:1F:7B:35:CC:08","59.25925925925926","3","1.953125","0","162","2022-05-17T16:44:00.000Z","1652805840",
"2551","22b77d7829c68dcd","E2:1F:7B:35:CC:08","56.79012345679013","0","1.5625","2","162","2022-05-17T16:45:00.000Z","1652805900",
"2551","22b77d7829c68dcd","E2:1F:7B:35:CC:08","39.50617283950617","0","1.4204545454545454","0","162","2022-05-17T16:46:00.000Z","1652805960",
"2551","22b77d7829c68dcd","E2:1F:7B:35:CC:08","30.864197530864196","0","1.3020833333333333","0","162","2022-05-17T16:47:00.000Z","1652806020",
"2551","22b77d7829c68dcd","E2:1F:7B:35:CC:08","30.864197530864196","0","1.4204545454545454","1","162","2022-05-17T16:48:00.000Z","1652806080",
"2551","22b77d7829c68dcd","E2:1F:7B:35:CC:08","41.97530864197531","4","1.5625","1","162","2022-05-17T16:49:00.000Z","1652806140",
"2551","22b77d7829c68dcd","E2:1F:7B:35:CC:08","28.395061728395063","0","1.3020833333333333","0","162","2022-05-17T16:50:00.000Z","1652806200",
"2551","22b77d7829c68dcd","E2:1F:7B:35:CC:08","35.80246913580247","2","1.3020833333333333","5","162","2022-05-17T16:51:00.000Z","1652806260",
"2551","22b77d7829c68dcd","E2:1F:7B:35:CC:08","71.60493827160494","2","1.2019230769230769","18","162","2022-05-17T16:52:00.000Z","1652806320",
"2551","22b77d7829c68dcd","E2:1F:7B:35:CC:08","61.72839506172839","6","1.3020833333333333","11","162","2022-05-17T16:53:00.000Z","1652806380",
"2551","22b77d7829c68dcd","E2:1F:7B:35:CC:08","55.55555555555556","4","1.3020833333333333","12","162","2022-05-17T16:54:00.000Z","1652806440",
"2551","22b77d7829c68dcd","E2:1F:7B:35:CC:08","58.02469135802469","2","1.4204545454545454","0","162","2022-05-17T16:55:00.000Z","1652806500",
"2551","22b77d7829c68dcd","E2:1F:7B:35:CC:08","35.80246913580247","0","1.4204545454545454","0","162","2022-05-17T16:56:00.000Z","1652806560",
"2551","22b77d7829c68dcd","E2:1F:7B:35:CC:08","55.55555555555556","8","1.953125","0","162","2022-05-17T16:57:00.000Z","1652806620",
"2551","22b77d7829c68dcd","E2:1F:7B:35:CC:08","38.27160493827161","0","1.7361111111111112","0","162","2022-05-17T16:58:00.000Z","1652806680",
"2551","22b77d7829c68dcd","E2:1F:7B:35:CC:08","41.97530864197531","6","1.7361111111111112","2","162","2022-05-17T16:59:00.000Z","1652806740",
"2551","22b77d7829c68dcd","E2:1F:7B:35:CC:08","43.20987654320987","5","0.9191176470588235","5","162","2022-05-17T17:00:00.000Z","1652806800",
"2551","22b77d7829c68dcd","E2:1F:7B:35:CC:08","60.49382716049383","3","1.0416666666666667","0","162","2022-05-17T17:01:00.000Z","1652806860",
"2551","22b77d7829c68dcd","E2:1F:7B:35:CC:08","83.95061728395062","4","1.3020833333333333","5","162","2022-05-17T17:02:00.000Z","1652806920",
"2551","22b77d7829c68dcd","E2:1F:7B:35:CC:08","67.90123456790124","3","1.2019230769230769","15","162","2022-05-17T17:03:00.000Z","1652806980",
"2551","22b77d7829c68dcd","E2:1F:7B:35:CC:08","55.55555555555556","3","1.1160714285714286","9","162","2022-05-17T17:04:00.000Z","1652807040",
"2551","22b77d7829c68dcd","E2:1F:7B:35:CC:08","35.80246913580247","0","1.0416666666666667","5","162","2022-05-17T17:05:00.000Z","1652807100",
"2551","22b77d7829c68dcd","E2:1F:7B:35:CC:08","25.925925925925927","3","1.1160714285714286","1","162","2022-05-17T17:06:00.000Z","1652807160",
"2551","22b77d7829c68dcd","E2:1F:7B:35:CC:08","19.753086419753085","0","1.1160714285714286","7","162","2022-05-17T17:07:00.000Z","1652807220",
"2551","22b77d7829c68dcd","E2:1F:7B:35:CC:08","27.160493827160494","9","0.31887755102040816","7","162","2022-05-17T17:08:00.000Z","1652807280",
"2551","22b77d7829c68dcd","E2:1F:7B:35:CC:08","35.80246913580247","3","0.38109756097560976","9","162","2022-05-17T17:09:00.000Z","1652807340",
"2551","22b77d7829c68dcd","E2:1F:7B:35:CC:08","55.55555555555556","8","0.5208333333333334","2","162","2022-05-17T17:10:00.000Z","1652807400",
"2551","22b77d7829c68dcd","E2:1F:7B:35:CC:08","77.77777777777777","7","0.7440476190476191","0","162","2022-05-17T17:11:00.000Z","1652807460",
"2551","22b77d7829c68dcd","E2:1F:7B:35:CC:08","79.01234567901234","5","0.4222972972972973","0","162","2022-05-17T17:12:00.000Z","1652807520",
"2551","22b77d7829c68dcd","E2:1F:7B:35:CC:08","85.18518518518519","11","0.44642857142857145","0","162","2022-05-17T17:13:00.000Z","1652807580",
"2551","22b77d7829c68dcd","E2:1F:7B:35:CC:08","79.01234567901234","9","0.5787037037037037","0","162","2022-05-17T17:14:00.000Z","1652807640",
"2551","22b77d7829c68dcd","E2:1F:7B:35:CC:08","81.48148148148148","8","0.9191176470588235","0","162","2022-05-17T17:15:00.000Z","1652807700",
"2551","22b77d7829c68dcd","E2:1F:7B:35:CC:08","79.01234567901234","3","0.5787037037037037","0","162","2022-05-17T17:16:00.000Z","1652807760",
"2551","22b77d7829c68dcd","E2:1F:7B:35:CC:08","88.88888888888889","2","1.1160714285714286","0","162","2022-05-17T17:17:00.000Z","1652807820",
"2551","22b77d7829c68dcd","E2:1F:7B:35:CC:08","49.382716049382715","2","1.1160714285714286","4","162","2022-05-17T17:18:00.000Z","1652807880",
"2551","22b77d7829c68dcd","E2:1F:7B:35:CC:08","41.97530864197531","2","0.9191176470588235","2","162","2022-05-17T17:19:00.000Z","1652807940",
"2551","22b77d7829c68dcd","E2:1F:7B:35:CC:08","43.20987654320987","5","1.1160714285714286","0","162","2022-05-17T17:20:00.000Z","1652808000",
"2551","22b77d7829c68dcd","E2:1F:7B:35:CC:08","46.91358024691358","5","1.2019230769230769","0","162","2022-05-17T17:21:00.000Z","1652808060",
"2551","22b77d7829c68dcd","E2:1F:7B:35:CC:08","37.03703703703704","3","1.3020833333333333","1","162","2022-05-17T17:22:00.000Z","1652808120",
"2551","22b77d7829c68dcd","E2:1F:7B:35:CC:08","40.74074074074074","1","1.3020833333333333","4","162","2022-05-17T17:23:00.000Z","1652808180",
"2551","22b77d7829c68dcd","E2:1F:7B:35:CC:08","51.851851851851855","4","1.4204545454545454","2","162","2022-05-17T17:24:00.000Z","1652808240",
"2551","22b77d7829c68dcd","E2:1F:7B:35:CC:08","79.01234567901234","9","3.125","2","162","2022-05-17T17:25:00.000Z","1652808300",
"2551","22b77d7829c68dcd","E2:1F:7B:35:CC:08","95.06172839506173","6","2.6041666666666665","1","162","2022-05-17T17:26:00.000Z","1652808360",
"2551","22b77d7829c68dcd","E2:1F:7B:35:CC:08","100","7","3.90625","4","162","2022-05-17T17:27:00.000Z","1652808420",
"2551","22b77d7829c68dcd","E2:1F:7B:35:CC:08","100","7","3.125","2","162","2022-05-17T17:28:00.000Z","1652808480",
"2551","22b77d7829c68dcd","E2:1F:7B:35:CC:08","91.35802469135803","1","2.6041666666666665","0","162","2022-05-17T17:29:00.000Z","1652808540",
"2551","22b77d7829c68dcd","E2:1F:7B:35:CC:08","72.8395061728395","5","1.953125","9","162","2022-05-17T17:30:00.000Z","1652808600",
"2551","22b77d7829c68dcd","E2:1F:7B:35:CC:08","70.37037037037037","9","1.1160714285714286","9","162","2022-05-17T17:31:00.000Z","1652808660",
"2551","22b77d7829c68dcd","E2:1F:7B:35:CC:08","69.1358024691358","9","0.78125","1","162","2022-05-17T17:32:00.000Z","1652808720",
"2551","22b77d7829c68dcd","E2:1F:7B:35:CC:08","86.41975308641975","4","1.5625","0","162","2022-05-17T17:33:00.000Z","1652808780",
"2551","22b77d7829c68dcd","E2:1F:7B:35:CC:08","100","3","1.2019230769230769","0","162","2022-05-17T17:34:00.000Z","1652808840",
"2551","22b77d7829c68dcd","E2:1F:7B:35:CC:08","79.01234567901234","1","0.9191176470588235","0","162","2022-05-17T17:35:00.000Z","1652808900",
"2551","22b77d7829c68dcd","E2:1F:7B:35:CC:08","59.25925925925926","4","0.3125","0","162","2022-05-17T17:36:00.000Z","1652808960",
"2551","22b77d7829c68dcd","E2:1F:7B:35:CC:08","74.07407407407408","4","0.4222972972972973","16","162","2022-05-17T17:37:00.000Z","1652809020",
"2551","22b77d7829c68dcd","E2:1F:7B:35:CC:08","95.06172839506173","0","7.8125","4","162","2022-05-17T17:39:00.000Z","1652809140",
"2551","22b77d7829c68dcd","E2:1F:7B:35:CC:08","100","1","5.208333333333333","1","162","2022-05-17T17:40:00.000Z","1652809200",
"2551","22b77d7829c68dcd","E2:1F:7B:35:CC:08","100","0","3.90625","0","162","2022-05-17T17:41:00.000Z","1652809260",
"2551","22b77d7829c68dcd","E2:1F:7B:35:CC:08","98.76543209876543","0","2.6041666666666665","0","162","2022-05-17T17:42:00.000Z","1652809320",
"2551","22b77d7829c68dcd","E2:1F:7B:35:CC:08","71.60493827160494","1","1.4204545454545454","0","162","2022-05-17T17:43:00.000Z","1652809380",
"2551","22b77d7829c68dcd","E2:1F:7B:35:CC:08","51.851851851851855","1","1.0416666666666667","0","162","2022-05-17T17:44:00.000Z","1652809440",
"2551","22b77d7829c68dcd","E2:1F:7B:35:CC:08","64.19753086419753","3","1.1160714285714286","1","162","2022-05-17T17:45:00.000Z","1652809500",
"2551","22b77d7829c68dcd","E2:1F:7B:35:CC:08","69.1358024691358","7","0.390625","1","162","2022-05-17T17:46:00.000Z","1652809560",
"2551","22b77d7829c68dcd","E2:1F:7B:35:CC:08","61.72839506172839","3","0.5208333333333334","1","162","2022-05-17T17:47:00.000Z","1652809620",
"2551","22b77d7829c68dcd","E2:1F:7B:35:CC:08","81.48148148148148","5","0.5387931034482759","4","162","2022-05-17T17:48:00.000Z","1652809680",
"2551","22b77d7829c68dcd","E2:1F:7B:35:CC:08","100","2","0.6510416666666666","1","162","2022-05-17T17:49:00.000Z","1652809740",
"2551","22b77d7829c68dcd","E2:1F:7B:35:CC:08","100","3","0.48828125","0","162","2022-05-17T17:50:00.000Z","1652809800",
"2551","22b77d7829c68dcd","E2:1F:7B:35:CC:08","100","8","0.37202380952380953","0","162","2022-05-17T17:51:00.000Z","1652809860",
"2551","22b77d7829c68dcd","E2:1F:7B:35:CC:08","100","6","0.390625","1","162","2022-05-17T17:52:00.000Z","1652809920",
"2551","22b77d7829c68dcd","E2:1F:7B:35:CC:08","100","1","0.4734848484848485","0","162","2022-05-17T17:53:00.000Z","1652809980",
"2551","22b77d7829c68dcd","E2:1F:7B:35:CC:08","51.851851851851855","3","0.5040322580645161","0","162","2022-05-17T17:54:00.000Z","1652810040",
"2551","22b77d7829c68dcd","E2:1F:7B:35:CC:08","29.62962962962963","1","0.5580357142857143","0","162","2022-05-17T17:55:00.000Z","1652810100",
"2551","22b77d7829c68dcd","E2:1F:7B:35:CC:08","35.80246913580247","5","0.7102272727272727","1","162","2022-05-17T17:56:00.000Z","1652810160",
"2551","22b77d7829c68dcd","E2:1F:7B:35:CC:08","48.148148148148145","5","0.6793478260869565","9","162","2022-05-17T17:57:00.000Z","1652810220",
"2551","22b77d7829c68dcd","E2:1F:7B:35:CC:08","56.79012345679013","4","0.7440476190476191","11","162","2022-05-17T17:58:00.000Z","1652810280",
"2551","22b77d7829c68dcd","E2:1F:7B:35:CC:08","67.90123456790124","9","0.9765625","9","162","2022-05-17T17:59:00.000Z","1652810340",
"2551","22b77d7829c68dcd","E2:1F:7B:35:CC:08","86.41975308641975","6","1.2019230769230769","7","162","2022-05-17T18:00:00.000Z","1652810400",
"2551","22b77d7829c68dcd","E2:1F:7B:35:CC:08","100","7","0.9765625","1","162","2022-05-17T18:01:00.000Z","1652810460",
"2551","22b77d7829c68dcd","E2:1F:7B:35:CC:08","100","4","0.9765625","0","162","2022-05-17T18:02:00.000Z","1652810520",
"2551","22b77d7829c68dcd","E2:1F:7B:35:CC:08","100","7","0.9191176470588235","4","162","2022-05-17T18:03:00.000Z","1652810580",
"2551","22b77d7829c68dcd","E2:1F:7B:35:CC:08","100","4","1.1160714285714286","4","162","2022-05-17T18:04:00.000Z","1652810640",
"2551","22b77d7829c68dcd","E2:1F:7B:35:CC:08","100","3","1.1160714285714286","7","162","2022-05-17T18:05:00.000Z","1652810700",
"2551","22b77d7829c68dcd","E2:1F:7B:35:CC:08","95.06172839506173","9","1.0416666666666667","7","162","2022-05-17T18:06:00.000Z","1652810760",
"2551","22b77d7829c68dcd","E2:1F:7B:35:CC:08","87.65432098765432","5","1.5625","4","162","2022-05-17T18:07:00.000Z","1652810820",
"2551","22b77d7829c68dcd","E2:1F:7B:35:CC:08","83.95061728395062","6","1.4204545454545454","2","162","2022-05-17T18:08:00.000Z","1652810880",
"2551","22b77d7829c68dcd","E2:1F:7B:35:CC:08","80.24691358024691","8","1.1160714285714286","1","162","2022-05-17T18:09:00.000Z","1652810940",
"2551","22b77d7829c68dcd","E2:1F:7B:35:CC:08","88.88888888888889","13","1.4204545454545454","8","162","2022-05-17T18:10:00.000Z","1652811000",
"2551","22b77d7829c68dcd","E2:1F:7B:35:CC:08","100","0","0.9191176470588235","16","162","2022-05-17T18:11:00.000Z","1652811060",
"2551","22b77d7829c68dcd","E2:1F:7B:35:CC:08","100","4","1.0416666666666667","4","162","2022-05-17T18:12:00.000Z","1652811120",
"2551","22b77d7829c68dcd","E2:1F:7B:35:CC:08","72.8395061728395","6","1.3020833333333333","2","162","2022-05-17T18:13:00.000Z","1652811180",
"2551","22b77d7829c68dcd","E2:1F:7B:35:CC:08","67.90123456790124","7","0.6510416666666666","2","162","2022-05-17T18:14:00.000Z","1652811240",
"2551","22b77d7829c68dcd","E2:1F:7B:35:CC:08","64.19753086419753","4","0.3472222222222222","0","162","2022-05-17T18:15:00.000Z","1652811300",
"2551","22b77d7829c68dcd","E2:1F:7B:35:CC:08","72.8395061728395","4","0.7440476190476191","7","162","2022-05-17T18:16:00.000Z","1652811360",
"2551","22b77d7829c68dcd","E2:1F:7B:35:CC:08","100","7","1.2019230769230769","5","162","2022-05-17T18:17:00.000Z","1652811420",
"2551","22b77d7829c68dcd","E2:1F:7B:35:CC:08","98.76543209876543","4","1.4204545454545454","1","162","2022-05-17T18:18:00.000Z","1652811480",
"2551","22b77d7829c68dcd","E2:1F:7B:35:CC:08","100","9","1.2019230769230769","4","162","2022-05-17T18:19:00.000Z","1652811540",
"2551","22b77d7829c68dcd","E2:1F:7B:35:CC:08","97.53086419753086","2","1.5625","5","162","2022-05-17T18:20:00.000Z","1652811600",
"2551","22b77d7829c68dcd","E2:1F:7B:35:CC:08","96.29629629629629","6","1.7361111111111112","8","162","2022-05-17T18:21:00.000Z","1652811660",
"2551","22b77d7829c68dcd","E2:1F:7B:35:CC:08","83.95061728395062","6","1.5625","0","162","2022-05-17T18:22:00.000Z","1652811720",
"2551","22b77d7829c68dcd","E2:1F:7B:35:CC:08","85.18518518518519","0","0.78125","1","162","2022-05-17T18:23:00.000Z","1652811780",
"2551","22b77d7829c68dcd","E2:1F:7B:35:CC:08","98.76543209876543","6","1.2019230769230769","4","162","2022-05-17T18:24:00.000Z","1652811840",
"2551","22b77d7829c68dcd","E2:1F:7B:35:CC:08","100","7","0.9191176470588235","12","162","2022-05-17T18:25:00.000Z","1652811900",
"2551","22b77d7829c68dcd","E2:1F:7B:35:CC:08","100","0","0.7440476190476191","12","162","2022-05-17T18:26:00.000Z","1652811960",
"2551","22b77d7829c68dcd","E2:1F:7B:35:CC:08","100","0","0.7102272727272727","12","162","2022-05-17T18:27:00.000Z","1652812020",
"2551","22b77d7829c68dcd","E2:1F:7B:35:CC:08","100","0","0.2741228070175439","4","162","2022-05-17T18:28:00.000Z","1652812080",
"2551","22b77d7829c68dcd","E2:1F:7B:35:CC:08","100","0","1.4204545454545454","0","162","2022-05-17T18:29:00.000Z","1652812140",
"2551","22b77d7829c68dcd","E2:1F:7B:35:CC:08","100","5","1.0416666666666667","2","162","2022-05-17T18:30:00.000Z","1652812200",
"2551","22b77d7829c68dcd","E2:1F:7B:35:CC:08","100","6","0.9765625","2","162","2022-05-17T18:31:00.000Z","1652812260",
"2551","22b77d7829c68dcd","E2:1F:7B:35:CC:08","83.95061728395062","6","0.9191176470588235","5","162","2022-05-17T18:32:00.000Z","1652812320",
"2551","22b77d7829c68dcd","E2:1F:7B:35:CC:08","100","4","1.2019230769230769","5","162","2022-05-17T18:33:00.000Z","1652812380",
"2551","22b77d7829c68dcd","E2:1F:7B:35:CC:08","100","6","1.3020833333333333","9","162","2022-05-17T18:34:00.000Z","1652812440",
"2551","22b77d7829c68dcd","E2:1F:7B:35:CC:08","95.06172839506173","10","1.4204545454545454","2","162","2022-05-17T18:35:00.000Z","1652812500",
"2551","22b77d7829c68dcd","E2:1F:7B:35:CC:08","90.12345679012346","7","1.2019230769230769","14","162","2022-05-17T18:36:00.000Z","1652812560",
"2551","22b77d7829c68dcd","E2:1F:7B:35:CC:08","93.82716049382717","5","0.38109756097560976","7","162","2022-05-17T18:37:00.000Z","1652812620",
"2551","22b77d7829c68dcd","E2:1F:7B:35:CC:08","91.35802469135803","0","0.3255208333333333","15","162","2022-05-17T18:38:00.000Z","1652812680",
"2551","22b77d7829c68dcd","E2:1F:7B:35:CC:08","100","7","0.9765625","1","162","2022-05-17T18:39:00.000Z","1652812740",
"2551","22b77d7829c68dcd","E2:1F:7B:35:CC:08","100","5","1.7361111111111112","5","162","2022-05-17T18:40:00.000Z","1652812800",
"2551","22b77d7829c68dcd","E2:1F:7B:35:CC:08","100","4","1.7361111111111112","2","162","2022-05-17T18:41:00.000Z","1652812860",
"2551","22b77d7829c68dcd","E2:1F:7B:35:CC:08","67.90123456790124","1","1.1160714285714286","1","162","2022-05-17T18:42:00.000Z","1652812920",
"2551","22b77d7829c68dcd","E2:1F:7B:35:CC:08","66.66666666666667","6","0.4340277777777778","12","162","2022-05-17T18:43:00.000Z","1652812980",
"2551","22b77d7829c68dcd","E2:1F:7B:35:CC:08","67.90123456790124","12","0.5787037037037037","4","162","2022-05-17T18:44:00.000Z","1652813040",
"2551","22b77d7829c68dcd","E2:1F:7B:35:CC:08","72.8395061728395","9","0.21404109589041095","11","162","2022-05-17T18:45:00.000Z","1652813100",
"2551","22b77d7829c68dcd","E2:1F:7B:35:CC:08","72.8395061728395","0","0.15782828282828282","11","162","2022-05-17T18:46:00.000Z","1652813160",
"2551","22b77d7829c68dcd","E2:1F:7B:35:CC:08","81.48148148148148","4","0.25614754098360654","7","162","2022-05-17T18:47:00.000Z","1652813220",
"2551","22b77d7829c68dcd","E2:1F:7B:35:CC:08","93.82716049382717","8","0.30637254901960786","8","162","2022-05-17T18:48:00.000Z","1652813280",
"2551","22b77d7829c68dcd","E2:1F:7B:35:CC:08","100","11","0.5580357142857143","0","162","2022-05-17T18:49:00.000Z","1652813340",
"2551","22b77d7829c68dcd","E2:1F:7B:35:CC:08","100","5","0.48828125","1","162","2022-05-17T18:50:00.000Z","1652813400",
"2551","22b77d7829c68dcd","E2:1F:7B:35:CC:08","100","0","0.3633720930232558","7","162","2022-05-17T18:51:00.000Z","1652813460",
"2551","22b77d7829c68dcd","E2:1F:7B:35:CC:08","100","5","0.5208333333333334","7","162","2022-05-17T18:52:00.000Z","1652813520",
"2551","22b77d7829c68dcd","E2:1F:7B:35:CC:08","100","9","0.244140625","8","162","2022-05-17T18:53:00.000Z","1652813580",
"2551","22b77d7829c68dcd","E2:1F:7B:35:CC:08","100","0","0.20032051282051283","5","162","2022-05-17T18:54:00.000Z","1652813640",
"2551","22b77d7829c68dcd","E2:1F:7B:35:CC:08","100","12","0.4340277777777778","5","162","2022-05-17T18:55:00.000Z","1652813700",
"2551","22b77d7829c68dcd","E2:1F:7B:35:CC:08","100","7","0.3633720930232558","2","162","2022-05-17T18:56:00.000Z","1652813760",
"2551","22b77d7829c68dcd","E2:1F:7B:35:CC:08","100","0","0.31887755102040816","11","162","2022-05-17T18:57:00.000Z","1652813820",
"2551","22b77d7829c68dcd","E2:1F:7B:35:CC:08","100","5","0.2840909090909091","9","162","2022-05-17T18:58:00.000Z","1652813880",
"2551","22b77d7829c68dcd","E2:1F:7B:35:CC:08","100","0","0.11322463768115942","5","162","2022-05-17T19:01:00.000Z","1652814060",
"2551","22b77d7829c68dcd","E2:1F:7B:35:CC:08","100","0","0.19778481012658228","9","162","2022-05-17T19:02:00.000Z","1652814120",
"2551","22b77d7829c68dcd","E2:1F:7B:35:CC:08","100","7","0.3633720930232558","7","162","2022-05-17T19:03:00.000Z","1652814180",
"2551","22b77d7829c68dcd","E2:1F:7B:35:CC:08","100","10","0.5208333333333334","7","162","2022-05-17T19:04:00.000Z","1652814240",
"2551","22b77d7829c68dcd","E2:1F:7B:35:CC:08","100","10","1.1160714285714286","0","162","2022-05-17T19:05:00.000Z","1652814300",
"2551","22b77d7829c68dcd","E2:1F:7B:35:CC:08","100","10","0.6793478260869565","1","162","2022-05-17T19:06:00.000Z","1652814360",
"2551","22b77d7829c68dcd","E2:1F:7B:35:CC:08","100","11","1.1160714285714286","1","162","2022-05-17T19:07:00.000Z","1652814420",
"2551","22b77d7829c68dcd","E2:1F:7B:35:CC:08","100","4","0.3633720930232558","2","162","2022-05-17T19:08:00.000Z","1652814480",
"2551","22b77d7829c68dcd","E2:1F:7B:35:CC:08","93.82716049382717","7","0.2648305084745763","4","162","2022-05-17T19:09:00.000Z","1652814540",
"2551","22b77d7829c68dcd","E2:1F:7B:35:CC:08","100","4","0.45955882352941174","2","162","2022-05-17T19:10:00.000Z","1652814600",
"2551","22b77d7829c68dcd","E2:1F:7B:35:CC:08","100","9","0.625","0","162","2022-05-17T19:11:00.000Z","1652814660",
"2551","22b77d7829c68dcd","E2:1F:7B:35:CC:08","79.01234567901234","2","0.7440476190476191","2","162","2022-05-17T19:12:00.000Z","1652814720",
"2551","22b77d7829c68dcd","E2:1F:7B:35:CC:08","74.07407407407408","0","0.062250996015936255","8","162","2022-05-17T19:14:00.000Z","1652814840",
"2551","22b77d7829c68dcd","E2:1F:7B:35:CC:08","74.07407407407408","0","0.07621951219512195","9","162","2022-05-17T19:16:00.000Z","1652814960",
"2551","22b77d7829c68dcd","E2:1F:7B:35:CC:08","74.07407407407408","10","0.3324468085106383","1","162","2022-05-17T19:18:00.000Z","1652815080",
"2551","22b77d7829c68dcd","E2:1F:7B:35:CC:08","75.30864197530865","9","0.48828125","0","162","2022-05-17T19:19:00.000Z","1652815140",
"2551","22b77d7829c68dcd","E2:1F:7B:35:CC:08","67.90123456790124","4","0.5208333333333334","14","162","2022-05-17T19:20:00.000Z","1652815200",
"2551","22b77d7829c68dcd","E2:1F:7B:35:CC:08","93.82716049382717","10","0.26939655172413796","8","162","2022-05-17T19:21:00.000Z","1652815260",
"2551","22b77d7829c68dcd","E2:1F:7B:35:CC:08","93.82716049382717","0","0.1816860465116279","16","162","2022-05-17T19:22:00.000Z","1652815320",
"2551","22b77d7829c68dcd","E2:1F:7B:35:CC:08","100","4","0.390625","2","162","2022-05-17T19:23:00.000Z","1652815380",
"2551","22b77d7829c68dcd","E2:1F:7B:35:CC:08","100","11","0.2403846153846154","1","162","2022-05-17T19:24:00.000Z","1652815440",
"2551","22b77d7829c68dcd","E2:1F:7B:35:CC:08","100","4","0.4734848484848485","1","162","2022-05-17T19:25:00.000Z","1652815500",
"2551","22b77d7829c68dcd","E2:1F:7B:35:CC:08","100","6","0.5787037037037037","2","162","2022-05-17T19:26:00.000Z","1652815560",
"2551","22b77d7829c68dcd","E2:1F:7B:35:CC:08","100","7","0.48828125","5","162","2022-05-17T19:27:00.000Z","1652815620",
"2551","22b77d7829c68dcd","E2:1F:7B:35:CC:08","100","8","0.062250996015936255","5","162","2022-05-17T19:28:00.000Z","1652815680",
"2551","22b77d7829c68dcd","E2:1F:7B:35:CC:08","100","0","0.35511363636363635","11","162","2022-05-17T19:30:00.000Z","1652815800",
"2551","22b77d7829c68dcd","E2:1F:7B:35:CC:08","100","6","0.7102272727272727","8","162","2022-05-17T19:31:00.000Z","1652815860",
"2551","22b77d7829c68dcd","E2:1F:7B:35:CC:08","100","5","0.625","1","162","2022-05-17T19:32:00.000Z","1652815920",
"2551","22b77d7829c68dcd","E2:1F:7B:35:CC:08","98.76543209876543","11","0.8223684210526315","11","162","2022-05-17T19:33:00.000Z","1652815980",
"2551","22b77d7829c68dcd","E2:1F:7B:35:CC:08","92.5925925925926","4","0.78125","4","162","2022-05-17T19:34:00.000Z","1652816040",
"2551","22b77d7829c68dcd","E2:1F:7B:35:CC:08","85.18518518518519","9","1.3020833333333333","8","162","2022-05-17T19:35:00.000Z","1652816100",
"2551","22b77d7829c68dcd","E2:1F:7B:35:CC:08","83.95061728395062","5","0.9765625","9","162","2022-05-17T19:36:00.000Z","1652816160",
"2551","22b77d7829c68dcd","E2:1F:7B:35:CC:08","91.35802469135803","6","0.6510416666666666","1","162","2022-05-17T19:38:00.000Z","1652816280",
"2551","22b77d7829c68dcd","E2:1F:7B:35:CC:08","98.76543209876543","4","0.30637254901960786","0","162","2022-05-17T19:39:00.000Z","1652816340",
"2551","22b77d7829c68dcd","E2:1F:7B:35:CC:08","100","9","0.31887755102040816","0","162","2022-05-17T19:40:00.000Z","1652816400",
"2551","22b77d7829c68dcd","E2:1F:7B:35:CC:08","95.06172839506173","3","0.2604166666666667","0","162","2022-05-17T19:41:00.000Z","1652816460",
"2551","22b77d7829c68dcd","E2:1F:7B:35:CC:08","92.5925925925926","9","0.45955882352941174","4","162","2022-05-17T19:42:00.000Z","1652816520",
"2551","22b77d7829c68dcd","E2:1F:7B:35:CC:08","92.5925925925926","0","0.1816860465116279","4","162","2022-05-17T19:43:00.000Z","1652816580",
"2551","22b77d7829c68dcd","E2:1F:7B:35:CC:08","100","12","0.11405109489051095","4","162","2022-05-17T19:44:00.000Z","1652816640",
"2551","22b77d7829c68dcd","E2:1F:7B:35:CC:08","100","3","0.3472222222222222","0","162","2022-05-17T19:45:00.000Z","1652816700",
"2551","22b77d7829c68dcd","E2:1F:7B:35:CC:08","70.37037037037037","2","0.40064102564102566","0","162","2022-05-17T19:46:00.000Z","1652816760",
"2551","22b77d7829c68dcd","E2:1F:7B:35:CC:08","44.44444444444444","2","0.40064102564102566","0","162","2022-05-17T19:47:00.000Z","1652816820",
"2551","22b77d7829c68dcd","E2:1F:7B:35:CC:08","38.27160493827161","3","0.390625","0","162","2022-05-17T19:48:00.000Z","1652816880",
"2551","22b77d7829c68dcd","E2:1F:7B:35:CC:08","49.382716049382715","2","0.4222972972972973","8","162","2022-05-17T19:49:00.000Z","1652816940",
"2551","22b77d7829c68dcd","E2:1F:7B:35:CC:08","32.098765432098766","1","0.37202380952380953","0","162","2022-05-17T19:50:00.000Z","1652817000",
"2551","22b77d7829c68dcd","E2:1F:7B:35:CC:08","29.62962962962963","5","0.45955882352941174","0","162","2022-05-17T19:51:00.000Z","1652817060",
"2551","22b77d7829c68dcd","E2:1F:7B:35:CC:08","32.098765432098766","0","0.45955882352941174","2","162","2022-05-17T19:52:00.000Z","1652817120",
"2551","22b77d7829c68dcd","E2:1F:7B:35:CC:08","39.50617283950617","4","0.5040322580645161","0","162","2022-05-17T19:53:00.000Z","1652817180",
"2551","22b77d7829c68dcd","E2:1F:7B:35:CC:08","33.333333333333336","1","0.390625","1","162","2022-05-17T19:54:00.000Z","1652817240",
"2551","22b77d7829c68dcd","E2:1F:7B:35:CC:08","35.80246913580247","0","0.16983695652173914","2","162","2022-05-17T19:55:00.000Z","1652817300",
"2551","22b77d7829c68dcd","E2:1F:7B:35:CC:08","43.20987654320987","5","0.25614754098360654","5","162","2022-05-17T19:56:00.000Z","1652817360",
"2551","22b77d7829c68dcd","E2:1F:7B:35:CC:08","44.44444444444444","4","0.20833333333333334","2","162","2022-05-17T19:57:00.000Z","1652817420",
"2551","22b77d7829c68dcd","E2:1F:7B:35:CC:08","69.1358024691358","1","0.3255208333333333","1","162","2022-05-17T19:58:00.000Z","1652817480",
"2551","22b77d7829c68dcd","E2:1F:7B:35:CC:08","58.02469135802469","4","0.35511363636363635","1","162","2022-05-17T19:59:00.000Z","1652817540",
"2551","22b77d7829c68dcd","E2:1F:7B:35:CC:08","59.25925925925926","12","0.294811320754717","1","162","2022-05-17T20:00:00.000Z","1652817600",
"2551","22b77d7829c68dcd","E2:1F:7B:35:CC:08","77.77777777777777","8","0.22644927536231885","1","162","2022-05-17T20:01:00.000Z","1652817660",
"2551","22b77d7829c68dcd","E2:1F:7B:35:CC:08","97.53086419753086","7","0.3255208333333333","1","162","2022-05-17T20:02:00.000Z","1652817720",
"2551","22b77d7829c68dcd","E2:1F:7B:35:CC:08","85.18518518518519","6","0.2741228070175439","15","162","2022-05-17T20:03:00.000Z","1652817780",
"2551","22b77d7829c68dcd","E2:1F:7B:35:CC:08","75.30864197530865","7","0.3125","5","162","2022-05-17T20:04:00.000Z","1652817840",
"2551","22b77d7829c68dcd","E2:1F:7B:35:CC:08","82.71604938271605","11","0.31887755102040816","4","162","2022-05-17T20:05:00.000Z","1652817900",
"2551","22b77d7829c68dcd","E2:1F:7B:35:CC:08","81.48148148148148","0","0.2170138888888889","5","162","2022-05-17T20:06:00.000Z","1652817960",
"2551","22b77d7829c68dcd","E2:1F:7B:35:CC:08","81.48148148148148","0","0.294811320754717","14","162","2022-05-17T20:07:00.000Z","1652818020",
"2551","22b77d7829c68dcd","E2:1F:7B:35:CC:08","80.24691358024691","9","0.1953125","4","162","2022-05-17T20:08:00.000Z","1652818080",
"2551","22b77d7829c68dcd","E2:1F:7B:35:CC:08","92.5925925925926","6","0.2403846153846154","1","162","2022-05-17T20:09:00.000Z","1652818140",
"2551","22b77d7829c68dcd","E2:1F:7B:35:CC:08","92.5925925925926","8","0.25201612903225806","1","162","2022-05-17T20:10:00.000Z","1652818200",
"2551","22b77d7829c68dcd","E2:1F:7B:35:CC:08","96.29629629629629","2","0.3004807692307692","0","162","2022-05-17T20:11:00.000Z","1652818260",
"2551","22b77d7829c68dcd","E2:1F:7B:35:CC:08","90.12345679012346","7","0.2741228070175439","8","162","2022-05-17T20:12:00.000Z","1652818320",
"2551","22b77d7829c68dcd","E2:1F:7B:35:CC:08","65.4320987654321","1","0.25614754098360654","0","162","2022-05-17T20:13:00.000Z","1652818380",
"2551","22b77d7829c68dcd","E2:1F:7B:35:CC:08","30.864197530864196","0","0.2604166666666667","0","162","2022-05-17T20:14:00.000Z","1652818440",
"2551","22b77d7829c68dcd","E2:1F:7B:35:CC:08","17.28395061728395","0","0.28935185185185186","4","162","2022-05-17T20:15:00.000Z","1652818500",
"2551","22b77d7829c68dcd","E2:1F:7B:35:CC:08","34.5679012345679","1","0.18382352941176472","8","162","2022-05-17T20:16:00.000Z","1652818560",
"2551","22b77d7829c68dcd","E2:1F:7B:35:CC:08","41.97530864197531","8","0.22644927536231885","4","162","2022-05-17T20:17:00.000Z","1652818620",
"2551","22b77d7829c68dcd","E2:1F:7B:35:CC:08","37.03703703703704","0","0.244140625","0","162","2022-05-17T20:18:00.000Z","1652818680",
"2551","22b77d7829c68dcd","E2:1F:7B:35:CC:08","27.160493827160494","2","0.244140625","0","162","2022-05-17T20:19:00.000Z","1652818740",
"2551","22b77d7829c68dcd","E2:1F:7B:35:CC:08","62.96296296296296","5","0.23674242424242425","0","162","2022-05-17T20:20:00.000Z","1652818800",
"2551","22b77d7829c68dcd","E2:1F:7B:35:CC:08","71.60493827160494","4","0.22977941176470587","1","162","2022-05-17T20:21:00.000Z","1652818860",
"2551","22b77d7829c68dcd","E2:1F:7B:35:CC:08","82.71604938271605","5","0.22644927536231885","1","162","2022-05-17T20:22:00.000Z","1652818920",
"2551","22b77d7829c68dcd","E2:1F:7B:35:CC:08","85.18518518518519","2","0.11241007194244604","1","162","2022-05-17T20:23:00.000Z","1652818980",
"2551","22b77d7829c68dcd","E2:1F:7B:35:CC:08","87.65432098765432","4","0.19054878048780488","1","162","2022-05-17T20:24:00.000Z","1652819040",
"2551","22b77d7829c68dcd","E2:1F:7B:35:CC:08","72.8395061728395","5","0.2403846153846154","0","162","2022-05-17T20:25:00.000Z","1652819100",
"2551","22b77d7829c68dcd","E2:1F:7B:35:CC:08","32.098765432098766","0","0.25614754098360654","0","162","2022-05-17T20:26:00.000Z","1652819160",
"2551","22b77d7829c68dcd","E2:1F:7B:35:CC:08","30.864197530864196","2","0.2170138888888889","2","162","2022-05-17T20:27:00.000Z","1652819220",
"2551","22b77d7829c68dcd","E2:1F:7B:35:CC:08","34.5679012345679","1","0.16447368421052633","2","162","2022-05-17T20:28:00.000Z","1652819280",
"2551","22b77d7829c68dcd","E2:1F:7B:35:CC:08","34.5679012345679","0","0.20032051282051283","7","162","2022-05-17T20:29:00.000Z","1652819340",
"2551","22b77d7829c68dcd","E2:1F:7B:35:CC:08","41.97530864197531","5","0.22007042253521128","14","162","2022-05-17T20:30:00.000Z","1652819400",
"2551","22b77d7829c68dcd","E2:1F:7B:35:CC:08","44.44444444444444","5","0.22977941176470587","0","162","2022-05-17T20:31:00.000Z","1652819460",
"2551","22b77d7829c68dcd","E2:1F:7B:35:CC:08","49.382716049382715","0","0.12303149606299213","2","162","2022-05-17T20:32:00.000Z","1652819520",
"2551","22b77d7829c68dcd","E2:1F:7B:35:CC:08","60.49382716049383","5","0.15318627450980393","0","162","2022-05-17T20:33:00.000Z","1652819580",
"2551","22b77d7829c68dcd","E2:1F:7B:35:CC:08","64.19753086419753","0","0.1736111111111111","2","162","2022-05-17T20:34:00.000Z","1652819640",
"2551","22b77d7829c68dcd","E2:1F:7B:35:CC:08","70.37037037037037","2","0.11837121212121213","1","162","2022-05-17T20:35:00.000Z","1652819700",
"2551","22b77d7829c68dcd","E2:1F:7B:35:CC:08","67.90123456790124","7","0.22644927536231885","2","162","2022-05-17T20:36:00.000Z","1652819760",
"2551","22b77d7829c68dcd","E2:1F:7B:35:CC:08","75.30864197530865","11","0.2403846153846154","0","162","2022-05-17T20:37:00.000Z","1652819820",
"2551","22b77d7829c68dcd","E2:1F:7B:35:CC:08","80.24691358024691","8","0.1502403846153846","1","162","2022-05-17T20:38:00.000Z","1652819880",
"2551","22b77d7829c68dcd","E2:1F:7B:35:CC:08","77.77777777777777","9","0.16801075268817203","2","162","2022-05-17T20:39:00.000Z","1652819940",
"2551","22b77d7829c68dcd","E2:1F:7B:35:CC:08","88.88888888888889","11","0.21114864864864866","0","162","2022-05-17T20:40:00.000Z","1652820000",
"2551","22b77d7829c68dcd","E2:1F:7B:35:CC:08","100","6","0.19778481012658228","4","162","2022-05-17T20:41:00.000Z","1652820060",
"2551","22b77d7829c68dcd","E2:1F:7B:35:CC:08","93.82716049382717","3","0.1953125","1","162","2022-05-17T20:42:00.000Z","1652820120",
"2551","22b77d7829c68dcd","E2:1F:7B:35:CC:08","53.08641975308642","4","0.21404109589041095","0","162","2022-05-17T20:43:00.000Z","1652820180",
"2551","22b77d7829c68dcd","E2:1F:7B:35:CC:08","28.395061728395063","0","0.22644927536231885","0","162","2022-05-17T20:44:00.000Z","1652820240",
"2551","22b77d7829c68dcd","E2:1F:7B:35:CC:08","14.814814814814815","0","0.2332089552238806","0","162","2022-05-17T20:45:00.000Z","1652820300",
"2551","22b77d7829c68dcd","E2:1F:7B:35:CC:08","9.876543209876543","0","0.23674242424242425","0","162","2022-05-17T20:46:00.000Z","1652820360",
"2551","22b77d7829c68dcd","E2:1F:7B:35:CC:08","16.049382716049383","0","0.244140625","0","162","2022-05-17T20:47:00.000Z","1652820420",
"2551","22b77d7829c68dcd","E2:1F:7B:35:CC:08","12.345679012345679","0","0.24801587301587302","0","162","2022-05-17T20:48:00.000Z","1652820480",
"2551","22b77d7829c68dcd","E2:1F:7B:35:CC:08","11.11111111111111","0","0.25201612903225806","0","162","2022-05-17T20:49:00.000Z","1652820540",
"2551","22b77d7829c68dcd","E2:1F:7B:35:CC:08","11.11111111111111","0","0.2604166666666667","0","162","2022-05-17T20:50:00.000Z","1652820600",
"2551","22b77d7829c68dcd","E2:1F:7B:35:CC:08","19.753086419753085","1","0.25201612903225806","0","162","2022-05-17T20:51:00.000Z","1652820660",
"2551","22b77d7829c68dcd","E2:1F:7B:35:CC:08","19.753086419753085","0","0.2604166666666667","0","162","2022-05-17T20:52:00.000Z","1652820720",
"2551","22b77d7829c68dcd","E2:1F:7B:35:CC:08","23.45679012345679","1","0.26939655172413796","0","162","2022-05-17T20:53:00.000Z","1652820780",
"2551","22b77d7829c68dcd","E2:1F:7B:35:CC:08","18.51851851851852","0","0.2741228070175439","0","162","2022-05-17T20:54:00.000Z","1652820840",
"2551","22b77d7829c68dcd","E2:1F:7B:35:CC:08","12.345679012345679","0","0.2741228070175439","0","162","2022-05-17T20:55:00.000Z","1652820900",
"2551","22b77d7829c68dcd","E2:1F:7B:35:CC:08","12.345679012345679","0","0.2840909090909091","1","162","2022-05-17T20:56:00.000Z","1652820960",
"2551","22b77d7829c68dcd","E2:1F:7B:35:CC:08","38.27160493827161","0","0.2604166666666667","0","162","2022-05-17T20:57:00.000Z","1652821020",
"2551","22b77d7829c68dcd","E2:1F:7B:35:CC:08","32.098765432098766","4","0.27901785714285715","8","162","2022-05-17T20:58:00.000Z","1652821080",
"2551","22b77d7829c68dcd","E2:1F:7B:35:CC:08","37.03703703703704","0","0.2604166666666667","1","162","2022-05-17T20:59:00.000Z","1652821140",
"2551","22b77d7829c68dcd","E2:1F:7B:35:CC:08","23.45679012345679","0","0.2604166666666667","0","162","2022-05-17T21:00:00.000Z","1652821200",
"2551","22b77d7829c68dcd","E2:1F:7B:35:CC:08","24.691358024691358","0","0.25614754098360654","0","162","2022-05-17T21:01:00.000Z","1652821260",
"2551","22b77d7829c68dcd","E2:1F:7B:35:CC:08","18.51851851851852","0","0.2604166666666667","0","162","2022-05-17T21:02:00.000Z","1652821320",
"2551","22b77d7829c68dcd","E2:1F:7B:35:CC:08","14.814814814814815","0","0.2604166666666667","0","162","2022-05-17T21:03:00.000Z","1652821380",
"2551","22b77d7829c68dcd","E2:1F:7B:35:CC:08","18.51851851851852","0","0.12600806451612903","7","162","2022-05-17T21:04:00.000Z","1652821440",
"2551","22b77d7829c68dcd","E2:1F:7B:35:CC:08","76.54320987654322","6","0.16447368421052633","0","162","2022-05-17T21:05:00.000Z","1652821500",
"2551","22b77d7829c68dcd","E2:1F:7B:35:CC:08","46.91358024691358","1","0.17959770114942528","0","162","2022-05-17T21:06:00.000Z","1652821560",
"2551","22b77d7829c68dcd","E2:1F:7B:35:CC:08","29.62962962962963","2","0.21114864864864866","2","162","2022-05-17T21:07:00.000Z","1652821620",
"2551","22b77d7829c68dcd","E2:1F:7B:35:CC:08","24.691358024691358","1","0.20292207792207792","4","162","2022-05-17T21:08:00.000Z","1652821680",
"2551","22b77d7829c68dcd","E2:1F:7B:35:CC:08","12.345679012345679","0","0.20559210526315788","0","162","2022-05-17T21:09:00.000Z","1652821740",
"2551","22b77d7829c68dcd","E2:1F:7B:35:CC:08","9.876543209876543","0","0.20559210526315788","0","162","2022-05-17T21:10:00.000Z","1652821800",
"2551","22b77d7829c68dcd","E2:1F:7B:35:CC:08","9.876543209876543","0","0.21114864864864866","0","162","2022-05-17T21:11:00.000Z","1652821860",
"2551","22b77d7829c68dcd","E2:1F:7B:35:CC:08","17.28395061728395","6","0.16801075268817203","1","162","2022-05-17T21:12:00.000Z","1652821920",
"2551","22b77d7829c68dcd","E2:1F:7B:35:CC:08","37.03703703703704","3","0.19290123456790123","0","162","2022-05-17T21:13:00.000Z","1652821980",
"2551","22b77d7829c68dcd","E2:1F:7B:35:CC:08","24.691358024691358","0","0.18825301204819278","0","162","2022-05-17T21:14:00.000Z","1652822040",
"2551","22b77d7829c68dcd","E2:1F:7B:35:CC:08","16.049382716049383","0","0.1953125","0","162","2022-05-17T21:15:00.000Z","1652822100",
"2551","22b77d7829c68dcd","E2:1F:7B:35:CC:08","19.753086419753085","1","0.1717032967032967","0","162","2022-05-17T21:16:00.000Z","1652822160",
"2551","22b77d7829c68dcd","E2:1F:7B:35:CC:08","41.97530864197531","2","0.1717032967032967","0","162","2022-05-17T21:17:00.000Z","1652822220",
"2551","22b77d7829c68dcd","E2:1F:7B:35:CC:08","37.03703703703704","3","0.21404109589041095","4","162","2022-05-17T21:18:00.000Z","1652822280",
"2551","22b77d7829c68dcd","E2:1F:7B:35:CC:08","45.67901234567901","3","0.22007042253521128","1","162","2022-05-17T21:19:00.000Z","1652822340",
"2551","22b77d7829c68dcd","E2:1F:7B:35:CC:08","24.691358024691358","0","0.22644927536231885","0","162","2022-05-17T21:20:00.000Z","1652822400",
"2551","22b77d7829c68dcd","E2:1F:7B:35:CC:08","17.28395061728395","0","0.11241007194244604","2","162","2022-05-17T21:21:00.000Z","1652822460",
"2551","22b77d7829c68dcd","E2:1F:7B:35:CC:08","24.691358024691358","3","0.1547029702970297","2","162","2022-05-17T21:22:00.000Z","1652822520",
"2551","22b77d7829c68dcd","E2:1F:7B:35:CC:08","58.02469135802469","2","0.1166044776119403","0","162","2022-05-17T21:23:00.000Z","1652822580",
"2551","22b77d7829c68dcd","E2:1F:7B:35:CC:08","59.25925925925926","5","0.12400793650793651","0","162","2022-05-17T21:24:00.000Z","1652822640",
"2551","22b77d7829c68dcd","E2:1F:7B:35:CC:08","54.32098765432099","4","0.13020833333333334","0","162","2022-05-17T21:25:00.000Z","1652822700",
"2551","22b77d7829c68dcd","E2:1F:7B:35:CC:08","51.851851851851855","5","0.10702054794520548","4","162","2022-05-17T21:26:00.000Z","1652822760",
"2551","22b77d7829c68dcd","E2:1F:7B:35:CC:08","46.91358024691358","4","0.12703252032520326","0","162","2022-05-17T21:27:00.000Z","1652822820",
"2551","22b77d7829c68dcd","E2:1F:7B:35:CC:08","45.67901234567901","0","0.07548309178743962","1","162","2022-05-17T21:28:00.000Z","1652822880",
"2551","22b77d7829c68dcd","E2:1F:7B:35:CC:08","50.617283950617285","3","0.08877840909090909","0","162","2022-05-17T21:29:00.000Z","1652822940",
"2551","22b77d7829c68dcd","E2:1F:7B:35:CC:08","45.67901234567901","6","0.09585889570552147","0","162","2022-05-17T21:30:00.000Z","1652823000",
"2551","22b77d7829c68dcd","E2:1F:7B:35:CC:08","35.80246913580247","0","0.09704968944099379","0","162","2022-05-17T21:31:00.000Z","1652823060",
"2551","22b77d7829c68dcd","E2:1F:7B:35:CC:08","35.80246913580247","0","0.07038288288288289","11","162","2022-05-17T21:32:00.000Z","1652823120",
"2551","22b77d7829c68dcd","E2:1F:7B:35:CC:08","64.19753086419753","4","0.062250996015936255","2","162","2022-05-17T21:41:00.000Z","1652823660",
"2551","22b77d7829c68dcd","E2:1F:7B:35:CC:08","64.19753086419753","0","0.10926573426573427","7","162","2022-05-17T21:43:00.000Z","1652823780",
"2551","22b77d7829c68dcd","E2:1F:7B:35:CC:08","59.25925925925926","2","0.08680555555555555","5","162","2022-05-17T21:44:00.000Z","1652823840",
"2551","22b77d7829c68dcd","E2:1F:7B:35:CC:08","60.49382716049383","6","0.09191176470588236","1","162","2022-05-17T21:46:00.000Z","1652823960",
"2551","22b77d7829c68dcd","E2:1F:7B:35:CC:08","60.49382716049383","5","0.0882768361581921","1","162","2022-05-17T21:47:00.000Z","1652824020",
"2551","22b77d7829c68dcd","E2:1F:7B:35:CC:08","96.29629629629629","6","0.13706140350877194","2","162","2022-05-17T21:48:00.000Z","1652824080",
"2551","22b77d7829c68dcd","E2:1F:7B:35:CC:08","96.29629629629629","7","0.11488970588235294","0","162","2022-05-17T21:49:00.000Z","1652824140",
"2551","22b77d7829c68dcd","E2:1F:7B:35:CC:08","100","8","0.09889240506329114","2","162","2022-05-17T21:50:00.000Z","1652824200",
"2551","22b77d7829c68dcd","E2:1F:7B:35:CC:08","80.24691358024691","1","0.10416666666666667","1","162","2022-05-17T21:51:00.000Z","1652824260",
"2551","22b77d7829c68dcd","E2:1F:7B:35:CC:08","49.382716049382715","2","0.10146103896103896","0","162","2022-05-17T21:52:00.000Z","1652824320",
"2551","22b77d7829c68dcd","E2:1F:7B:35:CC:08","49.382716049382715","0","0.09765625","12","162","2022-05-17T21:53:00.000Z","1652824380",
"2551","22b77d7829c68dcd","E2:1F:7B:35:CC:08","41.97530864197531","3","0.10557432432432433","0","162","2022-05-17T21:54:00.000Z","1652824440",
"2551","22b77d7829c68dcd","E2:1F:7B:35:CC:08","61.72839506172839","6","0.12112403100775193","2","162","2022-05-17T21:55:00.000Z","1652824500",
"2551","22b77d7829c68dcd","E2:1F:7B:35:CC:08","70.37037037037037","6","0.16622340425531915","0","162","2022-05-17T21:56:00.000Z","1652824560",
"2551","22b77d7829c68dcd","E2:1F:7B:35:CC:08","51.851851851851855","5","0.175561797752809","0","162","2022-05-17T21:57:00.000Z","1652824620",
"2551","22b77d7829c68dcd","E2:1F:7B:35:CC:08","50.617283950617285","1","0.15169902912621358","0","162","2022-05-17T21:58:00.000Z","1652824680",
"2551","22b77d7829c68dcd","E2:1F:7B:35:CC:08","60.49382716049383","11","0.20833333333333334","0","162","2022-05-17T21:59:00.000Z","1652824740",
"2551","22b77d7829c68dcd","E2:1F:7B:35:CC:08","48.148148148148145","3","0.12913223140495866","0","162","2022-05-17T22:00:00.000Z","1652824800",
"2551","22b77d7829c68dcd","E2:1F:7B:35:CC:08","39.50617283950617","2","0.19054878048780488","0","162","2022-05-17T22:01:00.000Z","1652824860",
"2551","22b77d7829c68dcd","E2:1F:7B:35:CC:08","43.20987654320987","2","0.22977941176470587","0","162","2022-05-17T22:02:00.000Z","1652824920",
"2551","22b77d7829c68dcd","E2:1F:7B:35:CC:08","22.22222222222222","0","0.244140625","0","162","2022-05-17T22:03:00.000Z","1652824980",
"2551","22b77d7829c68dcd","E2:1F:7B:35:CC:08","17.28395061728395","0","0.2604166666666667","0","162","2022-05-17T22:04:00.000Z","1652825040",
"2551","22b77d7829c68dcd","E2:1F:7B:35:CC:08","13.580246913580247","0","0.2741228070175439","0","162","2022-05-17T22:05:00.000Z","1652825100",
"2551","22b77d7829c68dcd","E2:1F:7B:35:CC:08","11.11111111111111","0","0.28935185185185186","0","162","2022-05-17T22:06:00.000Z","1652825160",
"2551","22b77d7829c68dcd","E2:1F:7B:35:CC:08","8.641975308641975","0","0.3004807692307692","0","162","2022-05-17T22:07:00.000Z","1652825220",
"2551","22b77d7829c68dcd","E2:1F:7B:35:CC:08","7.407407407407407","0","0.3125","0","162","2022-05-17T22:08:00.000Z","1652825280",
"2551","22b77d7829c68dcd","E2:1F:7B:35:CC:08","6.172839506172839","0","0.3255208333333333","0","162","2022-05-17T22:09:00.000Z","1652825340",
"2551","22b77d7829c68dcd","E2:1F:7B:35:CC:08","6.172839506172839","0","0.33967391304347827","0","162","2022-05-17T22:10:00.000Z","1652825400",
"2551","22b77d7829c68dcd","E2:1F:7B:35:CC:08","6.172839506172839","0","0.3472222222222222","0","162","2022-05-17T22:11:00.000Z","1652825460",
"2551","22b77d7829c68dcd","E2:1F:7B:35:CC:08","4.938271604938271","0","0.35511363636363635","0","162","2022-05-17T22:12:00.000Z","1652825520",
"2551","22b77d7829c68dcd","E2:1F:7B:35:CC:08","4.938271604938271","0","0.37202380952380953","0","162","2022-05-17T22:13:00.000Z","1652825580",
"2551","22b77d7829c68dcd","E2:1F:7B:35:CC:08","4.938271604938271","0","0.38109756097560976","0","162","2022-05-17T22:14:00.000Z","1652825640",
"2551","22b77d7829c68dcd","E2:1F:7B:35:CC:08","3.7037037037037037","0","0.390625","0","162","2022-05-17T22:15:00.000Z","1652825700",
"2551","22b77d7829c68dcd","E2:1F:7B:35:CC:08","3.7037037037037037","0","0.40064102564102566","0","162","2022-05-17T22:16:00.000Z","1652825760",
"2551","22b77d7829c68dcd","E2:1F:7B:35:CC:08","3.7037037037037037","0","0.41118421052631576","0","162","2022-05-17T22:17:00.000Z","1652825820",
"2551","22b77d7829c68dcd","E2:1F:7B:35:CC:08","3.7037037037037037","0","0.4222972972972973","0","162","2022-05-17T22:18:00.000Z","1652825880",
"2551","22b77d7829c68dcd","E2:1F:7B:35:CC:08","20.987654320987655","5","0.28935185185185186","4","162","2022-05-17T22:19:00.000Z","1652825940",
"2551","22b77d7829c68dcd","E2:1F:7B:35:CC:08","25.925925925925927","0","0.3255208333333333","0","162","2022-05-17T22:20:00.000Z","1652826000",
"2551","22b77d7829c68dcd","E2:1F:7B:35:CC:08","19.753086419753085","0","0.3472222222222222","0","162","2022-05-17T22:21:00.000Z","1652826060",
"2551","22b77d7829c68dcd","E2:1F:7B:35:CC:08","16.049382716049383","0","0.37202380952380953","0","162","2022-05-17T22:22:00.000Z","1652826120",
"2551","22b77d7829c68dcd","E2:1F:7B:35:CC:08","11.11111111111111","0","0.38109756097560976","0","162","2022-05-17T22:23:00.000Z","1652826180",
"2551","22b77d7829c68dcd","E2:1F:7B:35:CC:08","9.876543209876543","0","0.40064102564102566","0","162","2022-05-17T22:24:00.000Z","1652826240",
"2551","22b77d7829c68dcd","E2:1F:7B:35:CC:08","8.641975308641975","0","0.41118421052631576","0","162","2022-05-17T22:25:00.000Z","1652826300",
"2551","22b77d7829c68dcd","E2:1F:7B:35:CC:08","8.641975308641975","0","0.4222972972972973","0","162","2022-05-17T22:26:00.000Z","1652826360",
"2551","22b77d7829c68dcd","E2:1F:7B:35:CC:08","8.641975308641975","0","0.4340277777777778","0","162","2022-05-17T22:27:00.000Z","1652826420",
"2551","22b77d7829c68dcd","E2:1F:7B:35:CC:08","6.172839506172839","0","0.4340277777777778","0","162","2022-05-17T22:28:00.000Z","1652826480",
"2551","22b77d7829c68dcd","E2:1F:7B:35:CC:08","4.938271604938271","0","0.45955882352941174","0","162","2022-05-17T22:29:00.000Z","1652826540",
"2551","22b77d7829c68dcd","E2:1F:7B:35:CC:08","6.172839506172839","0","0.45955882352941174","0","162","2022-05-17T22:30:00.000Z","1652826600",
"2551","22b77d7829c68dcd","E2:1F:7B:35:CC:08","6.172839506172839","0","0.4734848484848485","0","162","2022-05-17T22:31:00.000Z","1652826660",
"2551","22b77d7829c68dcd","E2:1F:7B:35:CC:08","4.938271604938271","0","0.48828125","0","162","2022-05-17T22:32:00.000Z","1652826720",
"2551","22b77d7829c68dcd","E2:1F:7B:35:CC:08","4.938271604938271","0","0.48828125","0","162","2022-05-17T22:33:00.000Z","1652826780",
"2551","22b77d7829c68dcd","E2:1F:7B:35:CC:08","3.7037037037037037","0","0.5040322580645161","0","162","2022-05-17T22:34:00.000Z","1652826840",
"2551","22b77d7829c68dcd","E2:1F:7B:35:CC:08","3.7037037037037037","0","0.5040322580645161","0","162","2022-05-17T22:35:00.000Z","1652826900",
"2551","22b77d7829c68dcd","E2:1F:7B:35:CC:08","6.172839506172839","0","0.5208333333333334","0","162","2022-05-17T22:36:00.000Z","1652826960",
"2551","22b77d7829c68dcd","E2:1F:7B:35:CC:08","3.7037037037037037","0","0.5208333333333334","0","162","2022-05-17T22:37:00.000Z","1652827020",
"2551","22b77d7829c68dcd","E2:1F:7B:35:CC:08","4.938271604938271","0","0.5387931034482759","0","162","2022-05-17T22:38:00.000Z","1652827080",
"2551","22b77d7829c68dcd","E2:1F:7B:35:CC:08","4.938271604938271","0","0.5387931034482759","0","162","2022-05-17T22:39:00.000Z","1652827140",
"2551","22b77d7829c68dcd","E2:1F:7B:35:CC:08","3.7037037037037037","0","0.5580357142857143","0","162","2022-05-17T22:40:00.000Z","1652827200",
"2551","22b77d7829c68dcd","E2:1F:7B:35:CC:08","4.938271604938271","0","0.5580357142857143","0","162","2022-05-17T22:41:00.000Z","1652827260",
"2551","22b77d7829c68dcd","E2:1F:7B:35:CC:08","3.7037037037037037","0","0.5787037037037037","0","162","2022-05-17T22:42:00.000Z","1652827320",
"2551","22b77d7829c68dcd","E2:1F:7B:35:CC:08","3.7037037037037037","0","0.5787037037037037","0","162","2022-05-17T22:43:00.000Z","1652827380",
"2551","22b77d7829c68dcd","E2:1F:7B:35:CC:08","3.7037037037037037","0","0.5787037037037037","0","162","2022-05-17T22:44:00.000Z","1652827440",
"2551","22b77d7829c68dcd","E2:1F:7B:35:CC:08","3.7037037037037037","0","0.6009615384615384","0","162","2022-05-17T22:45:00.000Z","1652827500",
"2551","22b77d7829c68dcd","E2:1F:7B:35:CC:08","4.938271604938271","0","0.6009615384615384","0","162","2022-05-17T22:46:00.000Z","1652827560",
"2551","22b77d7829c68dcd","E2:1F:7B:35:CC:08","4.938271604938271","0","0.6009615384615384","0","162","2022-05-17T22:47:00.000Z","1652827620",
"2551","22b77d7829c68dcd","E2:1F:7B:35:CC:08","19.753086419753085","4","0.44642857142857145","0","162","2022-05-17T22:48:00.000Z","1652827680",
"2551","22b77d7829c68dcd","E2:1F:7B:35:CC:08","34.5679012345679","3","0.5040322580645161","0","162","2022-05-17T22:49:00.000Z","1652827740",
"2551","22b77d7829c68dcd","E2:1F:7B:35:CC:08","22.22222222222222","0","0.294811320754717","1","162","2022-05-17T22:50:00.000Z","1652827800",
"2551","22b77d7829c68dcd","E2:1F:7B:35:CC:08","28.395061728395063","1","0.3472222222222222","0","162","2022-05-17T22:51:00.000Z","1652827860",
"2551","22b77d7829c68dcd","E2:1F:7B:35:CC:08","14.814814814814815","0","0.3633720930232558","0","162","2022-05-17T22:52:00.000Z","1652827920",
"2551","22b77d7829c68dcd","E2:1F:7B:35:CC:08","8.641975308641975","0","0.38109756097560976","0","162","2022-05-17T22:53:00.000Z","1652827980",
"2551","22b77d7829c68dcd","E2:1F:7B:35:CC:08","6.172839506172839","0","0.390625","0","162","2022-05-17T22:54:00.000Z","1652828040",
"2551","22b77d7829c68dcd","E2:1F:7B:35:CC:08","3.7037037037037037","0","0.40064102564102566","0","162","2022-05-17T22:55:00.000Z","1652828100",
"2551","22b77d7829c68dcd","E2:1F:7B:35:CC:08","3.7037037037037037","0","0.41118421052631576","0","162","2022-05-17T22:56:00.000Z","1652828160",
"2551","22b77d7829c68dcd","E2:1F:7B:35:CC:08","3.7037037037037037","0","0.4222972972972973","0","162","2022-05-17T22:57:00.000Z","1652828220",
"2551","22b77d7829c68dcd","E2:1F:7B:35:CC:08","2.4691358024691357","0","0.4222972972972973","0","162","2022-05-17T22:58:00.000Z","1652828280",
"2551","22b77d7829c68dcd","E2:1F:7B:35:CC:08","3.7037037037037037","0","0.4340277777777778","0","162","2022-05-17T22:59:00.000Z","1652828340",
"2551","22b77d7829c68dcd","E2:1F:7B:35:CC:08","2.4691358024691357","0","0.44642857142857145","0","162","2022-05-17T23:00:00.000Z","1652828400",
"2551","22b77d7829c68dcd","E2:1F:7B:35:CC:08","2.4691358024691357","0","0.44642857142857145","0","162","2022-05-17T23:01:00.000Z","1652828460",
"2551","22b77d7829c68dcd","E2:1F:7B:35:CC:08","2.4691358024691357","0","0.45955882352941174","0","162","2022-05-17T23:02:00.000Z","1652828520",
"2551","22b77d7829c68dcd","E2:1F:7B:35:CC:08","2.4691358024691357","0","0.45955882352941174","0","162","2022-05-17T23:03:00.000Z","1652828580",
"2551","22b77d7829c68dcd","E2:1F:7B:35:CC:08","2.4691358024691357","0","0.4734848484848485","0","162","2022-05-17T23:04:00.000Z","1652828640",
"2551","22b77d7829c68dcd","E2:1F:7B:35:CC:08","2.4691358024691357","0","0.4734848484848485","0","162","2022-05-17T23:05:00.000Z","1652828700",
"2551","22b77d7829c68dcd","E2:1F:7B:35:CC:08","2.4691358024691357","0","0.48828125","0","162","2022-05-17T23:06:00.000Z","1652828760",
"2551","22b77d7829c68dcd","E2:1F:7B:35:CC:08","2.4691358024691357","0","0.48828125","0","162","2022-05-17T23:07:00.000Z","1652828820",
"2551","22b77d7829c68dcd","E2:1F:7B:35:CC:08","2.4691358024691357","0","0.5040322580645161","0","162","2022-05-17T23:08:00.000Z","1652828880",
"2551","22b77d7829c68dcd","E2:1F:7B:35:CC:08","2.4691358024691357","0","0.5040322580645161","0","162","2022-05-17T23:09:00.000Z","1652828940",
"2551","22b77d7829c68dcd","E2:1F:7B:35:CC:08","11.11111111111111","1","0.5208333333333334","0","162","2022-05-17T23:10:00.000Z","1652829000",
"2551","22b77d7829c68dcd","E2:1F:7B:35:CC:08","6.172839506172839","0","0.5387931034482759","0","162","2022-05-17T23:11:00.000Z","1652829060",
"2551","22b77d7829c68dcd","E2:1F:7B:35:CC:08","3.7037037037037037","0","0.5387931034482759","0","162","2022-05-17T23:12:00.000Z","1652829120",
"2551","22b77d7829c68dcd","E2:1F:7B:35:CC:08","2.4691358024691357","0","0.5580357142857143","0","162","2022-05-17T23:13:00.000Z","1652829180",
"2551","22b77d7829c68dcd","E2:1F:7B:35:CC:08","2.4691358024691357","0","0.5580357142857143","0","162","2022-05-17T23:14:00.000Z","1652829240",
"2551","22b77d7829c68dcd","E2:1F:7B:35:CC:08","2.4691358024691357","0","0.5580357142857143","0","162","2022-05-17T23:15:00.000Z","1652829300",
"2551","22b77d7829c68dcd","E2:1F:7B:35:CC:08","4.938271604938271","0","0.5580357142857143","0","162","2022-05-17T23:16:00.000Z","1652829360",
"2551","22b77d7829c68dcd","E2:1F:7B:35:CC:08","4.938271604938271","0","0.5787037037037037","0","162","2022-05-17T23:17:00.000Z","1652829420",
"2551","22b77d7829c68dcd","E2:1F:7B:35:CC:08","2.4691358024691357","0","0.5787037037037037","0","162","2022-05-17T23:18:00.000Z","1652829480",
"2551","22b77d7829c68dcd","E2:1F:7B:35:CC:08","2.4691358024691357","0","0.5787037037037037","0","162","2022-05-17T23:19:00.000Z","1652829540",
"2551","22b77d7829c68dcd","E2:1F:7B:35:CC:08","2.4691358024691357","0","0.5787037037037037","0","162","2022-05-17T23:20:00.000Z","1652829600",
"2551","22b77d7829c68dcd","E2:1F:7B:35:CC:08","2.4691358024691357","0","0.6009615384615384","0","162","2022-05-17T23:21:00.000Z","1652829660",
"2551","22b77d7829c68dcd","E2:1F:7B:35:CC:08","2.4691358024691357","0","0.6009615384615384","0","162","2022-05-17T23:22:00.000Z","1652829720",
"2551","22b77d7829c68dcd","E2:1F:7B:35:CC:08","7.407407407407407","0","0.5580357142857143","0","162","2022-05-17T23:23:00.000Z","1652829780",
"2551","22b77d7829c68dcd","E2:1F:7B:35:CC:08","7.407407407407407","0","0.5387931034482759","0","162","2022-05-17T23:24:00.000Z","1652829840",
"2551","22b77d7829c68dcd","E2:1F:7B:35:CC:08","13.580246913580247","0","0.5208333333333334","0","162","2022-05-17T23:25:00.000Z","1652829900",
"2551","22b77d7829c68dcd","E2:1F:7B:35:CC:08","8.641975308641975","1","0.4340277777777778","1","162","2022-05-17T23:26:00.000Z","1652829960",
"2551","22b77d7829c68dcd","E2:1F:7B:35:CC:08","9.876543209876543","0","0.8223684210526315","0","162","2022-05-17T23:27:00.000Z","1652830020",
"2551","22b77d7829c68dcd","E2:1F:7B:35:CC:08","9.876543209876543","0","0.8680555555555556","0","162","2022-05-17T23:28:00.000Z","1652830080",
"2551","22b77d7829c68dcd","E2:1F:7B:35:CC:08","7.407407407407407","0","0.9191176470588235","0","162","2022-05-17T23:29:00.000Z","1652830140",
"2551","22b77d7829c68dcd","E2:1F:7B:35:CC:08","3.7037037037037037","0","0.9191176470588235","0","162","2022-05-17T23:30:00.000Z","1652830200",
"2551","22b77d7829c68dcd","E2:1F:7B:35:CC:08","2.4691358024691357","0","0.9765625","0","162","2022-05-17T23:31:00.000Z","1652830260",
"2551","22b77d7829c68dcd","E2:1F:7B:35:CC:08","2.4691358024691357","0","0.9765625","0","162","2022-05-17T23:32:00.000Z","1652830320",
"2551","22b77d7829c68dcd","E2:1F:7B:35:CC:08","2.4691358024691357","0","1.0416666666666667","0","162","2022-05-17T23:33:00.000Z","1652830380",
"2551","22b77d7829c68dcd","E2:1F:7B:35:CC:08","2.4691358024691357","0","1.0416666666666667","0","162","2022-05-17T23:34:00.000Z","1652830440",
"2551","22b77d7829c68dcd","E2:1F:7B:35:CC:08","2.4691358024691357","0","1.0416666666666667","0","162","2022-05-17T23:35:00.000Z","1652830500",
"2551","22b77d7829c68dcd","E2:1F:7B:35:CC:08","2.4691358024691357","0","1.1160714285714286","0","162","2022-05-17T23:36:00.000Z","1652830560",
"2551","22b77d7829c68dcd","E2:1F:7B:35:CC:08","2.4691358024691357","0","1.1160714285714286","0","162","2022-05-17T23:37:00.000Z","1652830620",
"2551","22b77d7829c68dcd","E2:1F:7B:35:CC:08","8.641975308641975","0","1.1160714285714286","0","162","2022-05-17T23:38:00.000Z","1652830680",
"2551","22b77d7829c68dcd","E2:1F:7B:35:CC:08","18.51851851851852","0","1.2019230769230769","0","162","2022-05-17T23:39:00.000Z","1652830740",
"2551","22b77d7829c68dcd","E2:1F:7B:35:CC:08","7.407407407407407","0","1.2019230769230769","0","162","2022-05-17T23:40:00.000Z","1652830800",
"2551","22b77d7829c68dcd","E2:1F:7B:35:CC:08","3.7037037037037037","0","1.2019230769230769","0","162","2022-05-17T23:41:00.000Z","1652830860",
"2551","22b77d7829c68dcd","E2:1F:7B:35:CC:08","3.7037037037037037","0","1.3020833333333333","0","162","2022-05-17T23:42:00.000Z","1652830920",
"2551","22b77d7829c68dcd","E2:1F:7B:35:CC:08","2.4691358024691357","0","1.3020833333333333","0","162","2022-05-17T23:43:00.000Z","1652830980",
"2551","22b77d7829c68dcd","E2:1F:7B:35:CC:08","3.7037037037037037","0","1.3020833333333333","0","162","2022-05-17T23:44:00.000Z","1652831040",
"2551","22b77d7829c68dcd","E2:1F:7B:35:CC:08","3.7037037037037037","0","1.3020833333333333","0","162","2022-05-17T23:45:00.000Z","1652831100",
"2551","22b77d7829c68dcd","E2:1F:7B:35:CC:08","6.172839506172839","0","0.625","0","162","2022-05-17T23:46:00.000Z","1652831160",
"2551","22b77d7829c68dcd","E2:1F:7B:35:CC:08","12.345679012345679","0","0.6009615384615384","0","162","2022-05-17T23:47:00.000Z","1652831220",
"2551","22b77d7829c68dcd","E2:1F:7B:35:CC:08","11.11111111111111","0","0.5787037037037037","0","162","2022-05-17T23:48:00.000Z","1652831280",
"2551","22b77d7829c68dcd","E2:1F:7B:35:CC:08","8.641975308641975","0","0.5580357142857143","0","162","2022-05-17T23:49:00.000Z","1652831340",
"2551","22b77d7829c68dcd","E2:1F:7B:35:CC:08","7.407407407407407","0","0.5580357142857143","0","162","2022-05-17T23:50:00.000Z","1652831400",
"2551","22b77d7829c68dcd","E2:1F:7B:35:CC:08","7.407407407407407","0","0.5387931034482759","0","162","2022-05-17T23:51:00.000Z","1652831460",
"2551","22b77d7829c68dcd","E2:1F:7B:35:CC:08","6.172839506172839","0","0.5387931034482759","0","162","2022-05-17T23:52:00.000Z","1652831520",
"2551","22b77d7829c68dcd","E2:1F:7B:35:CC:08","7.407407407407407","0","0.5208333333333334","0","162","2022-05-17T23:53:00.000Z","1652831580",
"2551","22b77d7829c68dcd","E2:1F:7B:35:CC:08","6.172839506172839","0","0.5208333333333334","0","162","2022-05-17T23:54:00.000Z","1652831640",
"2551","22b77d7829c68dcd","E2:1F:7B:35:CC:08","6.172839506172839","0","0.5040322580645161","0","162","2022-05-17T23:55:00.000Z","1652831700",
"2551","22b77d7829c68dcd","E2:1F:7B:35:CC:08","4.938271604938271","0","0.5040322580645161","0","162","2022-05-17T23:56:00.000Z","1652831760",
"2551","22b77d7829c68dcd","E2:1F:7B:35:CC:08","4.938271604938271","0","0.5040322580645161","0","162","2022-05-17T23:57:00.000Z","1652831820",
"2551","22b77d7829c68dcd","E2:1F:7B:35:CC:08","3.7037037037037037","0","0.5040322580645161","0","162","2022-05-17T23:58:00.000Z","1652831880",
"2551","22b77d7829c68dcd","E2:1F:7B:35:CC:08","3.7037037037037037","0","0.5040322580645161","0","162","2022-05-17T23:59:00.000Z","1652831940",
"2551","22b77d7829c68dcd","E2:1F:7B:35:CC:08","3.7037037037037037","0","0.48828125","0","162","2022-05-18T00:00:00.000Z","1652832000",
"2551","22b77d7829c68dcd","E2:1F:7B:35:CC:08","3.7037037037037037","0","0.48828125","0","162","2022-05-18T00:01:00.000Z","1652832060",
"2551","22b77d7829c68dcd","E2:1F:7B:35:CC:08","3.7037037037037037","0","0.48828125","0","162","2022-05-18T00:02:00.000Z","1652832120",
"2551","22b77d7829c68dcd","E2:1F:7B:35:CC:08","3.7037037037037037","0","0.48828125","0","162","2022-05-18T00:03:00.000Z","1652832180",
"2551","22b77d7829c68dcd","E2:1F:7B:35:CC:08","3.7037037037037037","0","0.48828125","0","162","2022-05-18T00:04:00.000Z","1652832240",
"2551","22b77d7829c68dcd","E2:1F:7B:35:CC:08","3.7037037037037037","0","0.48828125","0","162","2022-05-18T00:05:00.000Z","1652832300",
"2551","22b77d7829c68dcd","E2:1F:7B:35:CC:08","3.7037037037037037","0","0.48828125","0","162","2022-05-18T00:06:00.000Z","1652832360",
"2551","22b77d7829c68dcd","E2:1F:7B:35:CC:08","3.7037037037037037","0","0.4734848484848485","0","162","2022-05-18T00:07:00.000Z","1652832420",
"2551","22b77d7829c68dcd","E2:1F:7B:35:CC:08","3.7037037037037037","0","0.4734848484848485","0","162","2022-05-18T00:08:00.000Z","1652832480",
"2551","22b77d7829c68dcd","E2:1F:7B:35:CC:08","3.7037037037037037","0","0.4734848484848485","0","162","2022-05-18T00:09:00.000Z","1652832540",
"2551","22b77d7829c68dcd","E2:1F:7B:35:CC:08","3.7037037037037037","0","0.45955882352941174","2","162","2022-05-18T00:10:00.000Z","1652832600",
"2551","22b77d7829c68dcd","E2:1F:7B:35:CC:08","13.580246913580247","1","0.48828125","4","162","2022-05-18T00:11:00.000Z","1652832660",
"2551","22b77d7829c68dcd","E2:1F:7B:35:CC:08","22.22222222222222","0","0.48828125","4","162","2022-05-18T00:12:00.000Z","1652832720",
"2551","22b77d7829c68dcd","E2:1F:7B:35:CC:08","9.876543209876543","0","0.5040322580645161","0","162","2022-05-18T00:13:00.000Z","1652832780",
"2551","22b77d7829c68dcd","E2:1F:7B:35:CC:08","3.7037037037037037","0","0.5040322580645161","0","162","2022-05-18T00:14:00.000Z","1652832840",
"2551","22b77d7829c68dcd","E2:1F:7B:35:CC:08","6.172839506172839","0","0.5040322580645161","1","162","2022-05-18T00:15:00.000Z","1652832900",
"2551","22b77d7829c68dcd","E2:1F:7B:35:CC:08","3.7037037037037037","0","0.5208333333333334","0","162","2022-05-18T00:16:00.000Z","1652832960",
"2551","22b77d7829c68dcd","E2:1F:7B:35:CC:08","2.4691358024691357","0","0.5208333333333334","0","162","2022-05-18T00:17:00.000Z","1652833020",
"2551","22b77d7829c68dcd","E2:1F:7B:35:CC:08","2.4691358024691357","0","0.5208333333333334","0","162","2022-05-18T00:18:00.000Z","1652833080",
"2551","22b77d7829c68dcd","E2:1F:7B:35:CC:08","2.4691358024691357","0","0.5208333333333334","0","162","2022-05-18T00:19:00.000Z","1652833140",
"2551","22b77d7829c68dcd","E2:1F:7B:35:CC:08","2.4691358024691357","0","0.5208333333333334","0","162","2022-05-18T00:20:00.000Z","1652833200",
"2551","22b77d7829c68dcd","E2:1F:7B:35:CC:08","2.4691358024691357","0","0.5208333333333334","0","162","2022-05-18T00:21:00.000Z","1652833260",
"2551","22b77d7829c68dcd","E2:1F:7B:35:CC:08","2.4691358024691357","0","0.5387931034482759","0","162","2022-05-18T00:22:00.000Z","1652833320",
"2551","22b77d7829c68dcd","E2:1F:7B:35:CC:08","4.938271604938271","0","0.45955882352941174","1","162","2022-05-18T00:23:00.000Z","1652833380",
"2551","22b77d7829c68dcd","E2:1F:7B:35:CC:08","9.876543209876543","1","0.3324468085106383","0","162","2022-05-18T00:24:00.000Z","1652833440",
"2551","22b77d7829c68dcd","E2:1F:7B:35:CC:08","28.395061728395063","2","0.390625","0","162","2022-05-18T00:25:00.000Z","1652833500",
"2551","22b77d7829c68dcd","E2:1F:7B:35:CC:08","22.22222222222222","0","0.41118421052631576","0","162","2022-05-18T00:26:00.000Z","1652833560",
"2551","22b77d7829c68dcd","E2:1F:7B:35:CC:08","16.049382716049383","0","0.44642857142857145","0","162","2022-05-18T00:27:00.000Z","1652833620",
"2551","22b77d7829c68dcd","E2:1F:7B:35:CC:08","11.11111111111111","0","0.4734848484848485","0","162","2022-05-18T00:28:00.000Z","1652833680",
"2551","22b77d7829c68dcd","E2:1F:7B:35:CC:08","7.407407407407407","0","0.48828125","0","162","2022-05-18T00:29:00.000Z","1652833740",
"2551","22b77d7829c68dcd","E2:1F:7B:35:CC:08","4.938271604938271","0","0.48828125","0","162","2022-05-18T00:30:00.000Z","1652833800",
"2551","22b77d7829c68dcd","E2:1F:7B:35:CC:08","4.938271604938271","0","0.5040322580645161","0","162","2022-05-18T00:31:00.000Z","1652833860",
"2551","22b77d7829c68dcd","E2:1F:7B:35:CC:08","6.172839506172839","0","0.5208333333333334","0","162","2022-05-18T00:32:00.000Z","1652833920",
"2551","22b77d7829c68dcd","E2:1F:7B:35:CC:08","9.876543209876543","1","0.45955882352941174","0","162","2022-05-18T00:33:00.000Z","1652833980",
"2551","22b77d7829c68dcd","E2:1F:7B:35:CC:08","13.580246913580247","0","0.3255208333333333","0","162","2022-05-18T00:34:00.000Z","1652834040",
"2551","22b77d7829c68dcd","E2:1F:7B:35:CC:08","25.925925925925927","4","0.2403846153846154","0","162","2022-05-18T00:35:00.000Z","1652834100",
"2551","22b77d7829c68dcd","E2:1F:7B:35:CC:08","23.45679012345679","0","0.25614754098360654","0","162","2022-05-18T00:36:00.000Z","1652834160",
"2551","22b77d7829c68dcd","E2:1F:7B:35:CC:08","12.345679012345679","0","0.2648305084745763","0","162","2022-05-18T00:37:00.000Z","1652834220",
"2551","22b77d7829c68dcd","E2:1F:7B:35:CC:08","6.172839506172839","0","0.26939655172413796","0","162","2022-05-18T00:38:00.000Z","1652834280",
"2551","22b77d7829c68dcd","E2:1F:7B:35:CC:08","3.7037037037037037","0","0.2741228070175439","0","162","2022-05-18T00:39:00.000Z","1652834340",
"2551","22b77d7829c68dcd","E2:1F:7B:35:CC:08","3.7037037037037037","0","0.27901785714285715","0","162","2022-05-18T00:40:00.000Z","1652834400",
"2551","22b77d7829c68dcd","E2:1F:7B:35:CC:08","3.7037037037037037","0","0.27901785714285715","0","162","2022-05-18T00:41:00.000Z","1652834460",
"2551","22b77d7829c68dcd","E2:1F:7B:35:CC:08","4.938271604938271","0","0.2840909090909091","0","162","2022-05-18T00:42:00.000Z","1652834520",
"2551","22b77d7829c68dcd","E2:1F:7B:35:CC:08","3.7037037037037037","0","0.20292207792207792","0","162","2022-05-18T00:43:00.000Z","1652834580",
"2551","22b77d7829c68dcd","E2:1F:7B:35:CC:08","24.691358024691358","5","0.1953125","0","162","2022-05-18T00:44:00.000Z","1652834640",
"2551","22b77d7829c68dcd","E2:1F:7B:35:CC:08","14.814814814814815","0","0.19778481012658228","0","162","2022-05-18T00:45:00.000Z","1652834700",
"2551","22b77d7829c68dcd","E2:1F:7B:35:CC:08","9.876543209876543","0","0.20559210526315788","0","162","2022-05-18T00:46:00.000Z","1652834760",
"2551","22b77d7829c68dcd","E2:1F:7B:35:CC:08","6.172839506172839","0","0.20833333333333334","0","162","2022-05-18T00:47:00.000Z","1652834820",
"2551","22b77d7829c68dcd","E2:1F:7B:35:CC:08","6.172839506172839","0","0.19778481012658228","0","162","2022-05-18T00:48:00.000Z","1652834880",
"2551","22b77d7829c68dcd","E2:1F:7B:35:CC:08","27.160493827160494","2","0.2840909090909091","0","162","2022-05-18T00:49:00.000Z","1652834940",
"2551","22b77d7829c68dcd","E2:1F:7B:35:CC:08","23.45679012345679","0","0.30637254901960786","0","162","2022-05-18T00:50:00.000Z","1652835000",
"2551","22b77d7829c68dcd","E2:1F:7B:35:CC:08","22.22222222222222","0","0.2741228070175439","19","162","2022-05-18T00:51:00.000Z","1652835060",
"2551","22b77d7829c68dcd","E2:1F:7B:35:CC:08","40.74074074074074","7","0.3472222222222222","0","162","2022-05-18T00:52:00.000Z","1652835120",
"2551","22b77d7829c68dcd","E2:1F:7B:35:CC:08","29.62962962962963","0","0.390625","0","162","2022-05-18T00:53:00.000Z","1652835180",
"2551","22b77d7829c68dcd","E2:1F:7B:35:CC:08","19.753086419753085","0","0.4222972972972973","0","162","2022-05-18T00:54:00.000Z","1652835240",
"2551","22b77d7829c68dcd","E2:1F:7B:35:CC:08","14.814814814814815","0","0.44642857142857145","0","162","2022-05-18T00:55:00.000Z","1652835300",
"2551","22b77d7829c68dcd","E2:1F:7B:35:CC:08","11.11111111111111","0","0.4734848484848485","0","162","2022-05-18T00:56:00.000Z","1652835360",
"2551","22b77d7829c68dcd","E2:1F:7B:35:CC:08","8.641975308641975","0","0.48828125","0","162","2022-05-18T00:57:00.000Z","1652835420",
"2551","22b77d7829c68dcd","E2:1F:7B:35:CC:08","7.407407407407407","0","0.5040322580645161","0","162","2022-05-18T00:58:00.000Z","1652835480",
"2551","22b77d7829c68dcd","E2:1F:7B:35:CC:08","6.172839506172839","0","0.5208333333333334","0","162","2022-05-18T00:59:00.000Z","1652835540",
"2551","22b77d7829c68dcd","E2:1F:7B:35:CC:08","4.938271604938271","0","0.5387931034482759","0","162","2022-05-18T01:00:00.000Z","1652835600",
"2551","22b77d7829c68dcd","E2:1F:7B:35:CC:08","8.641975308641975","0","0.6009615384615384","0","162","2022-05-18T01:01:00.000Z","1652835660",
"2551","22b77d7829c68dcd","E2:1F:7B:35:CC:08","7.407407407407407","0","0.625","0","162","2022-05-18T01:02:00.000Z","1652835720",
"2551","22b77d7829c68dcd","E2:1F:7B:35:CC:08","4.938271604938271","0","0.625","0","162","2022-05-18T01:03:00.000Z","1652835780",
"2551","22b77d7829c68dcd","E2:1F:7B:35:CC:08","3.7037037037037037","0","0.6510416666666666","0","162","2022-05-18T01:04:00.000Z","1652835840",
"2551","22b77d7829c68dcd","E2:1F:7B:35:CC:08","3.7037037037037037","0","0.6793478260869565","0","162","2022-05-18T01:05:00.000Z","1652835900",
"2551","22b77d7829c68dcd","E2:1F:7B:35:CC:08","2.4691358024691357","0","0.6793478260869565","0","162","2022-05-18T01:06:00.000Z","1652835960",
"2551","22b77d7829c68dcd","E2:1F:7B:35:CC:08","2.4691358024691357","0","0.7102272727272727","0","162","2022-05-18T01:07:00.000Z","1652836020",
"2551","22b77d7829c68dcd","E2:1F:7B:35:CC:08","2.4691358024691357","0","0.7102272727272727","0","162","2022-05-18T01:08:00.000Z","1652836080",
"2551","22b77d7829c68dcd","E2:1F:7B:35:CC:08","2.4691358024691357","0","0.7440476190476191","0","162","2022-05-18T01:09:00.000Z","1652836140",
"2551","22b77d7829c68dcd","E2:1F:7B:35:CC:08","2.4691358024691357","0","0.7440476190476191","0","162","2022-05-18T01:10:00.000Z","1652836200",
"2551","22b77d7829c68dcd","E2:1F:7B:35:CC:08","2.4691358024691357","0","0.78125","0","162","2022-05-18T01:11:00.000Z","1652836260",
"2551","22b77d7829c68dcd","E2:1F:7B:35:CC:08","2.4691358024691357","0","0.78125","0","162","2022-05-18T01:12:00.000Z","1652836320",
"2551","22b77d7829c68dcd","E2:1F:7B:35:CC:08","2.4691358024691357","0","0.78125","0","162","2022-05-18T01:13:00.000Z","1652836380",
"2551","22b77d7829c68dcd","E2:1F:7B:35:CC:08","2.4691358024691357","0","0.8223684210526315","0","162","2022-05-18T01:14:00.000Z","1652836440",
"2551","22b77d7829c68dcd","E2:1F:7B:35:CC:08","2.4691358024691357","0","0.8223684210526315","0","162","2022-05-18T01:15:00.000Z","1652836500",
"2551","22b77d7829c68dcd","E2:1F:7B:35:CC:08","2.4691358024691357","0","0.8223684210526315","0","162","2022-05-18T01:16:00.000Z","1652836560",
"2551","22b77d7829c68dcd","E2:1F:7B:35:CC:08","2.4691358024691357","0","0.8680555555555556","0","162","2022-05-18T01:17:00.000Z","1652836620",
"2551","22b77d7829c68dcd","E2:1F:7B:35:CC:08","2.4691358024691357","0","0.8680555555555556","0","162","2022-05-18T01:18:00.000Z","1652836680",
"2551","22b77d7829c68dcd","E2:1F:7B:35:CC:08","2.4691358024691357","0","0.8680555555555556","0","162","2022-05-18T01:19:00.000Z","1652836740",
"2551","22b77d7829c68dcd","E2:1F:7B:35:CC:08","2.4691358024691357","0","0.8680555555555556","0","162","2022-05-18T01:20:00.000Z","1652836800",
"2551","22b77d7829c68dcd","E2:1F:7B:35:CC:08","2.4691358024691357","0","0.9191176470588235","0","162","2022-05-18T01:21:00.000Z","1652836860",
"2551","22b77d7829c68dcd","E2:1F:7B:35:CC:08","2.4691358024691357","0","0.9191176470588235","0","162","2022-05-18T01:22:00.000Z","1652836920",
"2551","22b77d7829c68dcd","E2:1F:7B:35:CC:08","2.4691358024691357","0","0.9191176470588235","0","162","2022-05-18T01:23:00.000Z","1652836980",
"2551","22b77d7829c68dcd","E2:1F:7B:35:CC:08","2.4691358024691357","0","0.9191176470588235","0","162","2022-05-18T01:24:00.000Z","1652837040",
"2551","22b77d7829c68dcd","E2:1F:7B:35:CC:08","2.4691358024691357","0","0.9765625","0","162","2022-05-18T01:25:00.000Z","1652837100",
"2551","22b77d7829c68dcd","E2:1F:7B:35:CC:08","2.4691358024691357","0","0.9765625","0","162","2022-05-18T01:26:00.000Z","1652837160",
"2551","22b77d7829c68dcd","E2:1F:7B:35:CC:08","2.4691358024691357","0","0.9765625","0","162","2022-05-18T01:27:00.000Z","1652837220",
"2551","22b77d7829c68dcd","E2:1F:7B:35:CC:08","3.7037037037037037","0","0.9765625","0","162","2022-05-18T01:28:00.000Z","1652837280",
"2551","22b77d7829c68dcd","E2:1F:7B:35:CC:08","2.4691358024691357","0","0.9765625","0","162","2022-05-18T01:29:00.000Z","1652837340",
"2551","22b77d7829c68dcd","E2:1F:7B:35:CC:08","3.7037037037037037","0","1.0416666666666667","0","162","2022-05-18T01:30:00.000Z","1652837400",
"2551","22b77d7829c68dcd","E2:1F:7B:35:CC:08","2.4691358024691357","0","1.0416666666666667","0","162","2022-05-18T01:31:00.000Z","1652837460",
"2551","22b77d7829c68dcd","E2:1F:7B:35:CC:08","2.4691358024691357","0","1.0416666666666667","0","162","2022-05-18T01:32:00.000Z","1652837520",
"2551","22b77d7829c68dcd","E2:1F:7B:35:CC:08","3.7037037037037037","0","1.0416666666666667","0","162","2022-05-18T01:33:00.000Z","1652837580",
"2551","22b77d7829c68dcd","E2:1F:7B:35:CC:08","3.7037037037037037","0","1.0416666666666667","0","162","2022-05-18T01:34:00.000Z","1652837640",
"2551","22b77d7829c68dcd","E2:1F:7B:35:CC:08","3.7037037037037037","0","1.0416666666666667","0","162","2022-05-18T01:35:00.000Z","1652837700",
"2551","22b77d7829c68dcd","E2:1F:7B:35:CC:08","3.7037037037037037","0","1.1160714285714286","0","162","2022-05-18T01:36:00.000Z","1652837760",
"2551","22b77d7829c68dcd","E2:1F:7B:35:CC:08","3.7037037037037037","0","1.1160714285714286","0","162","2022-05-18T01:37:00.000Z","1652837820",
"2551","22b77d7829c68dcd","E2:1F:7B:35:CC:08","3.7037037037037037","0","1.1160714285714286","0","162","2022-05-18T01:38:00.000Z","1652837880",
"2551","22b77d7829c68dcd","E2:1F:7B:35:CC:08","3.7037037037037037","0","1.1160714285714286","0","162","2022-05-18T01:39:00.000Z","1652837940",
"2551","22b77d7829c68dcd","E2:1F:7B:35:CC:08","3.7037037037037037","0","1.1160714285714286","0","162","2022-05-18T01:40:00.000Z","1652838000",
"2551","22b77d7829c68dcd","E2:1F:7B:35:CC:08","3.7037037037037037","0","1.1160714285714286","0","162","2022-05-18T01:41:00.000Z","1652838060",
"2551","22b77d7829c68dcd","E2:1F:7B:35:CC:08","3.7037037037037037","0","1.1160714285714286","0","162","2022-05-18T01:42:00.000Z","1652838120",
"2551","22b77d7829c68dcd","E2:1F:7B:35:CC:08","3.7037037037037037","0","1.2019230769230769","0","162","2022-05-18T01:43:00.000Z","1652838180",
"2551","22b77d7829c68dcd","E2:1F:7B:35:CC:08","3.7037037037037037","0","1.2019230769230769","0","162","2022-05-18T01:44:00.000Z","1652838240",
"2551","22b77d7829c68dcd","E2:1F:7B:35:CC:08","3.7037037037037037","0","1.2019230769230769","0","162","2022-05-18T01:45:00.000Z","1652838300",
"2551","22b77d7829c68dcd","E2:1F:7B:35:CC:08","3.7037037037037037","0","1.2019230769230769","0","162","2022-05-18T01:46:00.000Z","1652838360",
"2551","22b77d7829c68dcd","E2:1F:7B:35:CC:08","4.938271604938271","0","1.2019230769230769","0","162","2022-05-18T01:47:00.000Z","1652838420",
"2551","22b77d7829c68dcd","E2:1F:7B:35:CC:08","4.938271604938271","0","1.2019230769230769","0","162","2022-05-18T01:48:00.000Z","1652838480",
"2551","22b77d7829c68dcd","E2:1F:7B:35:CC:08","3.7037037037037037","0","1.2019230769230769","0","162","2022-05-18T01:49:00.000Z","1652838540",
"2551","22b77d7829c68dcd","E2:1F:7B:35:CC:08","4.938271604938271","0","1.2019230769230769","0","162","2022-05-18T01:50:00.000Z","1652838600",
"2551","22b77d7829c68dcd","E2:1F:7B:35:CC:08","6.172839506172839","0","0.44642857142857145","1","162","2022-05-18T01:51:00.000Z","1652838660",
"2551","22b77d7829c68dcd","E2:1F:7B:35:CC:08","39.50617283950617","4","0.5580357142857143","0","162","2022-05-18T01:52:00.000Z","1652838720",
"2551","22b77d7829c68dcd","E2:1F:7B:35:CC:08","20.987654320987655","0","0.6009615384615384","0","162","2022-05-18T01:53:00.000Z","1652838780",
"2551","22b77d7829c68dcd","E2:1F:7B:35:CC:08","11.11111111111111","0","0.625","0","162","2022-05-18T01:54:00.000Z","1652838840",
"2551","22b77d7829c68dcd","E2:1F:7B:35:CC:08","17.28395061728395","2","0.40064102564102566","0","162","2022-05-18T01:55:00.000Z","1652838900",
"2551","22b77d7829c68dcd","E2:1F:7B:35:CC:08","28.395061728395063","0","0.44642857142857145","0","162","2022-05-18T01:56:00.000Z","1652838960",
"2551","22b77d7829c68dcd","E2:1F:7B:35:CC:08","17.28395061728395","0","0.40064102564102566","0","162","2022-05-18T01:57:00.000Z","1652839020",
"2551","22b77d7829c68dcd","E2:1F:7B:35:CC:08","27.160493827160494","5","0.41118421052631576","1","162","2022-05-18T01:58:00.000Z","1652839080",
"2551","22b77d7829c68dcd","E2:1F:7B:35:CC:08","45.67901234567901","6","0.4734848484848485","1","162","2022-05-18T01:59:00.000Z","1652839140",
"2551","22b77d7829c68dcd","E2:1F:7B:35:CC:08","30.864197530864196","0","0.5040322580645161","0","162","2022-05-18T02:00:00.000Z","1652839200",
"2551","22b77d7829c68dcd","E2:1F:7B:35:CC:08","13.580246913580247","0","0.5208333333333334","0","162","2022-05-18T02:01:00.000Z","1652839260",
"2551","22b77d7829c68dcd","E2:1F:7B:35:CC:08","7.407407407407407","0","0.5387931034482759","0","162","2022-05-18T02:02:00.000Z","1652839320",
"2551","22b77d7829c68dcd","E2:1F:7B:35:CC:08","4.938271604938271","0","0.5580357142857143","0","162","2022-05-18T02:03:00.000Z","1652839380",
"2551","22b77d7829c68dcd","E2:1F:7B:35:CC:08","2.4691358024691357","0","0.5787037037037037","0","162","2022-05-18T02:04:00.000Z","1652839440",
"2551","22b77d7829c68dcd","E2:1F:7B:35:CC:08","3.7037037037037037","0","0.5787037037037037","0","162","2022-05-18T02:05:00.000Z","1652839500",
"2551","22b77d7829c68dcd","E2:1F:7B:35:CC:08","3.7037037037037037","0","0.5787037037037037","0","162","2022-05-18T02:06:00.000Z","1652839560",
"2551","22b77d7829c68dcd","E2:1F:7B:35:CC:08","2.4691358024691357","0","0.6009615384615384","0","162","2022-05-18T02:07:00.000Z","1652839620",
"2551","22b77d7829c68dcd","E2:1F:7B:35:CC:08","2.4691358024691357","0","0.6009615384615384","0","162","2022-05-18T02:08:00.000Z","1652839680",
"2551","22b77d7829c68dcd","E2:1F:7B:35:CC:08","3.7037037037037037","0","0.3125","0","162","2022-05-18T02:09:00.000Z","1652839740",
"2551","22b77d7829c68dcd","E2:1F:7B:35:CC:08","7.407407407407407","0","0.31887755102040816","0","162","2022-05-18T02:10:00.000Z","1652839800",
"2551","22b77d7829c68dcd","E2:1F:7B:35:CC:08","9.876543209876543","0","0.31887755102040816","0","162","2022-05-18T02:11:00.000Z","1652839860",
"2551","22b77d7829c68dcd","E2:1F:7B:35:CC:08","14.814814814814815","0","0.3255208333333333","1","162","2022-05-18T02:12:00.000Z","1652839920",
"2551","22b77d7829c68dcd","E2:1F:7B:35:CC:08","25.925925925925927","3","0.4734848484848485","0","162","2022-05-18T02:13:00.000Z","1652839980",
"2551","22b77d7829c68dcd","E2:1F:7B:35:CC:08","16.049382716049383","0","0.27901785714285715","0","162","2022-05-18T02:14:00.000Z","1652840040",
"2551","22b77d7829c68dcd","E2:1F:7B:35:CC:08","9.876543209876543","0","0.28935185185185186","0","162","2022-05-18T02:15:00.000Z","1652840100",
"2551","22b77d7829c68dcd","E2:1F:7B:35:CC:08","7.407407407407407","0","0.28935185185185186","0","162","2022-05-18T02:16:00.000Z","1652840160",
"2551","22b77d7829c68dcd","E2:1F:7B:35:CC:08","4.938271604938271","0","0.294811320754717","0","162","2022-05-18T02:17:00.000Z","1652840220",
"2551","22b77d7829c68dcd","E2:1F:7B:35:CC:08","4.938271604938271","0","0.294811320754717","0","162","2022-05-18T02:18:00.000Z","1652840280",
"2551","22b77d7829c68dcd","E2:1F:7B:35:CC:08","3.7037037037037037","0","0.294811320754717","0","162","2022-05-18T02:19:00.000Z","1652840340",
"2551","22b77d7829c68dcd","E2:1F:7B:35:CC:08","6.172839506172839","0","0.30637254901960786","0","162","2022-05-18T02:20:00.000Z","1652840400",
"2551","22b77d7829c68dcd","E2:1F:7B:35:CC:08","16.049382716049383","0","0.3324468085106383","0","162","2022-05-18T02:21:00.000Z","1652840460",
"2551","22b77d7829c68dcd","E2:1F:7B:35:CC:08","9.876543209876543","0","0.3324468085106383","0","162","2022-05-18T02:22:00.000Z","1652840520",
"2551","22b77d7829c68dcd","E2:1F:7B:35:CC:08","4.938271604938271","0","0.33967391304347827","0","162","2022-05-18T02:23:00.000Z","1652840580",
"2551","22b77d7829c68dcd","E2:1F:7B:35:CC:08","6.172839506172839","0","0.33967391304347827","0","162","2022-05-18T02:24:00.000Z","1652840640",
"2551","22b77d7829c68dcd","E2:1F:7B:35:CC:08","6.172839506172839","0","0.33967391304347827","0","162","2022-05-18T02:25:00.000Z","1652840700",
"2551","22b77d7829c68dcd","E2:1F:7B:35:CC:08","4.938271604938271","0","0.33967391304347827","0","162","2022-05-18T02:26:00.000Z","1652840760",
"2551","22b77d7829c68dcd","E2:1F:7B:35:CC:08","4.938271604938271","0","0.33967391304347827","0","162","2022-05-18T02:27:00.000Z","1652840820",
"2551","22b77d7829c68dcd","E2:1F:7B:35:CC:08","4.938271604938271","0","0.33967391304347827","0","162","2022-05-18T02:28:00.000Z","1652840880",
"2551","22b77d7829c68dcd","E2:1F:7B:35:CC:08","3.7037037037037037","0","0.33967391304347827","0","162","2022-05-18T02:29:00.000Z","1652840940",
"2551","22b77d7829c68dcd","E2:1F:7B:35:CC:08","3.7037037037037037","0","0.33967391304347827","0","162","2022-05-18T02:30:00.000Z","1652841000",
"2551","22b77d7829c68dcd","E2:1F:7B:35:CC:08","3.7037037037037037","0","0.3324468085106383","0","162","2022-05-18T02:31:00.000Z","1652841060",
"2551","22b77d7829c68dcd","E2:1F:7B:35:CC:08","7.407407407407407","0","0.2648305084745763","0","162","2022-05-18T02:32:00.000Z","1652841120",
"2551","22b77d7829c68dcd","E2:1F:7B:35:CC:08","27.160493827160494","1","0.3004807692307692","0","162","2022-05-18T02:33:00.000Z","1652841180",
"2551","22b77d7829c68dcd","E2:1F:7B:35:CC:08","12.345679012345679","0","0.3125","0","162","2022-05-18T02:34:00.000Z","1652841240",
"2551","22b77d7829c68dcd","E2:1F:7B:35:CC:08","7.407407407407407","0","0.30637254901960786","0","162","2022-05-18T02:35:00.000Z","1652841300",
"2551","22b77d7829c68dcd","E2:1F:7B:35:CC:08","7.407407407407407","0","0.3004807692307692","0","162","2022-05-18T02:36:00.000Z","1652841360",
"2551","22b77d7829c68dcd","E2:1F:7B:35:CC:08","7.407407407407407","0","0.294811320754717","0","162","2022-05-18T02:37:00.000Z","1652841420",
"2551","22b77d7829c68dcd","E2:1F:7B:35:CC:08","4.938271604938271","0","0.294811320754717","0","162","2022-05-18T02:38:00.000Z","1652841480",
"2551","22b77d7829c68dcd","E2:1F:7B:35:CC:08","4.938271604938271","0","0.294811320754717","0","162","2022-05-18T02:39:00.000Z","1652841540",
"2551","22b77d7829c68dcd","E2:1F:7B:35:CC:08","4.938271604938271","0","0.28935185185185186","0","162","2022-05-18T02:40:00.000Z","1652841600",
"2551","22b77d7829c68dcd","E2:1F:7B:35:CC:08","3.7037037037037037","0","0.28935185185185186","0","162","2022-05-18T02:41:00.000Z","1652841660",
"2551","22b77d7829c68dcd","E2:1F:7B:35:CC:08","7.407407407407407","0","0.2840909090909091","0","162","2022-05-18T02:42:00.000Z","1652841720",
"2551","22b77d7829c68dcd","E2:1F:7B:35:CC:08","9.876543209876543","0","0.27901785714285715","0","162","2022-05-18T02:43:00.000Z","1652841780",
"2551","22b77d7829c68dcd","E2:1F:7B:35:CC:08","41.97530864197531","12","0.26939655172413796","4","162","2022-05-18T02:44:00.000Z","1652841840",
"2551","22b77d7829c68dcd","E2:1F:7B:35:CC:08","48.148148148148145","2","0.3125","0","162","2022-05-18T02:45:00.000Z","1652841900",
"2551","22b77d7829c68dcd","E2:1F:7B:35:CC:08","24.691358024691358","0","0.3324468085106383","0","162","2022-05-18T02:46:00.000Z","1652841960",
"2551","22b77d7829c68dcd","E2:1F:7B:35:CC:08","16.049382716049383","0","0.37202380952380953","0","162","2022-05-18T02:47:00.000Z","1652842020",
"2551","22b77d7829c68dcd","E2:1F:7B:35:CC:08","19.753086419753085","0","0.41118421052631576","0","162","2022-05-18T02:48:00.000Z","1652842080",
"2551","22b77d7829c68dcd","E2:1F:7B:35:CC:08","13.580246913580247","0","0.4340277777777778","0","162","2022-05-18T02:49:00.000Z","1652842140",
"2551","22b77d7829c68dcd","E2:1F:7B:35:CC:08","9.876543209876543","0","0.45955882352941174","0","162","2022-05-18T02:50:00.000Z","1652842200",
"2551","22b77d7829c68dcd","E2:1F:7B:35:CC:08","8.641975308641975","0","0.4734848484848485","0","162","2022-05-18T02:51:00.000Z","1652842260",
"2551","22b77d7829c68dcd","E2:1F:7B:35:CC:08","6.172839506172839","0","0.48828125","0","162","2022-05-18T02:52:00.000Z","1652842320",
"2551","22b77d7829c68dcd","E2:1F:7B:35:CC:08","8.641975308641975","2","0.28935185185185186","2","162","2022-05-18T02:53:00.000Z","1652842380",
"2551","22b77d7829c68dcd","E2:1F:7B:35:CC:08","18.51851851851852","0","0.25201612903225806","1","162","2022-05-18T02:54:00.000Z","1652842440",
"2551","22b77d7829c68dcd","E2:1F:7B:35:CC:08","12.345679012345679","0","0.2648305084745763","0","162","2022-05-18T02:55:00.000Z","1652842500",
"2551","22b77d7829c68dcd","E2:1F:7B:35:CC:08","8.641975308641975","0","0.27901785714285715","0","162","2022-05-18T02:56:00.000Z","1652842560",
"2551","22b77d7829c68dcd","E2:1F:7B:35:CC:08","8.641975308641975","0","0.28935185185185186","0","162","2022-05-18T02:57:00.000Z","1652842620",
"2551","22b77d7829c68dcd","E2:1F:7B:35:CC:08","6.172839506172839","0","0.3004807692307692","0","162","2022-05-18T02:58:00.000Z","1652842680",
"2551","22b77d7829c68dcd","E2:1F:7B:35:CC:08","4.938271604938271","0","0.30637254901960786","0","162","2022-05-18T02:59:00.000Z","1652842740",
"2551","22b77d7829c68dcd","E2:1F:7B:35:CC:08","6.172839506172839","0","0.24801587301587302","4","162","2022-05-18T03:00:00.000Z","1652842800",
"2551","22b77d7829c68dcd","E2:1F:7B:35:CC:08","6.172839506172839","0","0.244140625","0","162","2022-05-18T03:01:00.000Z","1652842860",
"2551","22b77d7829c68dcd","E2:1F:7B:35:CC:08","6.172839506172839","0","0.2403846153846154","0","162","2022-05-18T03:02:00.000Z","1652842920",
"2551","22b77d7829c68dcd","E2:1F:7B:35:CC:08","3.7037037037037037","0","0.2403846153846154","0","162","2022-05-18T03:03:00.000Z","1652842980",
"2551","22b77d7829c68dcd","E2:1F:7B:35:CC:08","3.7037037037037037","0","0.23674242424242425","0","162","2022-05-18T03:04:00.000Z","1652843040",
"2551","22b77d7829c68dcd","E2:1F:7B:35:CC:08","3.7037037037037037","0","0.23674242424242425","0","162","2022-05-18T03:05:00.000Z","1652843100",
"2551","22b77d7829c68dcd","E2:1F:7B:35:CC:08","6.172839506172839","0","0.3004807692307692","0","162","2022-05-18T03:06:00.000Z","1652843160",
"2551","22b77d7829c68dcd","E2:1F:7B:35:CC:08","17.28395061728395","0","0.3324468085106383","0","162","2022-05-18T03:07:00.000Z","1652843220",
"2551","22b77d7829c68dcd","E2:1F:7B:35:CC:08","16.049382716049383","0","0.35511363636363635","0","162","2022-05-18T03:08:00.000Z","1652843280",
"2551","22b77d7829c68dcd","E2:1F:7B:35:CC:08","13.580246913580247","0","0.30637254901960786","2","162","2022-05-18T03:09:00.000Z","1652843340",
"2551","22b77d7829c68dcd","E2:1F:7B:35:CC:08","19.753086419753085","0","0.33967391304347827","0","162","2022-05-18T03:10:00.000Z","1652843400",
"2551","22b77d7829c68dcd","E2:1F:7B:35:CC:08","14.814814814814815","0","0.3633720930232558","0","162","2022-05-18T03:11:00.000Z","1652843460",
"2551","22b77d7829c68dcd","E2:1F:7B:35:CC:08","11.11111111111111","0","0.38109756097560976","0","162","2022-05-18T03:12:00.000Z","1652843520",
"2551","22b77d7829c68dcd","E2:1F:7B:35:CC:08","8.641975308641975","0","0.390625","0","162","2022-05-18T03:13:00.000Z","1652843580",
"2551","22b77d7829c68dcd","E2:1F:7B:35:CC:08","7.407407407407407","0","0.41118421052631576","0","162","2022-05-18T03:14:00.000Z","1652843640",
"2551","22b77d7829c68dcd","E2:1F:7B:35:CC:08","4.938271604938271","0","0.4222972972972973","0","162","2022-05-18T03:15:00.000Z","1652843700",
"2551","22b77d7829c68dcd","E2:1F:7B:35:CC:08","4.938271604938271","0","0.4340277777777778","0","162","2022-05-18T03:16:00.000Z","1652843760",
"2551","22b77d7829c68dcd","E2:1F:7B:35:CC:08","3.7037037037037037","0","0.44642857142857145","0","162","2022-05-18T03:17:00.000Z","1652843820",
"2551","22b77d7829c68dcd","E2:1F:7B:35:CC:08","2.4691358024691357","0","0.45955882352941174","0","162","2022-05-18T03:18:00.000Z","1652843880",
"2551","22b77d7829c68dcd","E2:1F:7B:35:CC:08","2.4691358024691357","0","0.4734848484848485","0","162","2022-05-18T03:19:00.000Z","1652843940",
"2551","22b77d7829c68dcd","E2:1F:7B:35:CC:08","2.4691358024691357","0","0.4734848484848485","0","162","2022-05-18T03:20:00.000Z","1652844000",
"2551","22b77d7829c68dcd","E2:1F:7B:35:CC:08","2.4691358024691357","0","0.48828125","0","162","2022-05-18T03:21:00.000Z","1652844060",
"2551","22b77d7829c68dcd","E2:1F:7B:35:CC:08","2.4691358024691357","0","0.5040322580645161","0","162","2022-05-18T03:22:00.000Z","1652844120",
"2551","22b77d7829c68dcd","E2:1F:7B:35:CC:08","2.4691358024691357","0","0.5208333333333334","0","162","2022-05-18T03:23:00.000Z","1652844180",
"2551","22b77d7829c68dcd","E2:1F:7B:35:CC:08","2.4691358024691357","0","0.5208333333333334","0","162","2022-05-18T03:24:00.000Z","1652844240",
"2551","22b77d7829c68dcd","E2:1F:7B:35:CC:08","3.7037037037037037","0","0.5208333333333334","0","162","2022-05-18T03:25:00.000Z","1652844300",
"2551","22b77d7829c68dcd","E2:1F:7B:35:CC:08","4.938271604938271","0","0.5387931034482759","0","162","2022-05-18T03:26:00.000Z","1652844360",
"2551","22b77d7829c68dcd","E2:1F:7B:35:CC:08","3.7037037037037037","0","0.5580357142857143","0","162","2022-05-18T03:27:00.000Z","1652844420",
"2551","22b77d7829c68dcd","E2:1F:7B:35:CC:08","3.7037037037037037","0","0.5787037037037037","0","162","2022-05-18T03:28:00.000Z","1652844480",
"2551","22b77d7829c68dcd","E2:1F:7B:35:CC:08","2.4691358024691357","0","0.5787037037037037","0","162","2022-05-18T03:29:00.000Z","1652844540",
"2551","22b77d7829c68dcd","E2:1F:7B:35:CC:08","2.4691358024691357","0","0.6009615384615384","0","162","2022-05-18T03:30:00.000Z","1652844600",
"2551","22b77d7829c68dcd","E2:1F:7B:35:CC:08","11.11111111111111","0","0.44642857142857145","1","162","2022-05-18T03:31:00.000Z","1652844660",
"2551","22b77d7829c68dcd","E2:1F:7B:35:CC:08","6.172839506172839","0","0.45955882352941174","0","162","2022-05-18T03:32:00.000Z","1652844720",
"2551","22b77d7829c68dcd","E2:1F:7B:35:CC:08","3.7037037037037037","0","0.45955882352941174","0","162","2022-05-18T03:33:00.000Z","1652844780",
"2551","22b77d7829c68dcd","E2:1F:7B:35:CC:08","2.4691358024691357","0","0.45955882352941174","0","162","2022-05-18T03:34:00.000Z","1652844840",
"2551","22b77d7829c68dcd","E2:1F:7B:35:CC:08","2.4691358024691357","0","0.45955882352941174","0","162","2022-05-18T03:35:00.000Z","1652844900",
"2551","22b77d7829c68dcd","E2:1F:7B:35:CC:08","2.4691358024691357","0","0.4734848484848485","0","162","2022-05-18T03:36:00.000Z","1652844960",
"2551","22b77d7829c68dcd","E2:1F:7B:35:CC:08","2.4691358024691357","0","0.4734848484848485","0","162","2022-05-18T03:37:00.000Z","1652845020",
"2551","22b77d7829c68dcd","E2:1F:7B:35:CC:08","2.4691358024691357","0","0.4734848484848485","0","162","2022-05-18T03:38:00.000Z","1652845080",
"2551","22b77d7829c68dcd","E2:1F:7B:35:CC:08","2.4691358024691357","0","0.4734848484848485","0","162","2022-05-18T03:39:00.000Z","1652845140",
"2551","22b77d7829c68dcd","E2:1F:7B:35:CC:08","2.4691358024691357","0","0.4734848484848485","0","162","2022-05-18T03:40:00.000Z","1652845200",
"2551","22b77d7829c68dcd","E2:1F:7B:35:CC:08","2.4691358024691357","0","0.4734848484848485","0","162","2022-05-18T03:41:00.000Z","1652845260",
"2551","22b77d7829c68dcd","E2:1F:7B:35:CC:08","2.4691358024691357","0","0.4734848484848485","0","162","2022-05-18T03:42:00.000Z","1652845320",
"2551","22b77d7829c68dcd","E2:1F:7B:35:CC:08","2.4691358024691357","0","0.4734848484848485","0","162","2022-05-18T03:43:00.000Z","1652845380",
"2551","22b77d7829c68dcd","E2:1F:7B:35:CC:08","2.4691358024691357","0","0.48828125","0","162","2022-05-18T03:44:00.000Z","1652845440",
"2551","22b77d7829c68dcd","E2:1F:7B:35:CC:08","2.4691358024691357","0","0.48828125","0","162","2022-05-18T03:45:00.000Z","1652845500",
"2551","22b77d7829c68dcd","E2:1F:7B:35:CC:08","2.4691358024691357","0","0.48828125","0","162","2022-05-18T03:46:00.000Z","1652845560",
"2551","22b77d7829c68dcd","E2:1F:7B:35:CC:08","2.4691358024691357","0","0.48828125","0","162","2022-05-18T03:47:00.000Z","1652845620",
"2551","22b77d7829c68dcd","E2:1F:7B:35:CC:08","8.641975308641975","4","0.21404109589041095","1","162","2022-05-18T03:48:00.000Z","1652845680",
"2551","22b77d7829c68dcd","E2:1F:7B:35:CC:08","30.864197530864196","2","0.24801587301587302","0","162","2022-05-18T03:49:00.000Z","1652845740",
"2551","22b77d7829c68dcd","E2:1F:7B:35:CC:08","19.753086419753085","0","0.2648305084745763","0","162","2022-05-18T03:50:00.000Z","1652845800",
"2551","22b77d7829c68dcd","E2:1F:7B:35:CC:08","13.580246913580247","0","0.27901785714285715","0","162","2022-05-18T03:51:00.000Z","1652845860",
"2551","22b77d7829c68dcd","E2:1F:7B:35:CC:08","9.876543209876543","0","0.28935185185185186","0","162","2022-05-18T03:52:00.000Z","1652845920",
"2551","22b77d7829c68dcd","E2:1F:7B:35:CC:08","6.172839506172839","0","0.294811320754717","0","162","2022-05-18T03:53:00.000Z","1652845980",
"2551","22b77d7829c68dcd","E2:1F:7B:35:CC:08","6.172839506172839","0","0.30637254901960786","0","162","2022-05-18T03:54:00.000Z","1652846040",
"2551","22b77d7829c68dcd","E2:1F:7B:35:CC:08","4.938271604938271","0","0.22007042253521128","0","162","2022-05-18T03:55:00.000Z","1652846100",
"2551","22b77d7829c68dcd","E2:1F:7B:35:CC:08","28.395061728395063","10","0.1953125","1","162","2022-05-18T03:56:00.000Z","1652846160",
"2551","22b77d7829c68dcd","E2:1F:7B:35:CC:08","34.5679012345679","1","0.1953125","0","162","2022-05-18T03:57:00.000Z","1652846220",
"2551","22b77d7829c68dcd","E2:1F:7B:35:CC:08","27.160493827160494","0","0.21404109589041095","0","162","2022-05-18T03:58:00.000Z","1652846280",
"2551","22b77d7829c68dcd","E2:1F:7B:35:CC:08","18.51851851851852","0","0.22977941176470587","0","162","2022-05-18T03:59:00.000Z","1652846340",
"2551","22b77d7829c68dcd","E2:1F:7B:35:CC:08","37.03703703703704","5","0.24801587301587302","0","162","2022-05-18T04:00:00.000Z","1652846400",
"2551","22b77d7829c68dcd","E2:1F:7B:35:CC:08","35.80246913580247","2","0.27901785714285715","0","162","2022-05-18T04:01:00.000Z","1652846460",
"2551","22b77d7829c68dcd","E2:1F:7B:35:CC:08","16.049382716049383","0","0.28935185185185186","0","162","2022-05-18T04:02:00.000Z","1652846520",
"2551","22b77d7829c68dcd","E2:1F:7B:35:CC:08","9.876543209876543","0","0.3004807692307692","0","162","2022-05-18T04:03:00.000Z","1652846580",
"2551","22b77d7829c68dcd","E2:1F:7B:35:CC:08","9.876543209876543","0","0.3125","0","162","2022-05-18T04:04:00.000Z","1652846640",
"2551","22b77d7829c68dcd","E2:1F:7B:35:CC:08","7.407407407407407","0","0.3255208333333333","0","162","2022-05-18T04:05:00.000Z","1652846700",
"2551","22b77d7829c68dcd","E2:1F:7B:35:CC:08","8.641975308641975","0","0.2648305084745763","1","162","2022-05-18T04:06:00.000Z","1652846760",
"2551","22b77d7829c68dcd","E2:1F:7B:35:CC:08","14.814814814814815","0","0.2840909090909091","0","162","2022-05-18T04:07:00.000Z","1652846820",
"2551","22b77d7829c68dcd","E2:1F:7B:35:CC:08","7.407407407407407","0","0.28935185185185186","0","162","2022-05-18T04:08:00.000Z","1652846880",
"2551","22b77d7829c68dcd","E2:1F:7B:35:CC:08","6.172839506172839","0","0.16622340425531915","0","162","2022-05-18T04:09:00.000Z","1652846940",
"2551","22b77d7829c68dcd","E2:1F:7B:35:CC:08","25.925925925925927","5","0.19290123456790123","0","162","2022-05-18T04:10:00.000Z","1652847000",
"2551","22b77d7829c68dcd","E2:1F:7B:35:CC:08","23.45679012345679","0","0.20032051282051283","0","162","2022-05-18T04:11:00.000Z","1652847060",
"2551","22b77d7829c68dcd","E2:1F:7B:35:CC:08","13.580246913580247","0","0.20032051282051283","0","162","2022-05-18T04:12:00.000Z","1652847120",
"2551","22b77d7829c68dcd","E2:1F:7B:35:CC:08","9.876543209876543","0","0.14204545454545456","1","162","2022-05-18T04:13:00.000Z","1652847180",
"2551","22b77d7829c68dcd","E2:1F:7B:35:CC:08","27.160493827160494","2","0.3633720930232558","1","162","2022-05-18T04:14:00.000Z","1652847240",
"2551","22b77d7829c68dcd","E2:1F:7B:35:CC:08","25.925925925925927","0","0.40064102564102566","0","162","2022-05-18T04:15:00.000Z","1652847300",
"2551","22b77d7829c68dcd","E2:1F:7B:35:CC:08","18.51851851851852","0","0.20292207792207792","0","162","2022-05-18T04:16:00.000Z","1652847360",
"2551","22b77d7829c68dcd","E2:1F:7B:35:CC:08","23.45679012345679","4","0.41118421052631576","0","162","2022-05-18T04:17:00.000Z","1652847420",
"2551","22b77d7829c68dcd","E2:1F:7B:35:CC:08","17.28395061728395","0","0.4340277777777778","0","162","2022-05-18T04:18:00.000Z","1652847480",
"2551","22b77d7829c68dcd","E2:1F:7B:35:CC:08","11.11111111111111","0","0.45955882352941174","0","162","2022-05-18T04:19:00.000Z","1652847540",
"2551","22b77d7829c68dcd","E2:1F:7B:35:CC:08","8.641975308641975","0","0.4734848484848485","0","162","2022-05-18T04:20:00.000Z","1652847600",
"2551","22b77d7829c68dcd","E2:1F:7B:35:CC:08","6.172839506172839","0","0.48828125","0","162","2022-05-18T04:21:00.000Z","1652847660",
"2551","22b77d7829c68dcd","E2:1F:7B:35:CC:08","4.938271604938271","0","0.3324468085106383","2","162","2022-05-18T04:22:00.000Z","1652847720",
"2551","22b77d7829c68dcd","E2:1F:7B:35:CC:08","9.876543209876543","0","0.3255208333333333","0","162","2022-05-18T04:23:00.000Z","1652847780",
"2551","22b77d7829c68dcd","E2:1F:7B:35:CC:08","7.407407407407407","0","0.13827433628318583","7","162","2022-05-18T04:24:00.000Z","1652847840",
"2551","22b77d7829c68dcd","E2:1F:7B:35:CC:08","18.51851851851852","5","0.18382352941176472","1","162","2022-05-18T04:25:00.000Z","1652847900",
"2551","22b77d7829c68dcd","E2:1F:7B:35:CC:08","66.66666666666667","2","0.17755681818181818","0","162","2022-05-18T04:26:00.000Z","1652847960",
"2551","22b77d7829c68dcd","E2:1F:7B:35:CC:08","67.90123456790124","4","0.14076576576576577","0","162","2022-05-18T04:27:00.000Z","1652848020",
"2551","22b77d7829c68dcd","E2:1F:7B:35:CC:08","66.66666666666667","3","0.16108247422680413","0","162","2022-05-18T04:28:00.000Z","1652848080",
"2551","22b77d7829c68dcd","E2:1F:7B:35:CC:08","64.19753086419753","0","0.143348623853211","16","162","2022-05-18T04:29:00.000Z","1652848140",
"2551","22b77d7829c68dcd","E2:1F:7B:35:CC:08","59.25925925925926","8","0.10926573426573427","11","162","2022-05-18T04:30:00.000Z","1652848200",
"2551","22b77d7829c68dcd","E2:1F:7B:35:CC:08","69.1358024691358","3","0.10702054794520548","7","162","2022-05-18T04:31:00.000Z","1652848260",
"2551","22b77d7829c68dcd","E2:1F:7B:35:CC:08","71.60493827160494","0","0.14204545454545456","7","162","2022-05-18T04:38:00.000Z","1652848680",
"2551","22b77d7829c68dcd","E2:1F:7B:35:CC:08","76.54320987654322","4","0.08012820512820513","16","162","2022-05-18T04:39:00.000Z","1652848740",
"2551","22b77d7829c68dcd","E2:1F:7B:35:CC:08","79.01234567901234","6","0.10926573426573427","12","162","2022-05-18T04:40:00.000Z","1652848800",
"2551","22b77d7829c68dcd","E2:1F:7B:35:CC:08","70.37037037037037","6","0.08311170212765957","1","162","2022-05-18T04:46:00.000Z","1652849160",
"2551","22b77d7829c68dcd","E2:1F:7B:35:CC:08","58.02469135802469","4","0.08928571428571429","0","162","2022-05-18T04:47:00.000Z","1652849220",
"2551","22b77d7829c68dcd","E2:1F:7B:35:CC:08","60.49382716049383","10","0.09889240506329114","0","162","2022-05-18T04:48:00.000Z","1652849280",
"2551","22b77d7829c68dcd","E2:1F:7B:35:CC:08","49.382716049382715","0","0.08138020833333333","0","162","2022-05-18T04:49:00.000Z","1652849340",
"2551","22b77d7829c68dcd","E2:1F:7B:35:CC:08","44.44444444444444","3","0.12303149606299213","8","162","2022-05-18T04:52:00.000Z","1652849520",
"2551","22b77d7829c68dcd","E2:1F:7B:35:CC:08","56.79012345679013","4","0.10629251700680271","2","162","2022-05-18T04:53:00.000Z","1652849580",
"2551","22b77d7829c68dcd","E2:1F:7B:35:CC:08","100","7","0.08538251366120218","1","162","2022-05-18T04:54:00.000Z","1652849640",
"2551","22b77d7829c68dcd","E2:1F:7B:35:CC:08","77.77777777777777","2","0.09889240506329114","0","162","2022-05-18T04:55:00.000Z","1652849700",
"2551","22b77d7829c68dcd","E2:1F:7B:35:CC:08","32.098765432098766","0","0.10347682119205298","0","162","2022-05-18T04:56:00.000Z","1652849760",
"2551","22b77d7829c68dcd","E2:1F:7B:35:CC:08","37.03703703703704","2","0.08180628272251309","0","162","2022-05-18T04:57:00.000Z","1652849820",
"2551","22b77d7829c68dcd","E2:1F:7B:35:CC:08","49.382716049382715","7","0.09585889570552147","21","162","2022-05-18T05:02:00.000Z","1652850120",
"2551","22b77d7829c68dcd","E2:1F:7B:35:CC:08","87.65432098765432","7","0.10279605263157894","19","162","2022-05-18T05:03:00.000Z","1652850180",
"2551","22b77d7829c68dcd","E2:1F:7B:35:CC:08","75.30864197530865","3","0.10347682119205298","44","162","2022-05-18T05:04:00.000Z","1652850240",
"2551","22b77d7829c68dcd","E2:1F:7B:35:CC:08","76.54320987654322","4","0.062250996015936255","19","162","2022-05-18T05:05:00.000Z","1652850300",
"2551","22b77d7829c68dcd","E2:1F:7B:35:CC:08","58.02469135802469","9","0.09031791907514451","0","162","2022-05-18T05:26:00.000Z","1652851560",
"2551","22b77d7829c68dcd","E2:1F:7B:35:CC:08","41.97530864197531","2","0.10629251700680271","0","162","2022-05-18T05:27:00.000Z","1652851620",
"2551","22b77d7829c68dcd","E2:1F:7B:35:CC:08","45.67901234567901","1","0.08400537634408602","0","162","2022-05-18T05:32:00.000Z","1652851920",
"2551","22b77d7829c68dcd","E2:1F:7B:35:CC:08","33.333333333333336","2","0.09300595238095238","0","162","2022-05-18T05:33:00.000Z","1652851980",
"2551","22b77d7829c68dcd","E2:1F:7B:35:CC:08","20.987654320987655","0","0.09952229299363058","0","162","2022-05-18T05:34:00.000Z","1652852040",
"2551","22b77d7829c68dcd","E2:1F:7B:35:CC:08","14.814814814814815","0","0.10416666666666667","0","162","2022-05-18T05:35:00.000Z","1652852100",
"2551","22b77d7829c68dcd","E2:1F:7B:35:CC:08","8.641975308641975","0","0.10557432432432433","0","162","2022-05-18T05:36:00.000Z","1652852160",
"2551","22b77d7829c68dcd","E2:1F:7B:35:CC:08","7.407407407407407","0","0.10486577181208054","0","162","2022-05-18T05:37:00.000Z","1652852220",
"2551","22b77d7829c68dcd","E2:1F:7B:35:CC:08","16.049382716049383","0","0.11488970588235294","0","162","2022-05-18T05:38:00.000Z","1652852280",
"2551","22b77d7829c68dcd","E2:1F:7B:35:CC:08","16.049382716049383","0","0.11003521126760564","0","162","2022-05-18T05:39:00.000Z","1652852340",
"2551","22b77d7829c68dcd","E2:1F:7B:35:CC:08","80.24691358024691","8","0.11927480916030535","0","162","2022-05-18T05:40:00.000Z","1652852400",
"2551","22b77d7829c68dcd","E2:1F:7B:35:CC:08","54.32098765432099","0","0.12112403100775193","0","162","2022-05-18T05:41:00.000Z","1652852460",
"2551","22b77d7829c68dcd","E2:1F:7B:35:CC:08","29.62962962962963","0","0.12112403100775193","0","162","2022-05-18T05:42:00.000Z","1652852520",
"2551","22b77d7829c68dcd","E2:1F:7B:35:CC:08","54.32098765432099","5","0.16276041666666666","0","162","2022-05-18T05:43:00.000Z","1652852580",
"2551","22b77d7829c68dcd","E2:1F:7B:35:CC:08","61.72839506172839","6","0.16108247422680413","0","162","2022-05-18T05:44:00.000Z","1652852640",
"2551","22b77d7829c68dcd","E2:1F:7B:35:CC:08","100","9","0.15625","1","162","2022-05-18T05:45:00.000Z","1652852700",
"2551","22b77d7829c68dcd","E2:1F:7B:35:CC:08","86.41975308641975","5","0.08400537634408602","0","162","2022-05-18T05:46:00.000Z","1652852760",
"2551","22b77d7829c68dcd","E2:1F:7B:35:CC:08","82.71604938271605","4","0.10775862068965517","0","162","2022-05-18T05:47:00.000Z","1652852820",
"2551","22b77d7829c68dcd","E2:1F:7B:35:CC:08","49.382716049382715","1","0.11574074074074074","0","162","2022-05-18T05:48:00.000Z","1652852880",
"2551","22b77d7829c68dcd","E2:1F:7B:35:CC:08","30.864197530864196","0","0.12303149606299213","0","162","2022-05-18T05:49:00.000Z","1652852940",
"2551","22b77d7829c68dcd","E2:1F:7B:35:CC:08","25.925925925925927","1","0.1358695652173913","0","162","2022-05-18T05:50:00.000Z","1652853000",
"2551","22b77d7829c68dcd","E2:1F:7B:35:CC:08","29.62962962962963","3","0.13469827586206898","0","162","2022-05-18T05:51:00.000Z","1652853060",
"2551","22b77d7829c68dcd","E2:1F:7B:35:CC:08","37.03703703703704","3","0.125","0","162","2022-05-18T05:52:00.000Z","1652853120",
"2551","22b77d7829c68dcd","E2:1F:7B:35:CC:08","34.5679012345679","0","0.10926573426573427","1","162","2022-05-18T05:53:00.000Z","1652853180",
"2551","22b77d7829c68dcd","E2:1F:7B:35:CC:08","38.27160493827161","7","0.12703252032520326","0","162","2022-05-18T05:54:00.000Z","1652853240",
"2551","22b77d7829c68dcd","E2:1F:7B:35:CC:08","59.25925925925926","8","0.1358695652173913","1","162","2022-05-18T05:55:00.000Z","1652853300",
"2551","22b77d7829c68dcd","E2:1F:7B:35:CC:08","50.617283950617285","1","0.15169902912621358","0","162","2022-05-18T05:56:00.000Z","1652853360",
"2551","22b77d7829c68dcd","E2:1F:7B:35:CC:08","34.5679012345679","2","0.12913223140495866","0","162","2022-05-18T05:57:00.000Z","1652853420",
"2551","22b77d7829c68dcd","E2:1F:7B:35:CC:08","41.97530864197531","7","0.09527439024390244","0","162","2022-05-18T06:00:00.000Z","1652853600",
"2551","22b77d7829c68dcd","E2:1F:7B:35:CC:08","32.098765432098766","0","0.10557432432432433","0","162","2022-05-18T06:01:00.000Z","1652853660",
"2551","22b77d7829c68dcd","E2:1F:7B:35:CC:08","22.22222222222222","0","0.11405109489051095","0","162","2022-05-18T06:02:00.000Z","1652853720",
"2551","22b77d7829c68dcd","E2:1F:7B:35:CC:08","13.580246913580247","0","0.11927480916030535","0","162","2022-05-18T06:03:00.000Z","1652853780",
"2551","22b77d7829c68dcd","E2:1F:7B:35:CC:08","14.814814814814815","0","0.13469827586206898","0","162","2022-05-18T06:04:00.000Z","1652853840",
"2551","22b77d7829c68dcd","E2:1F:7B:35:CC:08","50.617283950617285","5","0.17959770114942528","0","162","2022-05-18T06:05:00.000Z","1652853900",
"2551","22b77d7829c68dcd","E2:1F:7B:35:CC:08","45.67901234567901","6","0.1358695652173913","0","162","2022-05-18T06:06:00.000Z","1652853960",
"2551","22b77d7829c68dcd","E2:1F:7B:35:CC:08","49.382716049382715","6","0.08012820512820513","1","162","2022-05-18T06:07:00.000Z","1652854020",
"2551","22b77d7829c68dcd","E2:1F:7B:35:CC:08","59.25925925925926","6","0.1174812030075188","0","162","2022-05-18T06:08:00.000Z","1652854080",
"2551","22b77d7829c68dcd","E2:1F:7B:35:CC:08","66.66666666666667","10","0.14204545454545456","0","162","2022-05-18T06:09:00.000Z","1652854140",
"2551","22b77d7829c68dcd","E2:1F:7B:35:CC:08","40.74074074074074","0","0.1502403846153846","0","162","2022-05-18T06:10:00.000Z","1652854200",
"2551","22b77d7829c68dcd","E2:1F:7B:35:CC:08","23.45679012345679","1","0.11837121212121213","0","162","2022-05-18T06:11:00.000Z","1652854260",
"2551","22b77d7829c68dcd","E2:1F:7B:35:CC:08","23.45679012345679","1","0.11488970588235294","0","162","2022-05-18T06:12:00.000Z","1652854320",
"2551","22b77d7829c68dcd","E2:1F:7B:35:CC:08","17.28395061728395","0","0.12303149606299213","0","162","2022-05-18T06:13:00.000Z","1652854380",
"2551","22b77d7829c68dcd","E2:1F:7B:35:CC:08","19.753086419753085","3","0.12303149606299213","0","162","2022-05-18T06:14:00.000Z","1652854440",
"2551","22b77d7829c68dcd","E2:1F:7B:35:CC:08","18.51851851851852","0","0.12600806451612903","0","162","2022-05-18T06:15:00.000Z","1652854500",
"2551","22b77d7829c68dcd","E2:1F:7B:35:CC:08","22.22222222222222","1","0.1220703125","0","162","2022-05-18T06:16:00.000Z","1652854560",
"2551","22b77d7829c68dcd","E2:1F:7B:35:CC:08","12.345679012345679","0","0.125","0","162","2022-05-18T06:17:00.000Z","1652854620",
"2551","22b77d7829c68dcd","E2:1F:7B:35:CC:08","9.876543209876543","0","0.12807377049180327","0","162","2022-05-18T06:18:00.000Z","1652854680",
"2551","22b77d7829c68dcd","E2:1F:7B:35:CC:08","8.641975308641975","0","0.13020833333333334","0","162","2022-05-18T06:19:00.000Z","1652854740",
"2551","22b77d7829c68dcd","E2:1F:7B:35:CC:08","18.51851851851852","3","0.13241525423728814","0","162","2022-05-18T06:20:00.000Z","1652854800",
"2551","22b77d7829c68dcd","E2:1F:7B:35:CC:08","35.80246913580247","2","0.10016025641025642","0","162","2022-05-18T06:21:00.000Z","1652854860",
"2551","22b77d7829c68dcd","E2:1F:7B:35:CC:08","92.5925925925926","6","0.38109756097560976","0","162","2022-05-18T06:22:00.000Z","1652854920",
"2551","22b77d7829c68dcd","E2:1F:7B:35:CC:08","53.08641975308642","0","0.08400537634408602","0","162","2022-05-18T06:25:00.000Z","1652855100",
"2551","22b77d7829c68dcd","E2:1F:7B:35:CC:08","22.22222222222222","0","0.08680555555555555","0","162","2022-05-18T06:26:00.000Z","1652855160",
"2551","22b77d7829c68dcd","E2:1F:7B:35:CC:08","76.54320987654322","4","0.12303149606299213","22","162","2022-05-18T06:28:00.000Z","1652855280",
"2551","22b77d7829c68dcd","E2:1F:7B:35:CC:08","85.18518518518519","6","0.07233796296296297","8","162","2022-05-18T06:29:00.000Z","1652855340",
"2551","22b77d7829c68dcd","E2:1F:7B:35:CC:08","95.06172839506173","7","0.07891414141414141","1","162","2022-05-18T06:30:00.000Z","1652855400",
"2551","22b77d7829c68dcd","E2:1F:7B:35:CC:08","79.01234567901234","3","0.06883259911894272","0","162","2022-05-18T06:31:00.000Z","1652855460",
"2551","22b77d7829c68dcd","E2:1F:7B:35:CC:08","74.07407407407408","6","0.10279605263157894","4","162","2022-05-18T06:33:00.000Z","1652855580",
"2551","22b77d7829c68dcd","E2:1F:7B:35:CC:08","69.1358024691358","10","0.10347682119205298","19","162","2022-05-18T06:34:00.000Z","1652855640",
"2551","22b77d7829c68dcd","E2:1F:7B:35:CC:08","54.32098765432099","3","0.10486577181208054","32","162","2022-05-18T06:35:00.000Z","1652855700",
"2551","22b77d7829c68dcd","E2:1F:7B:35:CC:08","100","5","0.09704968944099379","16","162","2022-05-18T06:36:00.000Z","1652855760",
"2551","22b77d7829c68dcd","E2:1F:7B:35:CC:08","82.71604938271605","7","0.11081560283687943","28","162","2022-05-18T06:41:00.000Z","1652856060",
"2551","22b77d7829c68dcd","E2:1F:7B:35:CC:08","67.90123456790124","1","0.062250996015936255","21","162","2022-05-18T06:42:00.000Z","1652856120",
"2551","22b77d7829c68dcd","E2:1F:7B:35:CC:08","65.4320987654321","10","0.08729050279329609","28","162","2022-05-18T06:43:00.000Z","1652856180",
"2551","22b77d7829c68dcd","E2:1F:7B:35:CC:08","75.30864197530865","8","0.07971938775510204","5","162","2022-05-18T06:45:00.000Z","1652856300",
"2551","22b77d7829c68dcd","E2:1F:7B:35:CC:08","77.77777777777777","5","0.11927480916030535","7","162","2022-05-18T06:50:00.000Z","1652856600",
"2551","22b77d7829c68dcd","E2:1F:7B:35:CC:08","83.95061728395062","10","0.20292207792207792","9","162","2022-05-18T06:52:00.000Z","1652856720",
"2551","22b77d7829c68dcd","E2:1F:7B:35:CC:08","97.53086419753086","8","0.15943877551020408","11","162","2022-05-18T06:53:00.000Z","1652856780",
"2551","22b77d7829c68dcd","E2:1F:7B:35:CC:08","97.53086419753086","3","0.1736111111111111","15","162","2022-05-18T06:54:00.000Z","1652856840",
"2551","22b77d7829c68dcd","E2:1F:7B:35:CC:08","100","7","0.13241525423728814","11","162","2022-05-18T06:55:00.000Z","1652856900",
"2551","22b77d7829c68dcd","E2:1F:7B:35:CC:08","97.53086419753086","4","0.18382352941176472","4","162","2022-05-18T06:56:00.000Z","1652856960",
"2551","22b77d7829c68dcd","E2:1F:7B:35:CC:08","95.06172839506173","8","0.16983695652173914","8","162","2022-05-18T06:57:00.000Z","1652857020",
"2551","22b77d7829c68dcd","E2:1F:7B:35:CC:08","87.65432098765432","5","0.13706140350877194","1","162","2022-05-18T06:58:00.000Z","1652857080",
"2551","22b77d7829c68dcd","E2:1F:7B:35:CC:08","100","9","0.11405109489051095","2","162","2022-05-18T06:59:00.000Z","1652857140",
"2551","22b77d7829c68dcd","E2:1F:7B:35:CC:08","97.53086419753086","6","0.11927480916030535","4","162","2022-05-18T07:00:00.000Z","1652857200",
"2551","22b77d7829c68dcd","E2:1F:7B:35:CC:08","98.76543209876543","8","0.13950892857142858","2","162","2022-05-18T07:01:00.000Z","1652857260",
"2551","22b77d7829c68dcd","E2:1F:7B:35:CC:08","100","5","0.1358695652173913","1","162","2022-05-18T07:02:00.000Z","1652857320",
"2551","22b77d7829c68dcd","E2:1F:7B:35:CC:08","90.12345679012346","3","0.1474056603773585","0","162","2022-05-18T07:03:00.000Z","1652857380",
"2551","22b77d7829c68dcd","E2:1F:7B:35:CC:08","100","5","0.09356287425149701","0","162","2022-05-18T07:08:00.000Z","1652857680",
"2551","22b77d7829c68dcd","E2:1F:7B:35:CC:08","100","14","0.10926573426573427","4","162","2022-05-18T07:09:00.000Z","1652857740",
"2551","22b77d7829c68dcd","E2:1F:7B:35:CC:08","100","4","0.10146103896103896","9","162","2022-05-18T07:10:00.000Z","1652857800",
"2551","22b77d7829c68dcd","E2:1F:7B:35:CC:08","100","9","0.11003521126760564","8","162","2022-05-18T07:11:00.000Z","1652857860",
"2551","22b77d7829c68dcd","E2:1F:7B:35:CC:08","100","4","0.23674242424242425","5","162","2022-05-18T07:12:00.000Z","1652857920",
"2551","22b77d7829c68dcd","E2:1F:7B:35:CC:08","100","3","0.2604166666666667","7","162","2022-05-18T07:13:00.000Z","1652857980",
"2551","22b77d7829c68dcd","E2:1F:7B:35:CC:08","100","0","0.3472222222222222","5","162","2022-05-18T07:14:00.000Z","1652858040",
"2551","22b77d7829c68dcd","E2:1F:7B:35:CC:08","100","4","0.37202380952380953","4","162","2022-05-18T07:15:00.000Z","1652858100",
"2551","22b77d7829c68dcd","E2:1F:7B:35:CC:08","77.77777777777777","4","0.40064102564102566","8","162","2022-05-18T07:16:00.000Z","1652858160",
"2551","22b77d7829c68dcd","E2:1F:7B:35:CC:08","80.24691358024691","2","0.40064102564102566","0","162","2022-05-18T07:17:00.000Z","1652858220",
"2551","22b77d7829c68dcd","E2:1F:7B:35:CC:08","100","7","0.11241007194244604","7","162","2022-05-18T07:18:00.000Z","1652858280",
"2551","22b77d7829c68dcd","E2:1F:7B:35:CC:08","100","6","0.22644927536231885","5","162","2022-05-18T07:19:00.000Z","1652858340",
"2551","22b77d7829c68dcd","E2:1F:7B:35:CC:08","100","0","0.4734848484848485","0","162","2022-05-18T07:20:00.000Z","1652858400",
"2551","22b77d7829c68dcd","E2:1F:7B:35:CC:08","100","0","0.17959770114942528","7","162","2022-05-18T07:21:00.000Z","1652858460",
"2551","22b77d7829c68dcd","E2:1F:7B:35:CC:08","100","5","0.10212418300653595","5","162","2022-05-18T07:22:00.000Z","1652858520",
"2551","22b77d7829c68dcd","E2:1F:7B:35:CC:08","100","12","0.12303149606299213","5","162","2022-05-18T07:23:00.000Z","1652858580",
"2551","22b77d7829c68dcd","E2:1F:7B:35:CC:08","100","11","0.1474056603773585","4","162","2022-05-18T07:24:00.000Z","1652858640",
"2551","22b77d7829c68dcd","E2:1F:7B:35:CC:08","100","4","0.1736111111111111","2","162","2022-05-18T07:25:00.000Z","1652858700",
"2551","22b77d7829c68dcd","E2:1F:7B:35:CC:08","100","6","0.1736111111111111","4","162","2022-05-18T07:26:00.000Z","1652858760",
"2551","22b77d7829c68dcd","E2:1F:7B:35:CC:08","72.8395061728395","2","0.1816860465116279","0","162","2022-05-18T07:27:00.000Z","1652858820",
"2551","22b77d7829c68dcd","E2:1F:7B:35:CC:08","41.97530864197531","2","0.19290123456790123","0","162","2022-05-18T07:28:00.000Z","1652858880",
"2551","22b77d7829c68dcd","E2:1F:7B:35:CC:08","35.80246913580247","5","0.1816860465116279","1","162","2022-05-18T07:29:00.000Z","1652858940",
"2551","22b77d7829c68dcd","E2:1F:7B:35:CC:08","35.80246913580247","5","0.1953125","0","162","2022-05-18T07:30:00.000Z","1652859000",
"2551","22b77d7829c68dcd","E2:1F:7B:35:CC:08","40.74074074074074","2","0.1547029702970297","0","162","2022-05-18T07:31:00.000Z","1652859060",
"2551","22b77d7829c68dcd","E2:1F:7B:35:CC:08","56.79012345679013","3","0.175561797752809","0","162","2022-05-18T07:32:00.000Z","1652859120",
"2551","22b77d7829c68dcd","E2:1F:7B:35:CC:08","54.32098765432099","3","0.18601190476190477","0","162","2022-05-18T07:33:00.000Z","1652859180",
"2551","22b77d7829c68dcd","E2:1F:7B:35:CC:08","39.50617283950617","0","0.1816860465116279","1","162","2022-05-18T07:34:00.000Z","1652859240",
"2551","22b77d7829c68dcd","E2:1F:7B:35:CC:08","46.91358024691358","2","0.17755681818181818","1","162","2022-05-18T07:35:00.000Z","1652859300",
"2551","22b77d7829c68dcd","E2:1F:7B:35:CC:08","34.5679012345679","2","0.18825301204819278","0","162","2022-05-18T07:36:00.000Z","1652859360",
"2551","22b77d7829c68dcd","E2:1F:7B:35:CC:08","24.691358024691358","0","0.18825301204819278","1","162","2022-05-18T07:37:00.000Z","1652859420",
"2551","22b77d7829c68dcd","E2:1F:7B:35:CC:08","23.45679012345679","0","0.18825301204819278","0","162","2022-05-18T07:38:00.000Z","1652859480",
"2551","22b77d7829c68dcd","E2:1F:7B:35:CC:08","43.20987654320987","4","0.19778481012658228","0","162","2022-05-18T07:39:00.000Z","1652859540",
"2551","22b77d7829c68dcd","E2:1F:7B:35:CC:08","35.80246913580247","2","0.20032051282051283","0","162","2022-05-18T07:40:00.000Z","1652859600",
"2551","22b77d7829c68dcd","E2:1F:7B:35:CC:08","49.382716049382715","5","0.19290123456790123","0","162","2022-05-18T07:41:00.000Z","1652859660",
"2551","22b77d7829c68dcd","E2:1F:7B:35:CC:08","55.55555555555556","6","0.19054878048780488","0","162","2022-05-18T07:42:00.000Z","1652859720",
"2551","22b77d7829c68dcd","E2:1F:7B:35:CC:08","45.67901234567901","3","0.19054878048780488","1","162","2022-05-18T07:43:00.000Z","1652859780",
"2551","22b77d7829c68dcd","E2:1F:7B:35:CC:08","40.74074074074074","0","0.18825301204819278","0","162","2022-05-18T07:44:00.000Z","1652859840",
"2551","22b77d7829c68dcd","E2:1F:7B:35:CC:08","30.864197530864196","0","0.18601190476190477","0","162","2022-05-18T07:45:00.000Z","1652859900",
"2551","22b77d7829c68dcd","E2:1F:7B:35:CC:08","32.098765432098766","6","0.1816860465116279","4","162","2022-05-18T07:46:00.000Z","1652859960",
"2551","22b77d7829c68dcd","E2:1F:7B:35:CC:08","49.382716049382715","3","0.18382352941176472","1","162","2022-05-18T07:47:00.000Z","1652860020",
"2551","22b77d7829c68dcd","E2:1F:7B:35:CC:08","44.44444444444444","3","0.18382352941176472","1","162","2022-05-18T07:48:00.000Z","1652860080",
"2551","22b77d7829c68dcd","E2:1F:7B:35:CC:08","65.4320987654321","7","0.18382352941176472","4","162","2022-05-18T07:49:00.000Z","1652860140",
"2551","22b77d7829c68dcd","E2:1F:7B:35:CC:08","97.53086419753086","5","0.19778481012658228","2","162","2022-05-18T07:50:00.000Z","1652860200",
"2551","22b77d7829c68dcd","E2:1F:7B:35:CC:08","100","7","0.10775862068965517","1","162","2022-05-18T07:51:00.000Z","1652860260",
"2551","22b77d7829c68dcd","E2:1F:7B:35:CC:08","91.35802469135803","11","0.06913716814159292","2","162","2022-05-18T07:54:00.000Z","1652860440",
"2551","22b77d7829c68dcd","E2:1F:7B:35:CC:08","100","6","0.0744047619047619","0","162","2022-05-18T07:55:00.000Z","1652860500",
"2551","22b77d7829c68dcd","E2:1F:7B:35:CC:08","100","8","0.10146103896103896","0","162","2022-05-18T07:56:00.000Z","1652860560",
"2551","22b77d7829c68dcd","E2:1F:7B:35:CC:08","100","5","0.09527439024390244","1","162","2022-05-18T07:57:00.000Z","1652860620",
"2551","22b77d7829c68dcd","E2:1F:7B:35:CC:08","100","5","0.08138020833333333","0","162","2022-05-18T07:58:00.000Z","1652860680",
"2551","22b77d7829c68dcd","E2:1F:7B:35:CC:08","100","2","0.07891414141414141","1","162","2022-05-18T07:59:00.000Z","1652860740",
"2551","22b77d7829c68dcd","E2:1F:7B:35:CC:08","93.82716049382717","8","0.11081560283687943","0","162","2022-05-18T08:00:00.000Z","1652860800",
"2551","22b77d7829c68dcd","E2:1F:7B:35:CC:08","92.5925925925926","3","0.09031791907514451","0","162","2022-05-18T08:01:00.000Z","1652860860",
"2551","22b77d7829c68dcd","E2:1F:7B:35:CC:08","97.53086419753086","7","0.07735148514851485","2","162","2022-05-18T08:02:00.000Z","1652860920",
"2551","22b77d7829c68dcd","E2:1F:7B:35:CC:08","97.53086419753086","0","0.08632596685082873","2","162","2022-05-18T08:03:00.000Z","1652860980",
"2551","22b77d7829c68dcd","E2:1F:7B:35:CC:08","90.12345679012346","4","0.07735148514851485","5","162","2022-05-18T08:04:00.000Z","1652861040",
"2551","22b77d7829c68dcd","E2:1F:7B:35:CC:08","90.12345679012346","8","0.11241007194244604","5","162","2022-05-18T08:05:00.000Z","1652861100",
"2551","22b77d7829c68dcd","E2:1F:7B:35:CC:08","87.65432098765432","0","0.11405109489051095","8","162","2022-05-18T08:06:00.000Z","1652861160",
"2551","22b77d7829c68dcd","E2:1F:7B:35:CC:08","83.95061728395062","13","0.11837121212121213","7","162","2022-05-18T08:07:00.000Z","1652861220",
"2551","22b77d7829c68dcd","E2:1F:7B:35:CC:08","83.95061728395062","0","0.09356287425149701","5","162","2022-05-18T08:08:00.000Z","1652861280",
"2551","22b77d7829c68dcd","E2:1F:7B:35:CC:08","82.71604938271605","9","0.10212418300653595","2","162","2022-05-18T08:09:00.000Z","1652861340",
"2551","22b77d7829c68dcd","E2:1F:7B:35:CC:08","92.5925925925926","6","0.16276041666666666","4","162","2022-05-18T08:10:00.000Z","1652861400",
"2551","22b77d7829c68dcd","E2:1F:7B:35:CC:08","92.5925925925926","3","0.16276041666666666","2","162","2022-05-18T08:11:00.000Z","1652861460",
"2551","22b77d7829c68dcd","E2:1F:7B:35:CC:08","100","3","0.06793478260869565","29","162","2022-05-18T08:12:00.000Z","1652861520",
"2551","22b77d7829c68dcd","E2:1F:7B:35:CC:08","100","0","1.953125","19","162","2022-05-18T08:14:00.000Z","1652861640",
"2551","22b77d7829c68dcd","E2:1F:7B:35:CC:08","60.49382716049383","1","0.244140625","0","162","2022-05-18T08:22:00.000Z","1652862120",
"2551","22b77d7829c68dcd","E2:1F:7B:35:CC:08","53.08641975308642","3","0.18382352941176472","7","162","2022-05-18T08:25:00.000Z","1652862300",
"2551","22b77d7829c68dcd","E2:1F:7B:35:CC:08","59.25925925925926","3","0.20833333333333334","12","162","2022-05-18T08:26:00.000Z","1652862360",
"2551","22b77d7829c68dcd","E2:1F:7B:35:CC:08","64.19753086419753","6","0.14076576576576577","5","162","2022-05-18T08:29:00.000Z","1652862540",
"2551","22b77d7829c68dcd","E2:1F:7B:35:CC:08","71.60493827160494","3","0.12303149606299213","8","162","2022-05-18T08:30:00.000Z","1652862600",
"2551","22b77d7829c68dcd","E2:1F:7B:35:CC:08","76.54320987654322","3","0.11927480916030535","12","162","2022-05-18T08:31:00.000Z","1652862660",
"2551","22b77d7829c68dcd","E2:1F:7B:35:CC:08","74.07407407407408","7","0.062250996015936255","7","162","2022-05-18T08:32:00.000Z","1652862720",
"2551","22b77d7829c68dcd","E2:1F:7B:35:CC:08","69.1358024691358","2","0.0946969696969697","11","162","2022-05-18T08:39:00.000Z","1652863140",
"2551","22b77d7829c68dcd","E2:1F:7B:35:CC:08","87.65432098765432","0","0.0785175879396985","4","162","2022-05-18T09:35:00.000Z","1652866500",
"2551","22b77d7829c68dcd","E2:1F:7B:35:CC:08","80.24691358024691","6","0.11405109489051095","5","162","2022-05-18T09:46:00.000Z","1652867160",
"2551","22b77d7829c68dcd","E2:1F:7B:35:CC:08","61.72839506172839","0","0.16276041666666666","1","162","2022-05-18T10:22:00.000Z","1652869320",
"2551","22b77d7829c68dcd","E2:1F:7B:35:CC:08","59.25925925925926","10","0.08680555555555555","2","162","2022-05-18T10:23:00.000Z","1652869380",
"2551","22b77d7829c68dcd","E2:1F:7B:35:CC:08","69.1358024691358","12","0.125","0","162","2022-05-18T10:24:00.000Z","1652869440",
"2551","22b77d7829c68dcd","E2:1F:7B:35:CC:08","79.01234567901234","0","0.11160714285714286","0","162","2022-05-18T10:26:00.000Z","1652869560",
"2551","22b77d7829c68dcd","E2:1F:7B:35:CC:08","79.01234567901234","0","0.1474056603773585","0","162","2022-05-18T10:29:00.000Z","1652869740",
"2551","22b77d7829c68dcd","E2:1F:7B:35:CC:08","75.30864197530865","6","0.07548309178743962","7","162","2022-05-18T10:30:00.000Z","1652869800",
"2551","22b77d7829c68dcd","E2:1F:7B:35:CC:08","67.90123456790124","8","0.18601190476190477","4","162","2022-05-18T10:31:00.000Z","1652869860",
"2551","22b77d7829c68dcd","E2:1F:7B:35:CC:08","62.96296296296296","7","0.10416666666666667","1","162","2022-05-18T10:32:00.000Z","1652869920",
"2551","22b77d7829c68dcd","E2:1F:7B:35:CC:08","74.07407407407408","4","0.062250996015936255","4","162","2022-05-18T10:36:00.000Z","1652870160",
"2551","22b77d7829c68dcd","E2:1F:7B:35:CC:08","74.07407407407408","11","0.15782828282828282","5","162","2022-05-18T10:37:00.000Z","1652870220",
"2551","22b77d7829c68dcd","E2:1F:7B:35:CC:08","74.07407407407408","2","0.10146103896103896","0","162","2022-05-18T10:38:00.000Z","1652870280",
"2551","22b77d7829c68dcd","E2:1F:7B:35:CC:08","95.06172839506173","6","0.08012820512820513","4","162","2022-05-18T10:39:00.000Z","1652870340",
"2551","22b77d7829c68dcd","E2:1F:7B:35:CC:08","100","0","0.09137426900584796","9","162","2022-05-18T10:42:00.000Z","1652870520",
"2551","22b77d7829c68dcd","E2:1F:7B:35:CC:08","100","3","0.23674242424242425","11","162","2022-05-18T10:45:00.000Z","1652870700",
"2551","22b77d7829c68dcd","E2:1F:7B:35:CC:08","100","0","0.1953125","14","162","2022-05-18T10:46:00.000Z","1652870760",
"2551","22b77d7829c68dcd","E2:1F:7B:35:CC:08","100","0","0.125","11","162","2022-05-18T10:47:00.000Z","1652870820",
"2551","22b77d7829c68dcd","E2:1F:7B:35:CC:08","100","4","0.062250996015936255","11","162","2022-05-18T10:48:00.000Z","1652870880",
"2551","22b77d7829c68dcd","E2:1F:7B:35:CC:08","100","4","0.1166044776119403","2","162","2022-05-18T10:49:00.000Z","1652870940",
"2551","22b77d7829c68dcd","E2:1F:7B:35:CC:08","100","5","0.10486577181208054","1","163","2022-05-18T11:14:00.000Z","1652872440",
"2551","22b77d7829c68dcd","E2:1F:7B:35:CC:08","100","3","0.13827433628318583","9","163","2022-05-18T11:15:00.000Z","1652872500",
"2551","22b77d7829c68dcd","E2:1F:7B:35:CC:08","96.93251533742331","5","0.09645061728395062","25","163","2022-05-18T11:16:00.000Z","1652872560",
"2551","22b77d7829c68dcd","E2:1F:7B:35:CC:08","95.70552147239263","11","0.10850694444444445","32","163","2022-05-18T11:17:00.000Z","1652872620",
"2551","22b77d7829c68dcd","E2:1F:7B:35:CC:08","96.93251533742331","6","0.13354700854700854","7","163","2022-05-18T11:18:00.000Z","1652872680",
"2551","22b77d7829c68dcd","E2:1F:7B:35:CC:08","100","3","0.27901785714285715","15","163","2022-05-18T11:19:00.000Z","1652872740",
"2551","22b77d7829c68dcd","E2:1F:7B:35:CC:08","100","3","0.09827044025157233","15","163","2022-05-18T11:20:00.000Z","1652872800",
"2551","22b77d7829c68dcd","E2:1F:7B:35:CC:08","100","6","0.16276041666666666","19","163","2022-05-18T11:21:00.000Z","1652872860",
"2551","22b77d7829c68dcd","E2:1F:7B:35:CC:08","94.47852760736197","7","0.19290123456790123","15","163","2022-05-18T11:22:00.000Z","1652872920",
"2551","22b77d7829c68dcd","E2:1F:7B:35:CC:08","93.25153374233129","3","0.13950892857142858","18","163","2022-05-18T11:23:00.000Z","1652872980",
"2551","22b77d7829c68dcd","E2:1F:7B:35:CC:08","89.57055214723927","0","0.3004807692307692","16","163","2022-05-18T11:24:00.000Z","1652873040",
"2551","22b77d7829c68dcd","E2:1F:7B:35:CC:08","88.34355828220859","10","0.15318627450980393","12","163","2022-05-18T11:25:00.000Z","1652873100",
"2551","22b77d7829c68dcd","E2:1F:7B:35:CC:08","71.16564417177914","2","0.15318627450980393","5","163","2022-05-18T11:26:00.000Z","1652873160",
"2551","22b77d7829c68dcd","E2:1F:7B:35:CC:08","73.61963190184049","6","0.15625","9","163","2022-05-18T11:27:00.000Z","1652873220",
"2551","22b77d7829c68dcd","E2:1F:7B:35:CC:08","100","7","0.11160714285714286","8","163","2022-05-18T11:30:00.000Z","1652873400",
"2551","22b77d7829c68dcd","E2:1F:7B:35:CC:08","100","6","0.10279605263157894","7","163","2022-05-18T11:31:00.000Z","1652873460",
"2551","22b77d7829c68dcd","E2:1F:7B:35:CC:08","100","5","0.12807377049180327","11","163","2022-05-18T11:32:00.000Z","1652873520",
"2551","22b77d7829c68dcd","E2:1F:7B:35:CC:08","100","4","0.1488095238095238","22","163","2022-05-18T11:33:00.000Z","1652873580",
"2551","22b77d7829c68dcd","E2:1F:7B:35:CC:08","100","14","0.09765625","85","163","2022-05-18T11:39:00.000Z","1652873940",
"2551","22b77d7829c68dcd","E2:1F:7B:35:CC:08","95.70552147239263","10","0.10080645161290322","67","163","2022-05-18T11:40:00.000Z","1652874000",
"2551","22b77d7829c68dcd","E2:1F:7B:35:CC:08","83.43558282208589","0","0.13241525423728814","58","163","2022-05-18T11:41:00.000Z","1652874060",
"2551","22b77d7829c68dcd","E2:1F:7B:35:CC:08","67.48466257668711","8","0.16108247422680413","0","163","2022-05-18T11:45:00.000Z","1652874300",
"2551","22b77d7829c68dcd","E2:1F:7B:35:CC:08","67.48466257668711","12","0.13354700854700854","2","163","2022-05-18T11:46:00.000Z","1652874360",
"2551","22b77d7829c68dcd","E2:1F:7B:35:CC:08","51.533742331288344","5","0.1174812030075188","8","163","2022-05-18T11:47:00.000Z","1652874420",
"2551","22b77d7829c68dcd","E2:1F:7B:35:CC:08","39.263803680981596","2","0.12807377049180327","0","163","2022-05-18T11:48:00.000Z","1652874480",
"2551","22b77d7829c68dcd","E2:1F:7B:35:CC:08","38.03680981595092","5","0.09137426900584796","0","163","2022-05-18T11:49:00.000Z","1652874540",
"2551","22b77d7829c68dcd","E2:1F:7B:35:CC:08","51.533742331288344","12","0.09889240506329114","1","163","2022-05-18T11:51:00.000Z","1652874660",
"2551","22b77d7829c68dcd","E2:1F:7B:35:CC:08","67.48466257668711","10","0.12703252032520326","2","163","2022-05-18T11:52:00.000Z","1652874720",
"2551","22b77d7829c68dcd","E2:1F:7B:35:CC:08","68.71165644171779","0","0.14204545454545456","0","163","2022-05-18T11:53:00.000Z","1652874780",
"2551","22b77d7829c68dcd","E2:1F:7B:35:CC:08","62.576687116564415","7","0.17755681818181818","16","163","2022-05-18T11:54:00.000Z","1652874840",
"2551","22b77d7829c68dcd","E2:1F:7B:35:CC:08","41.717791411042946","1","0.19290123456790123","32","163","2022-05-18T11:55:00.000Z","1652874900",
"2551","22b77d7829c68dcd","E2:1F:7B:35:CC:08","36.809815950920246","0","0.12703252032520326","12","163","2022-05-18T11:56:00.000Z","1652874960",
"2551","22b77d7829c68dcd","E2:1F:7B:35:CC:08","36.809815950920246","5","0.14204545454545456","2","163","2022-05-18T11:57:00.000Z","1652875020",
"2551","22b77d7829c68dcd","E2:1F:7B:35:CC:08","44.171779141104295","12","0.1547029702970297","1","163","2022-05-18T11:58:00.000Z","1652875080",
"2551","22b77d7829c68dcd","E2:1F:7B:35:CC:08","49.079754601226995","5","0.15169902912621358","16","163","2022-05-18T12:01:00.000Z","1652875260",
"2551","22b77d7829c68dcd","E2:1F:7B:35:CC:08","90.79754601226993","12","0.08311170212765957","0","163","2022-05-18T12:06:00.000Z","1652875560",
"2551","22b77d7829c68dcd","E2:1F:7B:35:CC:08","96.93251533742331","6","0.07301401869158879","0","163","2022-05-18T12:07:00.000Z","1652875620",
"2551","22b77d7829c68dcd","E2:1F:7B:35:CC:08","100","12","0.1166044776119403","0","163","2022-05-18T12:08:00.000Z","1652875680",
"2551","22b77d7829c68dcd","E2:1F:7B:35:CC:08","100","0","0.14076576576576577","0","163","2022-05-18T12:09:00.000Z","1652875740",
"2551","22b77d7829c68dcd","E2:1F:7B:35:CC:08","100","6","0.11081560283687943","0","163","2022-05-18T12:10:00.000Z","1652875800",
"2551","22b77d7829c68dcd","E2:1F:7B:35:CC:08","100","4","0.12703252032520326","0","163","2022-05-18T12:11:00.000Z","1652875860",
"2551","22b77d7829c68dcd","E2:1F:7B:35:CC:08","94.47852760736197","12","0.13706140350877194","1","163","2022-05-18T12:12:00.000Z","1652875920",
"2551","22b77d7829c68dcd","E2:1F:7B:35:CC:08","72.39263803680981","4","0.15318627450980393","0","163","2022-05-18T12:13:00.000Z","1652875980",
"2551","22b77d7829c68dcd","E2:1F:7B:35:CC:08","57.668711656441715","3","0.1547029702970297","0","163","2022-05-18T12:14:00.000Z","1652876040",
"2551","22b77d7829c68dcd","E2:1F:7B:35:CC:08","99.38650306748467","4","0.15943877551020408","1","163","2022-05-18T12:15:00.000Z","1652876100",
"2551","22b77d7829c68dcd","E2:1F:7B:35:CC:08","72.39263803680981","5","0.16801075268817203","0","163","2022-05-18T12:16:00.000Z","1652876160",
"2551","22b77d7829c68dcd","E2:1F:7B:35:CC:08","51.533742331288344","8","0.175561797752809","5","163","2022-05-18T12:17:00.000Z","1652876220",
"2551","22b77d7829c68dcd","E2:1F:7B:35:CC:08","53.987730061349694","4","0.1736111111111111","0","163","2022-05-18T12:18:00.000Z","1652876280",
"2551","22b77d7829c68dcd","E2:1F:7B:35:CC:08","42.94478527607362","3","0.19054878048780488","0","163","2022-05-18T12:19:00.000Z","1652876340",
"2551","22b77d7829c68dcd","E2:1F:7B:35:CC:08","53.987730061349694","1","0.18825301204819278","1","163","2022-05-18T12:20:00.000Z","1652876400",
"2551","22b77d7829c68dcd","E2:1F:7B:35:CC:08","46.625766871165645","5","0.21404109589041095","0","163","2022-05-18T12:21:00.000Z","1652876460",
"2551","22b77d7829c68dcd","E2:1F:7B:35:CC:08","41.717791411042946","2","0.18382352941176472","0","163","2022-05-18T12:22:00.000Z","1652876520",
"2551","22b77d7829c68dcd","E2:1F:7B:35:CC:08","36.809815950920246","2","0.20032051282051283","0","163","2022-05-18T12:23:00.000Z","1652876580",
"2551","22b77d7829c68dcd","E2:1F:7B:35:CC:08","41.717791411042946","4","0.16622340425531915","1","163","2022-05-18T12:24:00.000Z","1652876640",
"2551","22b77d7829c68dcd","E2:1F:7B:35:CC:08","56.441717791411044","5","0.09765625","0","163","2022-05-18T12:25:00.000Z","1652876700",
"2551","22b77d7829c68dcd","E2:1F:7B:35:CC:08","84.66257668711657","10","0.14467592592592593","0","163","2022-05-18T12:26:00.000Z","1652876760",
"2551","22b77d7829c68dcd","E2:1F:7B:35:CC:08","77.30061349693251","9","0.1358695652173913","2","163","2022-05-18T12:27:00.000Z","1652876820",
"2551","22b77d7829c68dcd","E2:1F:7B:35:CC:08","60.122699386503065","6","0.0740521327014218","1","163","2022-05-18T12:28:00.000Z","1652876880",
"2551","22b77d7829c68dcd","E2:1F:7B:35:CC:08","82.20858895705521","8","0.062250996015936255","0","163","2022-05-18T12:29:00.000Z","1652876940",
"2551","22b77d7829c68dcd","E2:1F:7B:35:CC:08","90.79754601226993","3","0.09645061728395062","0","163","2022-05-18T12:38:00.000Z","1652877480",
"2551","22b77d7829c68dcd","E2:1F:7B:35:CC:08","84.66257668711657","8","0.09527439024390244","0","163","2022-05-18T12:39:00.000Z","1652877540",
"2551","22b77d7829c68dcd","E2:1F:7B:35:CC:08","79.75460122699387","7","0.062250996015936255","0","163","2022-05-18T12:40:00.000Z","1652877600",
"2551","22b77d7829c68dcd","E2:1F:7B:35:CC:08","84.66257668711657","2","0.12112403100775193","5","163","2022-05-18T12:44:00.000Z","1652877840",
"2551","22b77d7829c68dcd","E2:1F:7B:35:CC:08","71.16564417177914","7","0.17959770114942528","0","163","2022-05-18T12:45:00.000Z","1652877900",
"2551","22b77d7829c68dcd","E2:1F:7B:35:CC:08","62.576687116564415","2","0.062250996015936255","0","163","2022-05-18T12:46:00.000Z","1652877960",
"2551","22b77d7829c68dcd","E2:1F:7B:35:CC:08","95.70552147239263","6","0.11405109489051095","0","163","2022-05-18T12:47:00.000Z","1652878020",
"2551","22b77d7829c68dcd","E2:1F:7B:35:CC:08","98.15950920245399","6","0.1358695652173913","0","163","2022-05-18T12:48:00.000Z","1652878080",
"2551","22b77d7829c68dcd","E2:1F:7B:35:CC:08","52.760736196319016","0","0.14602803738317757","0","163","2022-05-18T12:49:00.000Z","1652878140",
"2551","22b77d7829c68dcd","E2:1F:7B:35:CC:08","51.533742331288344","1","0.15625","2","163","2022-05-18T12:50:00.000Z","1652878200",
"2551","22b77d7829c68dcd","E2:1F:7B:35:CC:08","33.12883435582822","0","0.1717032967032967","0","163","2022-05-18T12:51:00.000Z","1652878260",
"2551","22b77d7829c68dcd","E2:1F:7B:35:CC:08","19.631901840490798","0","0.17959770114942528","0","163","2022-05-18T12:52:00.000Z","1652878320",
"2551","22b77d7829c68dcd","E2:1F:7B:35:CC:08","18.404907975460123","9","0.07621951219512195","0","163","2022-05-18T12:55:00.000Z","1652878500",
"2551","22b77d7829c68dcd","E2:1F:7B:35:CC:08","35.58282208588957","4","2.6041666666666665","2","163","2022-05-18T12:58:00.000Z","1652878680",
"2551","22b77d7829c68dcd","E2:1F:7B:35:CC:08","87.11656441717791","1","1.7361111111111112","0","163","2022-05-18T12:59:00.000Z","1652878740",
"2551","22b77d7829c68dcd","E2:1F:7B:35:CC:08","84.66257668711657","0","1.1160714285714286","7","163","2022-05-18T13:00:00.000Z","1652878800",
"2551","22b77d7829c68dcd","E2:1F:7B:35:CC:08","78.52760736196319","2","0.78125","4","163","2022-05-18T13:01:00.000Z","1652878860",
"2551","22b77d7829c68dcd","E2:1F:7B:35:CC:08","82.20858895705521","0","0.5387931034482759","0","163","2022-05-18T13:02:00.000Z","1652878920",
"2551","22b77d7829c68dcd","E2:1F:7B:35:CC:08","60.122699386503065","0","0.11081560283687943","0","163","2022-05-18T13:03:00.000Z","1652878980",
"2551","22b77d7829c68dcd","E2:1F:7B:35:CC:08","61.34969325153374","10","0.13827433628318583","0","163","2022-05-18T13:04:00.000Z","1652879040",
"2551","22b77d7829c68dcd","E2:1F:7B:35:CC:08","69.93865030674847","3","0.16447368421052633","1","163","2022-05-18T13:05:00.000Z","1652879100",
"2551","22b77d7829c68dcd","E2:1F:7B:35:CC:08","68.71165644171779","1","0.1717032967032967","0","163","2022-05-18T13:06:00.000Z","1652879160",
"2551","22b77d7829c68dcd","E2:1F:7B:35:CC:08","72.39263803680981","9","0.1166044776119403","1","163","2022-05-18T13:07:00.000Z","1652879220",
"2551","22b77d7829c68dcd","E2:1F:7B:35:CC:08","83.43558282208589","8","0.16108247422680413","1","163","2022-05-18T13:08:00.000Z","1652879280",
"2551","22b77d7829c68dcd","E2:1F:7B:35:CC:08","72.39263803680981","9","0.1717032967032967","2","163","2022-05-18T13:09:00.000Z","1652879340",
"2551","22b77d7829c68dcd","E2:1F:7B:35:CC:08","68.71165644171779","7","0.10347682119205298","7","163","2022-05-18T13:10:00.000Z","1652879400",
"2551","22b77d7829c68dcd","E2:1F:7B:35:CC:08","87.11656441717791","11","0.15782828282828282","5","163","2022-05-18T13:11:00.000Z","1652879460",
"2551","22b77d7829c68dcd","E2:1F:7B:35:CC:08","77.30061349693251","7","0.10080645161290322","5","163","2022-05-18T13:12:00.000Z","1652879520",
"2551","22b77d7829c68dcd","E2:1F:7B:35:CC:08","89.57055214723927","0","0.1358695652173913","0","163","2022-05-18T13:27:00.000Z","1652880420",
"2551","22b77d7829c68dcd","E2:1F:7B:35:CC:08","96.93251533742331","7","0.15169902912621358","0","163","2022-05-18T13:28:00.000Z","1652880480",
"2551","22b77d7829c68dcd","E2:1F:7B:35:CC:08","100","10","0.22644927536231885","7","163","2022-05-18T13:29:00.000Z","1652880540",
"2551","22b77d7829c68dcd","E2:1F:7B:35:CC:08","99.38650306748467","0","0.21114864864864866","2","163","2022-05-18T13:30:00.000Z","1652880600",
"2551","22b77d7829c68dcd","E2:1F:7B:35:CC:08","100","8","0.25614754098360654","7","163","2022-05-18T13:31:00.000Z","1652880660",
"2551","22b77d7829c68dcd","E2:1F:7B:35:CC:08","88.34355828220859","4","0.14602803738317757","1","163","2022-05-18T13:32:00.000Z","1652880720",
"2551","22b77d7829c68dcd","E2:1F:7B:35:CC:08","84.66257668711657","8","0.25201612903225806","8","163","2022-05-18T13:33:00.000Z","1652880780",
"2551","22b77d7829c68dcd","E2:1F:7B:35:CC:08","90.79754601226993","4","0.21404109589041095","11","163","2022-05-18T13:34:00.000Z","1652880840",
"2551","22b77d7829c68dcd","E2:1F:7B:35:CC:08","90.79754601226993","10","0.2648305084745763","1","163","2022-05-18T13:35:00.000Z","1652880900",
"2551","22b77d7829c68dcd","E2:1F:7B:35:CC:08","82.20858895705521","2","0.22007042253521128","19","163","2022-05-18T13:36:00.000Z","1652880960",
"2551","22b77d7829c68dcd","E2:1F:7B:35:CC:08","77.30061349693251","0","0.13950892857142858","9","163","2022-05-18T13:37:00.000Z","1652881020",
"2551","22b77d7829c68dcd","E2:1F:7B:35:CC:08","71.16564417177914","9","0.18382352941176472","5","163","2022-05-18T13:38:00.000Z","1652881080",
"2551","22b77d7829c68dcd","E2:1F:7B:35:CC:08","66.25766871165644","4","0.16108247422680413","2","163","2022-05-18T13:39:00.000Z","1652881140",
"2551","22b77d7829c68dcd","E2:1F:7B:35:CC:08","80.98159509202453","6","0.125","0","163","2022-05-18T13:44:00.000Z","1652881440",
"2551","22b77d7829c68dcd","E2:1F:7B:35:CC:08","87.11656441717791","14","0.09765625","0","163","2022-05-18T13:45:00.000Z","1652881500",
"2551","22b77d7829c68dcd","E2:1F:7B:35:CC:08","88.34355828220859","8","0.15169902912621358","22","163","2022-05-18T13:49:00.000Z","1652881740",
"2551","22b77d7829c68dcd","E2:1F:7B:35:CC:08","79.75460122699387","6","0.16983695652173914","1","163","2022-05-18T13:50:00.000Z","1652881800",
"2551","22b77d7829c68dcd","E2:1F:7B:35:CC:08","96.93251533742331","1","0.1358695652173913","42","163","2022-05-18T13:51:00.000Z","1652881860",
"2551","22b77d7829c68dcd","E2:1F:7B:35:CC:08","94.47852760736197","0","0.13130252100840337","1","163","2022-05-18T13:52:00.000Z","1652881920",
"2551","22b77d7829c68dcd","E2:1F:7B:35:CC:08","74.84662576687117","4","0.16801075268817203","1","163","2022-05-18T13:53:00.000Z","1652881980",
"2551","22b77d7829c68dcd","E2:1F:7B:35:CC:08","46.625766871165645","1","0.1502403846153846","0","163","2022-05-18T13:54:00.000Z","1652882040",
"2551","22b77d7829c68dcd","E2:1F:7B:35:CC:08","40.49079754601227","0","0.14602803738317757","1","163","2022-05-18T13:55:00.000Z","1652882100",
"2551","22b77d7829c68dcd","E2:1F:7B:35:CC:08","41.717791411042946","3","0.15169902912621358","5","163","2022-05-18T13:56:00.000Z","1652882160",
"2551","22b77d7829c68dcd","E2:1F:7B:35:CC:08","41.717791411042946","3","0.15943877551020408","2","163","2022-05-18T13:57:00.000Z","1652882220",
"2551","22b77d7829c68dcd","E2:1F:7B:35:CC:08","29.447852760736197","1","0.1488095238095238","0","163","2022-05-18T13:58:00.000Z","1652882280",
"2551","22b77d7829c68dcd","E2:1F:7B:35:CC:08","45.39877300613497","4","0.16276041666666666","0","163","2022-05-18T13:59:00.000Z","1652882340",
"2551","22b77d7829c68dcd","E2:1F:7B:35:CC:08","36.809815950920246","0","0.2170138888888889","0","163","2022-05-18T14:00:00.000Z","1652882400",
"2551","22b77d7829c68dcd","E2:1F:7B:35:CC:08","45.39877300613497","7","0.17959770114942528","0","163","2022-05-18T14:01:00.000Z","1652882460",
"2551","22b77d7829c68dcd","E2:1F:7B:35:CC:08","47.852760736196316","5","0.11574074074074074","0","163","2022-05-18T14:02:00.000Z","1652882520",
"2551","22b77d7829c68dcd","E2:1F:7B:35:CC:08","62.576687116564415","3","0.16801075268817203","0","163","2022-05-18T14:03:00.000Z","1652882580",
"2551","22b77d7829c68dcd","E2:1F:7B:35:CC:08","65.03067484662577","2","0.16622340425531915","0","163","2022-05-18T14:04:00.000Z","1652882640",
"2551","22b77d7829c68dcd","E2:1F:7B:35:CC:08","62.576687116564415","7","0.15318627450980393","2","163","2022-05-18T14:05:00.000Z","1652882700",
"2551","22b77d7829c68dcd","E2:1F:7B:35:CC:08","65.03067484662577","13","0.15943877551020408","2","163","2022-05-18T14:06:00.000Z","1652882760",
"2551","22b77d7829c68dcd","E2:1F:7B:35:CC:08","57.668711656441715","6","0.11160714285714286","5","163","2022-05-18T14:07:00.000Z","1652882820",
"2551","22b77d7829c68dcd","E2:1F:7B:35:CC:08","67.48466257668711","5","0.14467592592592593","1","163","2022-05-18T14:08:00.000Z","1652882880",
"2551","22b77d7829c68dcd","E2:1F:7B:35:CC:08","65.03067484662577","4","0.2840909090909091","0","163","2022-05-18T14:09:00.000Z","1652882940",
"2551","22b77d7829c68dcd","E2:1F:7B:35:CC:08","60.122699386503065","12","0.13706140350877194","0","163","2022-05-18T14:10:00.000Z","1652883000",
"2551","22b77d7829c68dcd","E2:1F:7B:35:CC:08","42.94478527607362","3","0.15169902912621358","0","163","2022-05-18T14:11:00.000Z","1652883060",
"2551","22b77d7829c68dcd","E2:1F:7B:35:CC:08","42.94478527607362","3","0.14602803738317757","1","163","2022-05-18T14:12:00.000Z","1652883120",
"2551","22b77d7829c68dcd","E2:1F:7B:35:CC:08","63.80368098159509","9","0.13130252100840337","0","163","2022-05-18T14:13:00.000Z","1652883180",
"2551","22b77d7829c68dcd","E2:1F:7B:35:CC:08","67.48466257668711","7","0.15625","0","163","2022-05-18T14:14:00.000Z","1652883240",
"2551","22b77d7829c68dcd","E2:1F:7B:35:CC:08","44.171779141104295","2","0.16108247422680413","0","163","2022-05-18T14:15:00.000Z","1652883300",
"2551","22b77d7829c68dcd","E2:1F:7B:35:CC:08","30.67484662576687","2","0.16983695652173914","0","163","2022-05-18T14:16:00.000Z","1652883360",
"2551","22b77d7829c68dcd","E2:1F:7B:35:CC:08","25.766871165644172","1","0.14467592592592593","0","163","2022-05-18T14:17:00.000Z","1652883420",
"2551","22b77d7829c68dcd","E2:1F:7B:35:CC:08","52.760736196319016","5","0.19778481012658228","0","163","2022-05-18T14:18:00.000Z","1652883480",
"2551","22b77d7829c68dcd","E2:1F:7B:35:CC:08","51.533742331288344","3","0.20559210526315788","0","163","2022-05-18T14:19:00.000Z","1652883540",
"2551","22b77d7829c68dcd","E2:1F:7B:35:CC:08","57.668711656441715","6","0.09527439024390244","1","163","2022-05-18T14:21:00.000Z","1652883660",
"2551","22b77d7829c68dcd","E2:1F:7B:35:CC:08","90.79754601226993","10","0.13241525423728814","1","163","2022-05-18T14:22:00.000Z","1652883720",
"2551","22b77d7829c68dcd","E2:1F:7B:35:CC:08","100","4","0.11927480916030535","0","163","2022-05-18T14:23:00.000Z","1652883780",
"2551","22b77d7829c68dcd","E2:1F:7B:35:CC:08","83.43558282208589","1","0.125","0","163","2022-05-18T14:24:00.000Z","1652883840",
"2551","22b77d7829c68dcd","E2:1F:7B:35:CC:08","60.122699386503065","5","0.15625","0","163","2022-05-18T14:25:00.000Z","1652883900",
"2551","22b77d7829c68dcd","E2:1F:7B:35:CC:08","68.71165644171779","9","0.0877808988764045","0","163","2022-05-18T14:30:00.000Z","1652884200",
"2551","22b77d7829c68dcd","E2:1F:7B:35:CC:08","61.34969325153374","4","0.08632596685082873","0","163","2022-05-18T14:31:00.000Z","1652884260",
"2551","22b77d7829c68dcd","E2:1F:7B:35:CC:08","49.079754601226995","10","0.10279605263157894","4","163","2022-05-18T14:35:00.000Z","1652884500",
"2551","22b77d7829c68dcd","E2:1F:7B:35:CC:08","50.306748466257666","10","0.08180628272251309","0","163","2022-05-18T14:37:00.000Z","1652884620",
"2551","22b77d7829c68dcd","E2:1F:7B:35:CC:08","57.668711656441715","9","0.11488970588235294","1","163","2022-05-18T14:38:00.000Z","1652884680",
"2551","22b77d7829c68dcd","E2:1F:7B:35:CC:08","94.47852760736197","5","0.10926573426573427","23","163","2022-05-18T14:43:00.000Z","1652884980",
"2551","22b77d7829c68dcd","E2:1F:7B:35:CC:08","100","12","0.08445945945945946","30","163","2022-05-18T14:44:00.000Z","1652885040",
"2551","22b77d7829c68dcd","E2:1F:7B:35:CC:08","100","6","0.1816860465116279","42","163","2022-05-18T14:45:00.000Z","1652885100",
"2551","22b77d7829c68dcd","E2:1F:7B:35:CC:08","87.11656441717791","8","0.1474056603773585","32","163","2022-05-18T14:46:00.000Z","1652885160",
"2551","22b77d7829c68dcd","E2:1F:7B:35:CC:08","74.84662576687117","7","0.16108247422680413","25","163","2022-05-18T14:47:00.000Z","1652885220",
"2551","22b77d7829c68dcd","E2:1F:7B:35:CC:08","74.84662576687117","5","0.17959770114942528","0","163","2022-05-18T14:48:00.000Z","1652885280",
"2551","22b77d7829c68dcd","E2:1F:7B:35:CC:08","79.75460122699387","6","0.1358695652173913","0","163","2022-05-18T14:49:00.000Z","1652885340",
"2551","22b77d7829c68dcd","E2:1F:7B:35:CC:08","69.93865030674847","4","0.1816860465116279","0","163","2022-05-18T14:50:00.000Z","1652885400",
"2551","22b77d7829c68dcd","E2:1F:7B:35:CC:08","55.214723926380366","2","0.1736111111111111","0","163","2022-05-18T14:51:00.000Z","1652885460",
"2551","22b77d7829c68dcd","E2:1F:7B:35:CC:08","61.34969325153374","4","0.17755681818181818","0","163","2022-05-18T14:52:00.000Z","1652885520",
"2551","22b77d7829c68dcd","E2:1F:7B:35:CC:08","34.355828220858896","0","0.1736111111111111","0","163","2022-05-18T14:53:00.000Z","1652885580",
"2551","22b77d7829c68dcd","E2:1F:7B:35:CC:08","47.852760736196316","5","0.1474056603773585","0","163","2022-05-18T14:54:00.000Z","1652885640",
"2551","22b77d7829c68dcd","E2:1F:7B:35:CC:08","55.214723926380366","6","0.1736111111111111","7","163","2022-05-18T14:55:00.000Z","1652885700",
"2551","22b77d7829c68dcd","E2:1F:7B:35:CC:08","38.03680981595092","0","0.16447368421052633","0","163","2022-05-18T14:56:00.000Z","1652885760",
"2551","22b77d7829c68dcd","E2:1F:7B:35:CC:08","36.809815950920246","5","0.19054878048780488","0","163","2022-05-18T14:57:00.000Z","1652885820",
"2551","22b77d7829c68dcd","E2:1F:7B:35:CC:08","20.858895705521473","0","0.20032051282051283","0","163","2022-05-18T14:58:00.000Z","1652885880",
"2551","22b77d7829c68dcd","E2:1F:7B:35:CC:08","13.496932515337424","0","0.20559210526315788","0","163","2022-05-18T14:59:00.000Z","1652885940",
"2551","22b77d7829c68dcd","E2:1F:7B:35:CC:08","23.312883435582823","1","0.18382352941176472","0","163","2022-05-18T15:00:00.000Z","1652886000",
"2551","22b77d7829c68dcd","E2:1F:7B:35:CC:08","19.631901840490798","0","0.19778481012658228","0","163","2022-05-18T15:01:00.000Z","1652886060",
"2551","22b77d7829c68dcd","E2:1F:7B:35:CC:08","12.269938650306749","0","0.20292207792207792","0","163","2022-05-18T15:02:00.000Z","1652886120",
"2551","22b77d7829c68dcd","E2:1F:7B:35:CC:08","12.269938650306749","0","0.20559210526315788","0","163","2022-05-18T15:03:00.000Z","1652886180",
"2551","22b77d7829c68dcd","E2:1F:7B:35:CC:08","7.361963190184049","0","0.20292207792207792","0","163","2022-05-18T15:04:00.000Z","1652886240",
"2551","22b77d7829c68dcd","E2:1F:7B:35:CC:08","8.588957055214724","0","0.20833333333333334","0","163","2022-05-18T15:05:00.000Z","1652886300",
"2551","22b77d7829c68dcd","E2:1F:7B:35:CC:08","7.361963190184049","0","0.19778481012658228","0","163","2022-05-18T15:06:00.000Z","1652886360",
"2551","22b77d7829c68dcd","E2:1F:7B:35:CC:08","15.950920245398773","0","0.21114864864864866","0","163","2022-05-18T15:07:00.000Z","1652886420",
"2551","22b77d7829c68dcd","E2:1F:7B:35:CC:08","15.950920245398773","0","0.21404109589041095","0","163","2022-05-18T15:08:00.000Z","1652886480",
"2551","22b77d7829c68dcd","E2:1F:7B:35:CC:08","30.67484662576687","2","0.20833333333333334","0","163","2022-05-18T15:09:00.000Z","1652886540",
"2551","22b77d7829c68dcd","E2:1F:7B:35:CC:08","41.717791411042946","1","0.19054878048780488","0","163","2022-05-18T15:10:00.000Z","1652886600",
"2551","22b77d7829c68dcd","E2:1F:7B:35:CC:08","55.214723926380366","2","0.22644927536231885","0","163","2022-05-18T15:11:00.000Z","1652886660",
"2551","22b77d7829c68dcd","E2:1F:7B:35:CC:08","51.533742331288344","0","0.21114864864864866","0","163","2022-05-18T15:12:00.000Z","1652886720",
"2551","22b77d7829c68dcd","E2:1F:7B:35:CC:08","60.122699386503065","9","0.11405109489051095","0","163","2022-05-18T15:13:00.000Z","1652886780",
"2551","22b77d7829c68dcd","E2:1F:7B:35:CC:08","47.852760736196316","4","0.13354700854700854","0","163","2022-05-18T15:14:00.000Z","1652886840",
"2551","22b77d7829c68dcd","E2:1F:7B:35:CC:08","25.766871165644172","0","0.13827433628318583","0","163","2022-05-18T15:15:00.000Z","1652886900",
"2551","22b77d7829c68dcd","E2:1F:7B:35:CC:08","28.220858895705522","3","0.14467592592592593","0","163","2022-05-18T15:16:00.000Z","1652886960",
"2551","22b77d7829c68dcd","E2:1F:7B:35:CC:08","24.539877300613497","0","0.15943877551020408","0","163","2022-05-18T15:17:00.000Z","1652887020",
"2551","22b77d7829c68dcd","E2:1F:7B:35:CC:08","34.355828220858896","4","0.12303149606299213","1","163","2022-05-18T15:18:00.000Z","1652887080",
"2551","22b77d7829c68dcd","E2:1F:7B:35:CC:08","45.39877300613497","4","0.14602803738317757","0","163","2022-05-18T15:19:00.000Z","1652887140",
"2551","22b77d7829c68dcd","E2:1F:7B:35:CC:08","29.447852760736197","0","0.15943877551020408","0","163","2022-05-18T15:20:00.000Z","1652887200",
"2551","22b77d7829c68dcd","E2:1F:7B:35:CC:08","19.631901840490798","0","0.16983695652173914","0","163","2022-05-18T15:21:00.000Z","1652887260",
"2551","22b77d7829c68dcd","E2:1F:7B:35:CC:08","19.631901840490798","0","0.17755681818181818","0","163","2022-05-18T15:22:00.000Z","1652887320",
"2551","22b77d7829c68dcd","E2:1F:7B:35:CC:08","18.404907975460123","1","0.1717032967032967","0","163","2022-05-18T15:23:00.000Z","1652887380",
"2551","22b77d7829c68dcd","E2:1F:7B:35:CC:08","26.993865030674847","5","0.17959770114942528","0","163","2022-05-18T15:24:00.000Z","1652887440",
"2551","22b77d7829c68dcd","E2:1F:7B:35:CC:08","31.901840490797547","3","0.17959770114942528","0","163","2022-05-18T15:25:00.000Z","1652887500",
"2551","22b77d7829c68dcd","E2:1F:7B:35:CC:08","50.306748466257666","6","0.11405109489051095","0","163","2022-05-18T15:26:00.000Z","1652887560",
"2551","22b77d7829c68dcd","E2:1F:7B:35:CC:08","52.760736196319016","9","0.13130252100840337","0","163","2022-05-18T15:27:00.000Z","1652887620",
"2551","22b77d7829c68dcd","E2:1F:7B:35:CC:08","82.20858895705521","8","0.1220703125","4","163","2022-05-18T15:28:00.000Z","1652887680",
"2551","22b77d7829c68dcd","E2:1F:7B:35:CC:08","66.25766871165644","3","0.14467592592592593","0","163","2022-05-18T15:29:00.000Z","1652887740",
"2551","22b77d7829c68dcd","E2:1F:7B:35:CC:08","61.34969325153374","2","0.14204545454545456","0","163","2022-05-18T15:30:00.000Z","1652887800",
"2551","22b77d7829c68dcd","E2:1F:7B:35:CC:08","55.214723926380366","1","0.13469827586206898","0","163","2022-05-18T15:31:00.000Z","1652887860",
"2551","22b77d7829c68dcd","E2:1F:7B:35:CC:08","42.94478527607362","1","0.143348623853211","0","163","2022-05-18T15:32:00.000Z","1652887920",
"2551","22b77d7829c68dcd","E2:1F:7B:35:CC:08","40.49079754601227","6","0.13020833333333334","1","163","2022-05-18T15:33:00.000Z","1652887980",
"2551","22b77d7829c68dcd","E2:1F:7B:35:CC:08","85.88957055214723","4","0.125","0","163","2022-05-18T15:34:00.000Z","1652888040",
"2551","22b77d7829c68dcd","E2:1F:7B:35:CC:08","45.39877300613497","0","0.1358695652173913","0","163","2022-05-18T15:35:00.000Z","1652888100",
"2551","22b77d7829c68dcd","E2:1F:7B:35:CC:08","24.539877300613497","0","0.143348623853211","0","163","2022-05-18T15:36:00.000Z","1652888160",
"2551","22b77d7829c68dcd","E2:1F:7B:35:CC:08","23.312883435582823","1","0.13241525423728814","1","163","2022-05-18T15:37:00.000Z","1652888220",
"2551","22b77d7829c68dcd","E2:1F:7B:35:CC:08","38.03680981595092","1","0.1488095238095238","2","163","2022-05-18T15:38:00.000Z","1652888280",
"2551","22b77d7829c68dcd","E2:1F:7B:35:CC:08","51.533742331288344","1","0.1488095238095238","1","163","2022-05-18T15:39:00.000Z","1652888340",
"2551","22b77d7829c68dcd","E2:1F:7B:35:CC:08","26.993865030674847","0","0.15625","0","163","2022-05-18T15:40:00.000Z","1652888400",
"2551","22b77d7829c68dcd","E2:1F:7B:35:CC:08","23.312883435582823","0","0.0946969696969697","0","163","2022-05-18T15:41:00.000Z","1652888460",
"2551","22b77d7829c68dcd","E2:1F:7B:35:CC:08","73.61963190184049","7","0.14467592592592593","0","163","2022-05-18T15:42:00.000Z","1652888520",
"2551","22b77d7829c68dcd","E2:1F:7B:35:CC:08","44.171779141104295","0","0.15782828282828282","0","163","2022-05-18T15:43:00.000Z","1652888580",
"2551","22b77d7829c68dcd","E2:1F:7B:35:CC:08","24.539877300613497","0","0.1717032967032967","0","163","2022-05-18T15:44:00.000Z","1652888640",
"2551","22b77d7829c68dcd","E2:1F:7B:35:CC:08","20.858895705521473","0","0.18601190476190477","0","163","2022-05-18T15:45:00.000Z","1652888700",
"2551","22b77d7829c68dcd","E2:1F:7B:35:CC:08","14.723926380368098","0","0.18382352941176472","0","163","2022-05-18T15:46:00.000Z","1652888760",
"2551","22b77d7829c68dcd","E2:1F:7B:35:CC:08","13.496932515337424","0","0.1953125","0","163","2022-05-18T15:47:00.000Z","1652888820",
"2551","22b77d7829c68dcd","E2:1F:7B:35:CC:08","9.815950920245399","0","0.20292207792207792","0","163","2022-05-18T15:48:00.000Z","1652888880",
"2551","22b77d7829c68dcd","E2:1F:7B:35:CC:08","7.361963190184049","0","0.20833333333333334","0","163","2022-05-18T15:49:00.000Z","1652888940",
"2551","22b77d7829c68dcd","E2:1F:7B:35:CC:08","6.134969325153374","0","0.2170138888888889","0","163","2022-05-18T15:50:00.000Z","1652889000",
"2551","22b77d7829c68dcd","E2:1F:7B:35:CC:08","6.134969325153374","0","0.22007042253521128","0","163","2022-05-18T15:51:00.000Z","1652889060",
"2551","22b77d7829c68dcd","E2:1F:7B:35:CC:08","71.16564417177914","8","0.13469827586206898","0","163","2022-05-18T15:52:00.000Z","1652889120",
"2551","22b77d7829c68dcd","E2:1F:7B:35:CC:08","47.852760736196316","3","0.14602803738317757","0","163","2022-05-18T15:53:00.000Z","1652889180",
"2551","22b77d7829c68dcd","E2:1F:7B:35:CC:08","31.901840490797547","1","0.15625","0","163","2022-05-18T15:54:00.000Z","1652889240",
"2551","22b77d7829c68dcd","E2:1F:7B:35:CC:08","19.631901840490798","0","0.16622340425531915","0","163","2022-05-18T15:55:00.000Z","1652889300",
"2551","22b77d7829c68dcd","E2:1F:7B:35:CC:08","17.177914110429448","0","0.1717032967032967","0","163","2022-05-18T15:56:00.000Z","1652889360",
"2551","22b77d7829c68dcd","E2:1F:7B:35:CC:08","12.269938650306749","0","0.16108247422680413","5","163","2022-05-18T15:57:00.000Z","1652889420",
"2551","22b77d7829c68dcd","E2:1F:7B:35:CC:08","14.723926380368098","0","0.09356287425149701","18","163","2022-05-18T15:58:00.000Z","1652889480",
"2551","22b77d7829c68dcd","E2:1F:7B:35:CC:08","52.760736196319016","8","0.09765625","4","163","2022-05-18T16:03:00.000Z","1652889780",
"2551","22b77d7829c68dcd","E2:1F:7B:35:CC:08","71.16564417177914","9","0.12807377049180327","0","163","2022-05-18T16:04:00.000Z","1652889840",
"2551","22b77d7829c68dcd","E2:1F:7B:35:CC:08","52.760736196319016","9","0.15318627450980393","0","163","2022-05-18T16:07:00.000Z","1652890020",
"2551","22b77d7829c68dcd","E2:1F:7B:35:CC:08","79.75460122699387","12","0.08632596685082873","0","163","2022-05-18T16:08:00.000Z","1652890080",
"2551","22b77d7829c68dcd","E2:1F:7B:35:CC:08","77.30061349693251","5","0.12600806451612903","0","163","2022-05-18T16:10:00.000Z","1652890200",
"2551","22b77d7829c68dcd","E2:1F:7B:35:CC:08","84.66257668711657","5","0.19290123456790123","0","163","2022-05-18T16:11:00.000Z","1652890260",
"2551","22b77d7829c68dcd","E2:1F:7B:35:CC:08","66.25766871165644","6","0.15318627450980393","0","163","2022-05-18T16:12:00.000Z","1652890320",
"2551","22b77d7829c68dcd","E2:1F:7B:35:CC:08","28.220858895705522","0","0.15782828282828282","0","163","2022-05-18T16:13:00.000Z","1652890380",
"2551","22b77d7829c68dcd","E2:1F:7B:35:CC:08","12.269938650306749","0","0.16276041666666666","0","163","2022-05-18T16:14:00.000Z","1652890440",
"2551","22b77d7829c68dcd","E2:1F:7B:35:CC:08","7.361963190184049","0","0.16622340425531915","0","163","2022-05-18T16:15:00.000Z","1652890500",
"2551","22b77d7829c68dcd","E2:1F:7B:35:CC:08","29.447852760736197","2","0.15625","9","163","2022-05-18T16:16:00.000Z","1652890560",
"2551","22b77d7829c68dcd","E2:1F:7B:35:CC:08","57.668711656441715","5","0.10347682119205298","36","163","2022-05-18T16:17:00.000Z","1652890620",
"2551","22b77d7829c68dcd","E2:1F:7B:35:CC:08","100","8","0.09827044025157233","63","163","2022-05-18T16:18:00.000Z","1652890680",
"2551","22b77d7829c68dcd","E2:1F:7B:35:CC:08","100","4","0.1166044776119403","9","163","2022-05-18T16:23:00.000Z","1652890980",
"2551","22b77d7829c68dcd","E2:1F:7B:35:CC:08","100","0","0.08095854922279792","22","163","2022-05-18T16:24:00.000Z","1652891040",
"2551","22b77d7829c68dcd","E2:1F:7B:35:CC:08","94.47852760736197","9","0.10279605263157894","0","163","2022-05-18T16:25:00.000Z","1652891100",
"2551","22b77d7829c68dcd","E2:1F:7B:35:CC:08","94.47852760736197","7","0.16983695652173914","2","163","2022-05-18T16:26:00.000Z","1652891160",
"2551","22b77d7829c68dcd","E2:1F:7B:35:CC:08","94.47852760736197","10","0.21404109589041095","0","163","2022-05-18T16:27:00.000Z","1652891220",
"2551","22b77d7829c68dcd","E2:1F:7B:35:CC:08","89.57055214723927","6","0.125","18","163","2022-05-18T16:28:00.000Z","1652891280",
"2551","22b77d7829c68dcd","E2:1F:7B:35:CC:08","79.75460122699387","4","0.15625","12","163","2022-05-18T16:29:00.000Z","1652891340",
"2551","22b77d7829c68dcd","E2:1F:7B:35:CC:08","92.02453987730061","6","0.19778481012658228","4","163","2022-05-18T16:32:00.000Z","1652891520",
"2551","22b77d7829c68dcd","E2:1F:7B:35:CC:08","100","5","0.3125","1","163","2022-05-18T16:34:00.000Z","1652891640",
"2551","22b77d7829c68dcd","E2:1F:7B:35:CC:08","100","0","0.21114864864864866","4","163","2022-05-18T16:35:00.000Z","1652891700",
"2551","22b77d7829c68dcd","E2:1F:7B:35:CC:08","83.43558282208589","8","0.1816860465116279","0","163","2022-05-18T16:36:00.000Z","1652891760",
"2551","22b77d7829c68dcd","E2:1F:7B:35:CC:08","71.16564417177914","3","0.2604166666666667","0","163","2022-05-18T16:37:00.000Z","1652891820",
"2551","22b77d7829c68dcd","E2:1F:7B:35:CC:08","63.80368098159509","7","0.28935185185185186","0","163","2022-05-18T16:38:00.000Z","1652891880",
"2551","22b77d7829c68dcd","E2:1F:7B:35:CC:08","39.263803680981596","0","0.294811320754717","0","163","2022-05-18T16:39:00.000Z","1652891940",
"2551","22b77d7829c68dcd","E2:1F:7B:35:CC:08","22.085889570552148","0","0.27901785714285715","0","163","2022-05-18T16:40:00.000Z","1652892000",
"2551","22b77d7829c68dcd","E2:1F:7B:35:CC:08","26.993865030674847","5","0.17959770114942528","0","163","2022-05-18T16:41:00.000Z","1652892060",
"2551","22b77d7829c68dcd","E2:1F:7B:35:CC:08","35.58282208588957","7","0.294811320754717","0","163","2022-05-18T16:42:00.000Z","1652892120",
"2551","22b77d7829c68dcd","E2:1F:7B:35:CC:08","46.625766871165645","3","0.13950892857142858","0","163","2022-05-18T16:43:00.000Z","1652892180",
"2551","22b77d7829c68dcd","E2:1F:7B:35:CC:08","60.122699386503065","6","0.26939655172413796","0","163","2022-05-18T16:44:00.000Z","1652892240",
"2551","22b77d7829c68dcd","E2:1F:7B:35:CC:08","55.214723926380366","3","0.3324468085106383","5","163","2022-05-18T16:45:00.000Z","1652892300",
"2551","22b77d7829c68dcd","E2:1F:7B:35:CC:08","41.717791411042946","3","0.19054878048780488","2","163","2022-05-18T16:46:00.000Z","1652892360",
"2551","22b77d7829c68dcd","E2:1F:7B:35:CC:08","42.94478527607362","4","0.3125","0","163","2022-05-18T16:47:00.000Z","1652892420",
"2551","22b77d7829c68dcd","E2:1F:7B:35:CC:08","63.80368098159509","6","0.41118421052631576","0","163","2022-05-18T16:48:00.000Z","1652892480",
"2551","22b77d7829c68dcd","E2:1F:7B:35:CC:08","61.34969325153374","5","0.35511363636363635","1","163","2022-05-18T16:49:00.000Z","1652892540",
"2551","22b77d7829c68dcd","E2:1F:7B:35:CC:08","50.306748466257666","6","0.44642857142857145","0","163","2022-05-18T16:50:00.000Z","1652892600",
"2551","22b77d7829c68dcd","E2:1F:7B:35:CC:08","71.16564417177914","7","0.33967391304347827","0","163","2022-05-18T16:51:00.000Z","1652892660",
"2551","22b77d7829c68dcd","E2:1F:7B:35:CC:08","58.895705521472394","3","0.5208333333333334","0","163","2022-05-18T16:52:00.000Z","1652892720",
"2551","22b77d7829c68dcd","E2:1F:7B:35:CC:08","78.52760736196319","9","0.78125","0","163","2022-05-18T16:53:00.000Z","1652892780",
"2551","22b77d7829c68dcd","E2:1F:7B:35:CC:08","73.61963190184049","6","0.78125","0","163","2022-05-18T16:54:00.000Z","1652892840",
"2551","22b77d7829c68dcd","E2:1F:7B:35:CC:08","68.71165644171779","3","0.4222972972972973","0","163","2022-05-18T16:55:00.000Z","1652892900",
"2551","22b77d7829c68dcd","E2:1F:7B:35:CC:08","63.80368098159509","7","0.5387931034482759","0","163","2022-05-18T16:56:00.000Z","1652892960",
"2551","22b77d7829c68dcd","E2:1F:7B:35:CC:08","55.214723926380366","2","0.3004807692307692","26","163","2022-05-18T16:57:00.000Z","1652893020",
"2551","22b77d7829c68dcd","E2:1F:7B:35:CC:08","57.668711656441715","9","0.4222972972972973","1","163","2022-05-18T16:58:00.000Z","1652893080",
"2551","22b77d7829c68dcd","E2:1F:7B:35:CC:08","92.02453987730061","4","0.35511363636363635","0","163","2022-05-18T16:59:00.000Z","1652893140",
"2551","22b77d7829c68dcd","E2:1F:7B:35:CC:08","90.79754601226993","0","0.3472222222222222","5","163","2022-05-18T17:00:00.000Z","1652893200",
"2551","22b77d7829c68dcd","E2:1F:7B:35:CC:08","74.84662576687117","0","0.3324468085106383","0","163","2022-05-18T17:01:00.000Z","1652893260",
"2551","22b77d7829c68dcd","E2:1F:7B:35:CC:08","56.441717791411044","2","0.4340277777777778","0","163","2022-05-18T17:02:00.000Z","1652893320",
"2551","22b77d7829c68dcd","E2:1F:7B:35:CC:08","44.171779141104295","2","0.40064102564102566","1","163","2022-05-18T17:03:00.000Z","1652893380",
"2551","22b77d7829c68dcd","E2:1F:7B:35:CC:08","33.12883435582822","1","0.5208333333333334","0","163","2022-05-18T17:04:00.000Z","1652893440",
"2551","22b77d7829c68dcd","E2:1F:7B:35:CC:08","26.993865030674847","0","0.4222972972972973","5","163","2022-05-18T17:05:00.000Z","1652893500",
"2551","22b77d7829c68dcd","E2:1F:7B:35:CC:08","30.67484662576687","3","0.4340277777777778","12","163","2022-05-18T17:06:00.000Z","1652893560",
"2551","22b77d7829c68dcd","E2:1F:7B:35:CC:08","40.49079754601227","4","0.48828125","5","163","2022-05-18T17:07:00.000Z","1652893620",
"2551","22b77d7829c68dcd","E2:1F:7B:35:CC:08","92.02453987730061","8","0.9765625","4","163","2022-05-18T17:08:00.000Z","1652893680",
"2551","22b77d7829c68dcd","E2:1F:7B:35:CC:08","87.11656441717791","1","0.625","0","163","2022-05-18T17:09:00.000Z","1652893740",
"2551","22b77d7829c68dcd","E2:1F:7B:35:CC:08","62.576687116564415","7","0.7440476190476191","0","163","2022-05-18T17:10:00.000Z","1652893800",
"2551","22b77d7829c68dcd","E2:1F:7B:35:CC:08","100","10","0.8680555555555556","0","163","2022-05-18T17:11:00.000Z","1652893860",
"2551","22b77d7829c68dcd","E2:1F:7B:35:CC:08","100","6","0.78125","2","163","2022-05-18T17:12:00.000Z","1652893920",
"2551","22b77d7829c68dcd","E2:1F:7B:35:CC:08","100","3","0.625","1","163","2022-05-18T17:13:00.000Z","1652893980",
"2551","22b77d7829c68dcd","E2:1F:7B:35:CC:08","100","4","0.7102272727272727","4","163","2022-05-18T17:14:00.000Z","1652894040",
"2551","22b77d7829c68dcd","E2:1F:7B:35:CC:08","100","2","0.5208333333333334","0","163","2022-05-18T17:15:00.000Z","1652894100",
"2551","22b77d7829c68dcd","E2:1F:7B:35:CC:08","60.122699386503065","3","0.45955882352941174","0","163","2022-05-18T17:16:00.000Z","1652894160",
"2551","22b77d7829c68dcd","E2:1F:7B:35:CC:08","47.852760736196316","1","0.45955882352941174","0","163","2022-05-18T17:17:00.000Z","1652894220",
"2551","22b77d7829c68dcd","E2:1F:7B:35:CC:08","34.355828220858896","1","0.45955882352941174","1","163","2022-05-18T17:18:00.000Z","1652894280",
"2551","22b77d7829c68dcd","E2:1F:7B:35:CC:08","30.67484662576687","4","0.48828125","8","163","2022-05-18T17:19:00.000Z","1652894340",
"2551","22b77d7829c68dcd","E2:1F:7B:35:CC:08","25.766871165644172","1","0.5040322580645161","0","163","2022-05-18T17:20:00.000Z","1652894400",
"2551","22b77d7829c68dcd","E2:1F:7B:35:CC:08","40.49079754601227","3","0.5580357142857143","5","163","2022-05-18T17:21:00.000Z","1652894460",
"2551","22b77d7829c68dcd","E2:1F:7B:35:CC:08","51.533742331288344","1","0.4734848484848485","7","163","2022-05-18T17:22:00.000Z","1652894520",
"2551","22b77d7829c68dcd","E2:1F:7B:35:CC:08","38.03680981595092","3","0.5040322580645161","0","163","2022-05-18T17:23:00.000Z","1652894580",
"2551","22b77d7829c68dcd","E2:1F:7B:35:CC:08","41.717791411042946","2","0.4734848484848485","2","163","2022-05-18T17:24:00.000Z","1652894640",
"2551","22b77d7829c68dcd","E2:1F:7B:35:CC:08","26.993865030674847","0","0.48828125","0","163","2022-05-18T17:25:00.000Z","1652894700",
"2551","22b77d7829c68dcd","E2:1F:7B:35:CC:08","22.085889570552148","0","0.45955882352941174","0","163","2022-05-18T17:26:00.000Z","1652894760",
"2551","22b77d7829c68dcd","E2:1F:7B:35:CC:08","14.723926380368098","0","0.44642857142857145","0","163","2022-05-18T17:27:00.000Z","1652894820",
"2551","22b77d7829c68dcd","E2:1F:7B:35:CC:08","18.404907975460123","2","0.4222972972972973","0","163","2022-05-18T17:28:00.000Z","1652894880",
"2551","22b77d7829c68dcd","E2:1F:7B:35:CC:08","44.171779141104295","7","0.5387931034482759","0","163","2022-05-18T17:29:00.000Z","1652894940",
"2551","22b77d7829c68dcd","E2:1F:7B:35:CC:08","47.852760736196316","4","0.5787037037037037","0","163","2022-05-18T17:30:00.000Z","1652895000",
"2551","22b77d7829c68dcd","E2:1F:7B:35:CC:08","57.668711656441715","8","0.5208333333333334","15","163","2022-05-18T17:31:00.000Z","1652895060",
"2551","22b77d7829c68dcd","E2:1F:7B:35:CC:08","60.122699386503065","0","0.7102272727272727","0","163","2022-05-18T17:32:00.000Z","1652895120",
"2551","22b77d7829c68dcd","E2:1F:7B:35:CC:08","60.122699386503065","2","0.6510416666666666","0","163","2022-05-18T17:33:00.000Z","1652895180",
"2551","22b77d7829c68dcd","E2:1F:7B:35:CC:08","51.533742331288344","1","0.4734848484848485","0","163","2022-05-18T17:34:00.000Z","1652895240",
"2551","22b77d7829c68dcd","E2:1F:7B:35:CC:08","55.214723926380366","8","0.5208333333333334","0","163","2022-05-18T17:35:00.000Z","1652895300",
"2551","22b77d7829c68dcd","E2:1F:7B:35:CC:08","46.625766871165645","2","0.48828125","0","163","2022-05-18T17:36:00.000Z","1652895360",
"2551","22b77d7829c68dcd","E2:1F:7B:35:CC:08","24.539877300613497","0","0.48828125","0","163","2022-05-18T17:37:00.000Z","1652895420",
"2551","22b77d7829c68dcd","E2:1F:7B:35:CC:08","28.220858895705522","3","0.48828125","4","163","2022-05-18T17:38:00.000Z","1652895480",
"2551","22b77d7829c68dcd","E2:1F:7B:35:CC:08","23.312883435582823","2","0.5040322580645161","7","163","2022-05-18T17:39:00.000Z","1652895540",
"2551","22b77d7829c68dcd","E2:1F:7B:35:CC:08","20.858895705521473","1","0.5208333333333334","2","163","2022-05-18T17:40:00.000Z","1652895600",
"2551","22b77d7829c68dcd","E2:1F:7B:35:CC:08","19.631901840490798","1","0.48828125","1","163","2022-05-18T17:41:00.000Z","1652895660",
"2551","22b77d7829c68dcd","E2:1F:7B:35:CC:08","22.085889570552148","3","0.5208333333333334","4","163","2022-05-18T17:42:00.000Z","1652895720",
"2551","22b77d7829c68dcd","E2:1F:7B:35:CC:08","38.03680981595092","4","0.3004807692307692","2","163","2022-05-18T17:43:00.000Z","1652895780",
"2551","22b77d7829c68dcd","E2:1F:7B:35:CC:08","58.895705521472394","8","0.5580357142857143","0","163","2022-05-18T17:44:00.000Z","1652895840",
"2551","22b77d7829c68dcd","E2:1F:7B:35:CC:08","76.07361963190183","2","0.5387931034482759","0","163","2022-05-18T17:45:00.000Z","1652895900",
"2551","22b77d7829c68dcd","E2:1F:7B:35:CC:08","80.98159509202453","6","0.5580357142857143","0","163","2022-05-18T17:46:00.000Z","1652895960",
"2551","22b77d7829c68dcd","E2:1F:7B:35:CC:08","85.88957055214723","7","0.5787037037037037","2","163","2022-05-18T17:47:00.000Z","1652896020",
"2551","22b77d7829c68dcd","E2:1F:7B:35:CC:08","90.79754601226993","0","0.40064102564102566","18","163","2022-05-18T17:48:00.000Z","1652896080",
"2551","22b77d7829c68dcd","E2:1F:7B:35:CC:08","100","6","0.5387931034482759","0","163","2022-05-18T17:51:00.000Z","1652896260",
"2551","22b77d7829c68dcd","E2:1F:7B:35:CC:08","89.57055214723927","1","0.5387931034482759","0","163","2022-05-18T17:52:00.000Z","1652896320",
"2551","22b77d7829c68dcd","E2:1F:7B:35:CC:08","84.66257668711657","5","0.38109756097560976","0","163","2022-05-18T17:53:00.000Z","1652896380",
"2551","22b77d7829c68dcd","E2:1F:7B:35:CC:08","56.441717791411044","1","0.3472222222222222","1","163","2022-05-18T17:54:00.000Z","1652896440",
"2551","22b77d7829c68dcd","E2:1F:7B:35:CC:08","82.71604938271605","5","0.3255208333333333","2","162","2022-05-18T17:56:00.000Z","1652896560",
"2551","22b77d7829c68dcd","E2:1F:7B:35:CC:08","82.71604938271605","8","0.35511363636363635","0","162","2022-05-18T17:57:00.000Z","1652896620",
"2551","22b77d7829c68dcd","E2:1F:7B:35:CC:08","61.72839506172839","9","0.390625","2","162","2022-05-18T17:58:00.000Z","1652896680",
"2551","22b77d7829c68dcd","E2:1F:7B:35:CC:08","41.97530864197531","1","0.3633720930232558","1","162","2022-05-18T17:59:00.000Z","1652896740",
"2551","22b77d7829c68dcd","E2:1F:7B:35:CC:08","46.91358024691358","2","0.3004807692307692","1","162","2022-05-18T18:00:00.000Z","1652896800",
"2551","22b77d7829c68dcd","E2:1F:7B:35:CC:08","32.098765432098766","1","0.30637254901960786","0","162","2022-05-18T18:01:00.000Z","1652896860",
"2551","22b77d7829c68dcd","E2:1F:7B:35:CC:08","23.45679012345679","1","0.25201612903225806","2","162","2022-05-18T18:02:00.000Z","1652896920",
"2551","22b77d7829c68dcd","E2:1F:7B:35:CC:08","51.851851851851855","3","0.3125","0","162","2022-05-18T18:03:00.000Z","1652896980",
"2551","22b77d7829c68dcd","E2:1F:7B:35:CC:08","37.03703703703704","2","0.33967391304347827","0","162","2022-05-18T18:04:00.000Z","1652897040",
"2551","22b77d7829c68dcd","E2:1F:7B:35:CC:08","32.098765432098766","1","0.19290123456790123","0","162","2022-05-18T18:05:00.000Z","1652897100",
"2551","22b77d7829c68dcd","E2:1F:7B:35:CC:08","30.864197530864196","3","0.20032051282051283","0","162","2022-05-18T18:06:00.000Z","1652897160",
"2551","22b77d7829c68dcd","E2:1F:7B:35:CC:08","25.925925925925927","1","0.23674242424242425","1","162","2022-05-18T18:07:00.000Z","1652897220",
"2551","22b77d7829c68dcd","E2:1F:7B:35:CC:08","24.691358024691358","0","0.27901785714285715","1","162","2022-05-18T18:08:00.000Z","1652897280",
"2551","22b77d7829c68dcd","E2:1F:7B:35:CC:08","34.5679012345679","6","0.21114864864864866","1","162","2022-05-18T18:09:00.000Z","1652897340",
"2551","22b77d7829c68dcd","E2:1F:7B:35:CC:08","64.19753086419753","9","0.2648305084745763","0","162","2022-05-18T18:10:00.000Z","1652897400",
"2551","22b77d7829c68dcd","E2:1F:7B:35:CC:08","70.37037037037037","8","0.2648305084745763","0","162","2022-05-18T18:11:00.000Z","1652897460",
"2551","22b77d7829c68dcd","E2:1F:7B:35:CC:08","75.30864197530865","3","0.31887755102040816","7","162","2022-05-18T18:12:00.000Z","1652897520",
"2551","22b77d7829c68dcd","E2:1F:7B:35:CC:08","80.24691358024691","8","0.3125","0","162","2022-05-18T18:13:00.000Z","1652897580",
"2551","22b77d7829c68dcd","E2:1F:7B:35:CC:08","74.07407407407408","3","0.2604166666666667","2","162","2022-05-18T18:14:00.000Z","1652897640",
"2551","22b77d7829c68dcd","E2:1F:7B:35:CC:08","43.20987654320987","1","0.3004807692307692","4","162","2022-05-18T18:15:00.000Z","1652897700",
"2551","22b77d7829c68dcd","E2:1F:7B:35:CC:08","33.333333333333336","0","0.3004807692307692","2","162","2022-05-18T18:16:00.000Z","1652897760",
"2551","22b77d7829c68dcd","E2:1F:7B:35:CC:08","30.864197530864196","0","0.15943877551020408","7","162","2022-05-18T18:17:00.000Z","1652897820",
"2551","22b77d7829c68dcd","E2:1F:7B:35:CC:08","39.50617283950617","7","0.20032051282051283","12","162","2022-05-18T18:18:00.000Z","1652897880",
"2551","22b77d7829c68dcd","E2:1F:7B:35:CC:08","62.96296296296296","5","0.28935185185185186","5","162","2022-05-18T18:19:00.000Z","1652897940",
"2551","22b77d7829c68dcd","E2:1F:7B:35:CC:08","62.96296296296296","4","0.3125","0","162","2022-05-18T18:20:00.000Z","1652898000",
"2551","22b77d7829c68dcd","E2:1F:7B:35:CC:08","35.80246913580247","0","0.3004807692307692","0","162","2022-05-18T18:21:00.000Z","1652898060",
"2551","22b77d7829c68dcd","E2:1F:7B:35:CC:08","24.691358024691358","0","0.30637254901960786","0","162","2022-05-18T18:22:00.000Z","1652898120",
"2551","22b77d7829c68dcd","E2:1F:7B:35:CC:08","37.03703703703704","3","0.3255208333333333","0","162","2022-05-18T18:23:00.000Z","1652898180",
"2551","22b77d7829c68dcd","E2:1F:7B:35:CC:08","39.50617283950617","0","0.37202380952380953","0","162","2022-05-18T18:24:00.000Z","1652898240",
"2551","22b77d7829c68dcd","E2:1F:7B:35:CC:08","24.691358024691358","0","0.38109756097560976","0","162","2022-05-18T18:25:00.000Z","1652898300",
"2551","22b77d7829c68dcd","E2:1F:7B:35:CC:08","12.345679012345679","0","0.40064102564102566","0","162","2022-05-18T18:26:00.000Z","1652898360",
"2551","22b77d7829c68dcd","E2:1F:7B:35:CC:08","8.641975308641975","0","0.2604166666666667","2","162","2022-05-18T18:27:00.000Z","1652898420",
"2551","22b77d7829c68dcd","E2:1F:7B:35:CC:08","20.987654320987655","4","0.28935185185185186","2","162","2022-05-18T18:28:00.000Z","1652898480",
"2551","22b77d7829c68dcd","E2:1F:7B:35:CC:08","19.753086419753085","0","0.19778481012658228","2","162","2022-05-18T18:29:00.000Z","1652898540",
"2551","22b77d7829c68dcd","E2:1F:7B:35:CC:08","32.098765432098766","3","0.062250996015936255","4","162","2022-05-18T18:30:00.000Z","1652898600",
"2551","22b77d7829c68dcd","E2:1F:7B:35:CC:08","44.44444444444444","6","0.09356287425149701","4","162","2022-05-18T18:32:00.000Z","1652898720",
"2551","22b77d7829c68dcd","E2:1F:7B:35:CC:08","54.32098765432099","3","0.10016025641025642","0","162","2022-05-18T18:33:00.000Z","1652898780",
"2551","22b77d7829c68dcd","E2:1F:7B:35:CC:08","59.25925925925926","0","0.10557432432432433","0","162","2022-05-18T18:34:00.000Z","1652898840",
"2551","22b77d7829c68dcd","E2:1F:7B:35:CC:08","59.25925925925926","10","0.11322463768115942","0","162","2022-05-18T18:35:00.000Z","1652898900",
"2551","22b77d7829c68dcd","E2:1F:7B:35:CC:08","56.79012345679013","6","0.12400793650793651","0","162","2022-05-18T18:36:00.000Z","1652898960",
"2551","22b77d7829c68dcd","E2:1F:7B:35:CC:08","54.32098765432099","0","0.12303149606299213","0","162","2022-05-18T18:37:00.000Z","1652899020",
"2551","22b77d7829c68dcd","E2:1F:7B:35:CC:08","51.851851851851855","6","0.12400793650793651","0","162","2022-05-18T18:38:00.000Z","1652899080",
"2551","22b77d7829c68dcd","E2:1F:7B:35:CC:08","60.49382716049383","7","0.12303149606299213","0","162","2022-05-18T18:39:00.000Z","1652899140",
"2551","22b77d7829c68dcd","E2:1F:7B:35:CC:08","62.96296296296296","4","0.1358695652173913","0","162","2022-05-18T18:40:00.000Z","1652899200",
"2551","22b77d7829c68dcd","E2:1F:7B:35:CC:08","62.96296296296296","8","0.06620762711864407","4","162","2022-05-18T18:41:00.000Z","1652899260",
"2551","22b77d7829c68dcd","E2:1F:7B:35:CC:08","65.4320987654321","7","0.18601190476190477","0","162","2022-05-18T18:42:00.000Z","1652899320",
"2551","22b77d7829c68dcd","E2:1F:7B:35:CC:08","81.48148148148148","3","0.1816860465116279","0","162","2022-05-18T18:43:00.000Z","1652899380",
"2551","22b77d7829c68dcd","E2:1F:7B:35:CC:08","70.37037037037037","2","0.2332089552238806","5","162","2022-05-18T18:44:00.000Z","1652899440",
"2551","22b77d7829c68dcd","E2:1F:7B:35:CC:08","58.02469135802469","0","0.16276041666666666","1","162","2022-05-18T18:45:00.000Z","1652899500",
"2551","22b77d7829c68dcd","E2:1F:7B:35:CC:08","86.41975308641975","7","0.25201612903225806","5","162","2022-05-18T18:46:00.000Z","1652899560",
"2551","22b77d7829c68dcd","E2:1F:7B:35:CC:08","100","5","0.2332089552238806","1","162","2022-05-18T18:47:00.000Z","1652899620",
"2551","22b77d7829c68dcd","E2:1F:7B:35:CC:08","100","4","0.2648305084745763","7","162","2022-05-18T18:48:00.000Z","1652899680",
"2551","22b77d7829c68dcd","E2:1F:7B:35:CC:08","96.29629629629629","5","0.21114864864864866","1","162","2022-05-18T18:49:00.000Z","1652899740",
"2551","22b77d7829c68dcd","E2:1F:7B:35:CC:08","87.65432098765432","6","0.19054878048780488","1","162","2022-05-18T18:50:00.000Z","1652899800",
"2551","22b77d7829c68dcd","E2:1F:7B:35:CC:08","82.71604938271605","0","0.20833333333333334","1","162","2022-05-18T18:51:00.000Z","1652899860",
"2551","22b77d7829c68dcd","E2:1F:7B:35:CC:08","70.37037037037037","4","0.21404109589041095","1","162","2022-05-18T18:52:00.000Z","1652899920",
"2551","22b77d7829c68dcd","E2:1F:7B:35:CC:08","53.08641975308642","2","0.21114864864864866","0","162","2022-05-18T18:53:00.000Z","1652899980",
"2551","22b77d7829c68dcd","E2:1F:7B:35:CC:08","45.67901234567901","7","0.2170138888888889","0","162","2022-05-18T18:54:00.000Z","1652900040",
"2551","22b77d7829c68dcd","E2:1F:7B:35:CC:08","40.74074074074074","2","0.22007042253521128","2","162","2022-05-18T18:55:00.000Z","1652900100",
"2551","22b77d7829c68dcd","E2:1F:7B:35:CC:08","40.74074074074074","5","0.17755681818181818","0","162","2022-05-18T18:56:00.000Z","1652900160",
"2551","22b77d7829c68dcd","E2:1F:7B:35:CC:08","66.66666666666667","3","0.17959770114942528","1","162","2022-05-18T18:57:00.000Z","1652900220",
"2551","22b77d7829c68dcd","E2:1F:7B:35:CC:08","55.55555555555556","3","0.20833333333333334","0","162","2022-05-18T18:58:00.000Z","1652900280",
"2551","22b77d7829c68dcd","E2:1F:7B:35:CC:08","53.08641975308642","5","0.19054878048780488","21","162","2022-05-18T18:59:00.000Z","1652900340",
"2551","22b77d7829c68dcd","E2:1F:7B:35:CC:08","64.19753086419753","7","0.18601190476190477","7","162","2022-05-18T19:00:00.000Z","1652900400",
"2551","22b77d7829c68dcd","E2:1F:7B:35:CC:08","83.95061728395062","5","0.14204545454545456","4","162","2022-05-18T19:01:00.000Z","1652900460",
"2551","22b77d7829c68dcd","E2:1F:7B:35:CC:08","98.76543209876543","5","0.11574074074074074","2","162","2022-05-18T19:02:00.000Z","1652900520",
"2551","22b77d7829c68dcd","E2:1F:7B:35:CC:08","100","7","0.09827044025157233","0","162","2022-05-18T19:05:00.000Z","1652900700",
"2551","22b77d7829c68dcd","E2:1F:7B:35:CC:08","100","11","0.09765625","5","162","2022-05-18T19:06:00.000Z","1652900760",
"2551","22b77d7829c68dcd","E2:1F:7B:35:CC:08","100","5","0.22321428571428573","0","162","2022-05-18T19:07:00.000Z","1652900820",
"2551","22b77d7829c68dcd","E2:1F:7B:35:CC:08","91.35802469135803","4","0.20292207792207792","1","162","2022-05-18T19:08:00.000Z","1652900880",
"2551","22b77d7829c68dcd","E2:1F:7B:35:CC:08","64.19753086419753","7","0.18825301204819278","0","162","2022-05-18T19:09:00.000Z","1652900940",
"2551","22b77d7829c68dcd","E2:1F:7B:35:CC:08","53.08641975308642","1","0.13354700854700854","8","162","2022-05-18T19:10:00.000Z","1652901000",
"2551","22b77d7829c68dcd","E2:1F:7B:35:CC:08","58.02469135802469","8","0.1358695652173913","0","162","2022-05-18T19:11:00.000Z","1652901060",
"2551","22b77d7829c68dcd","E2:1F:7B:35:CC:08","81.48148148148148","2","0.10629251700680271","0","162","2022-05-18T19:16:00.000Z","1652901360",
"2551","22b77d7829c68dcd","E2:1F:7B:35:CC:08","62.96296296296296","6","0.2403846153846154","0","162","2022-05-18T19:19:00.000Z","1652901540",
"2551","22b77d7829c68dcd","E2:1F:7B:35:CC:08","60.49382716049383","8","0.17755681818181818","0","162","2022-05-18T19:20:00.000Z","1652901600",
"2551","22b77d7829c68dcd","E2:1F:7B:35:CC:08","64.19753086419753","3","0.21114864864864866","0","162","2022-05-18T19:21:00.000Z","1652901660",
"2551","22b77d7829c68dcd","E2:1F:7B:35:CC:08","61.72839506172839","0","0.08632596685082873","1","162","2022-05-18T19:22:00.000Z","1652901720",
"2551","22b77d7829c68dcd","E2:1F:7B:35:CC:08","100","8","0.16801075268817203","0","162","2022-05-18T19:23:00.000Z","1652901780",
"2551","22b77d7829c68dcd","E2:1F:7B:35:CC:08","100","3","0.16622340425531915","1","162","2022-05-18T19:24:00.000Z","1652901840",
"2551","22b77d7829c68dcd","E2:1F:7B:35:CC:08","100","7","0.1816860465116279","2","162","2022-05-18T19:25:00.000Z","1652901900",
"2551","22b77d7829c68dcd","E2:1F:7B:35:CC:08","71.60493827160494","5","0.20833333333333334","0","162","2022-05-18T19:26:00.000Z","1652901960",
"2551","22b77d7829c68dcd","E2:1F:7B:35:CC:08","40.74074074074074","0","0.2332089552238806","0","162","2022-05-18T19:27:00.000Z","1652902020",
"2551","22b77d7829c68dcd","E2:1F:7B:35:CC:08","23.45679012345679","0","0.24801587301587302","0","162","2022-05-18T19:28:00.000Z","1652902080",
"2551","22b77d7829c68dcd","E2:1F:7B:35:CC:08","20.987654320987655","0","0.2604166666666667","0","162","2022-05-18T19:29:00.000Z","1652902140",
"2551","22b77d7829c68dcd","E2:1F:7B:35:CC:08","16.049382716049383","0","0.2741228070175439","0","162","2022-05-18T19:30:00.000Z","1652902200",
"2551","22b77d7829c68dcd","E2:1F:7B:35:CC:08","13.580246913580247","0","0.28935185185185186","0","162","2022-05-18T19:31:00.000Z","1652902260",
"2551","22b77d7829c68dcd","E2:1F:7B:35:CC:08","14.814814814814815","0","0.28935185185185186","0","162","2022-05-18T19:32:00.000Z","1652902320",
"2551","22b77d7829c68dcd","E2:1F:7B:35:CC:08","13.580246913580247","0","0.16622340425531915","2","162","2022-05-18T19:33:00.000Z","1652902380",
"2551","22b77d7829c68dcd","E2:1F:7B:35:CC:08","66.66666666666667","4","0.2403846153846154","0","162","2022-05-18T19:34:00.000Z","1652902440",
"2551","22b77d7829c68dcd","E2:1F:7B:35:CC:08","38.27160493827161","0","0.2604166666666667","0","162","2022-05-18T19:35:00.000Z","1652902500",
"2551","22b77d7829c68dcd","E2:1F:7B:35:CC:08","29.62962962962963","0","0.1816860465116279","0","162","2022-05-18T19:36:00.000Z","1652902560",
"2551","22b77d7829c68dcd","E2:1F:7B:35:CC:08","29.62962962962963","1","0.2403846153846154","5","162","2022-05-18T19:37:00.000Z","1652902620",
"2551","22b77d7829c68dcd","E2:1F:7B:35:CC:08","34.5679012345679","3","0.2741228070175439","8","162","2022-05-18T19:38:00.000Z","1652902680",
"2551","22b77d7829c68dcd","E2:1F:7B:35:CC:08","30.864197530864196","0","0.24801587301587302","1","162","2022-05-18T19:39:00.000Z","1652902740",
"2551","22b77d7829c68dcd","E2:1F:7B:35:CC:08","51.851851851851855","8","0.19778481012658228","8","162","2022-05-18T19:40:00.000Z","1652902800",
"2551","22b77d7829c68dcd","E2:1F:7B:35:CC:08","69.1358024691358","6","0.20292207792207792","0","162","2022-05-18T19:41:00.000Z","1652902860",
"2551","22b77d7829c68dcd","E2:1F:7B:35:CC:08","45.67901234567901","0","0.22644927536231885","0","162","2022-05-18T19:42:00.000Z","1652902920",
"2551","22b77d7829c68dcd","E2:1F:7B:35:CC:08","38.27160493827161","3","0.25201612903225806","1","162","2022-05-18T19:43:00.000Z","1652902980",
"2551","22b77d7829c68dcd","E2:1F:7B:35:CC:08","24.691358024691358","0","0.26939655172413796","0","162","2022-05-18T19:44:00.000Z","1652903040",
"2551","22b77d7829c68dcd","E2:1F:7B:35:CC:08","13.580246913580247","0","0.2840909090909091","0","162","2022-05-18T19:45:00.000Z","1652903100",
"2551","22b77d7829c68dcd","E2:1F:7B:35:CC:08","11.11111111111111","1","0.23674242424242425","1","162","2022-05-18T19:46:00.000Z","1652903160",
"2551","22b77d7829c68dcd","E2:1F:7B:35:CC:08","25.925925925925927","1","0.22321428571428573","2","162","2022-05-18T19:47:00.000Z","1652903220",
"2551","22b77d7829c68dcd","E2:1F:7B:35:CC:08","22.22222222222222","0","0.2403846153846154","0","162","2022-05-18T19:48:00.000Z","1652903280",
"2551","22b77d7829c68dcd","E2:1F:7B:35:CC:08","13.580246913580247","0","0.25201612903225806","0","162","2022-05-18T19:49:00.000Z","1652903340",
"2551","22b77d7829c68dcd","E2:1F:7B:35:CC:08","8.641975308641975","0","0.2604166666666667","0","162","2022-05-18T19:50:00.000Z","1652903400",
"2551","22b77d7829c68dcd","E2:1F:7B:35:CC:08","7.407407407407407","0","0.26939655172413796","0","162","2022-05-18T19:51:00.000Z","1652903460",
"2551","22b77d7829c68dcd","E2:1F:7B:35:CC:08","6.172839506172839","0","0.27901785714285715","0","162","2022-05-18T19:52:00.000Z","1652903520",
"2551","22b77d7829c68dcd","E2:1F:7B:35:CC:08","6.172839506172839","0","0.2840909090909091","0","162","2022-05-18T19:53:00.000Z","1652903580",
"2551","22b77d7829c68dcd","E2:1F:7B:35:CC:08","4.938271604938271","0","0.294811320754717","0","162","2022-05-18T19:54:00.000Z","1652903640",
"2551","22b77d7829c68dcd","E2:1F:7B:35:CC:08","3.7037037037037037","0","0.3004807692307692","0","162","2022-05-18T19:55:00.000Z","1652903700",
"2551","22b77d7829c68dcd","E2:1F:7B:35:CC:08","3.7037037037037037","0","0.30637254901960786","0","162","2022-05-18T19:56:00.000Z","1652903760",
"2551","22b77d7829c68dcd","E2:1F:7B:35:CC:08","3.7037037037037037","0","0.3125","0","162","2022-05-18T19:57:00.000Z","1652903820",
"2551","22b77d7829c68dcd","E2:1F:7B:35:CC:08","3.7037037037037037","0","0.31887755102040816","0","162","2022-05-18T19:58:00.000Z","1652903880",
"2551","22b77d7829c68dcd","E2:1F:7B:35:CC:08","3.7037037037037037","0","0.3255208333333333","0","162","2022-05-18T19:59:00.000Z","1652903940",
"2551","22b77d7829c68dcd","E2:1F:7B:35:CC:08","2.4691358024691357","0","0.3324468085106383","0","162","2022-05-18T20:00:00.000Z","1652904000",
"2551","22b77d7829c68dcd","E2:1F:7B:35:CC:08","2.4691358024691357","0","0.3324468085106383","0","162","2022-05-18T20:01:00.000Z","1652904060",
"2551","22b77d7829c68dcd","E2:1F:7B:35:CC:08","3.7037037037037037","0","0.33967391304347827","0","162","2022-05-18T20:02:00.000Z","1652904120",
"2551","22b77d7829c68dcd","E2:1F:7B:35:CC:08","2.4691358024691357","0","0.3472222222222222","0","162","2022-05-18T20:03:00.000Z","1652904180",
"2551","22b77d7829c68dcd","E2:1F:7B:35:CC:08","3.7037037037037037","0","0.35511363636363635","0","162","2022-05-18T20:04:00.000Z","1652904240",
"2551","22b77d7829c68dcd","E2:1F:7B:35:CC:08","6.172839506172839","0","0.3633720930232558","0","162","2022-05-18T20:05:00.000Z","1652904300",
"2551","22b77d7829c68dcd","E2:1F:7B:35:CC:08","18.51851851851852","2","0.40064102564102566","0","162","2022-05-18T20:06:00.000Z","1652904360",
"2551","22b77d7829c68dcd","E2:1F:7B:35:CC:08","24.691358024691358","3","0.4222972972972973","0","162","2022-05-18T20:07:00.000Z","1652904420",
"2551","22b77d7829c68dcd","E2:1F:7B:35:CC:08","37.03703703703704","6","0.5040322580645161","0","162","2022-05-18T20:08:00.000Z","1652904480",
"2551","22b77d7829c68dcd","E2:1F:7B:35:CC:08","49.382716049382715","10","0.5580357142857143","0","162","2022-05-18T20:09:00.000Z","1652904540",
"2551","22b77d7829c68dcd","E2:1F:7B:35:CC:08","58.02469135802469","12","0.625","0","162","2022-05-18T20:10:00.000Z","1652904600",
"2551","22b77d7829c68dcd","E2:1F:7B:35:CC:08","69.1358024691358","11","0.7102272727272727","0","162","2022-05-18T20:11:00.000Z","1652904660",
"2551","22b77d7829c68dcd","E2:1F:7B:35:CC:08","76.54320987654322","8","0.78125","0","162","2022-05-18T20:12:00.000Z","1652904720",
"2551","22b77d7829c68dcd","E2:1F:7B:35:CC:08","98.76543209876543","7","0.8680555555555556","0","162","2022-05-18T20:13:00.000Z","1652904780",
"2551","22b77d7829c68dcd","E2:1F:7B:35:CC:08","96.29629629629629","10","0.9765625","0","162","2022-05-18T20:14:00.000Z","1652904840",
"2551","22b77d7829c68dcd","E2:1F:7B:35:CC:08","91.35802469135803","5","0.5387931034482759","2","162","2022-05-18T20:15:00.000Z","1652904900",
"2551","22b77d7829c68dcd","E2:1F:7B:35:CC:08","69.1358024691358","5","0.5580357142857143","0","162","2022-05-18T20:16:00.000Z","1652904960",
"2551","22b77d7829c68dcd","E2:1F:7B:35:CC:08","64.19753086419753","3","0.5040322580645161","0","162","2022-05-18T20:17:00.000Z","1652905020",
"2551","22b77d7829c68dcd","E2:1F:7B:35:CC:08","59.25925925925926","3","0.4734848484848485","0","162","2022-05-18T20:18:00.000Z","1652905080",
"2551","22b77d7829c68dcd","E2:1F:7B:35:CC:08","69.1358024691358","7","0.5580357142857143","0","162","2022-05-18T20:19:00.000Z","1652905140",
"2551","22b77d7829c68dcd","E2:1F:7B:35:CC:08","85.18518518518519","8","0.7102272727272727","0","162","2022-05-18T20:20:00.000Z","1652905200",
"2551","22b77d7829c68dcd","E2:1F:7B:35:CC:08","96.29629629629629","7","0.78125","0","162","2022-05-18T20:21:00.000Z","1652905260",
"2551","22b77d7829c68dcd","E2:1F:7B:35:CC:08","100","7","0.8680555555555556","0","162","2022-05-18T20:22:00.000Z","1652905320",
"2551","22b77d7829c68dcd","E2:1F:7B:35:CC:08","100","3","0.78125","0","162","2022-05-18T20:23:00.000Z","1652905380",
"2551","22b77d7829c68dcd","E2:1F:7B:35:CC:08","97.53086419753086","4","0.78125","0","162","2022-05-18T20:24:00.000Z","1652905440",
"2551","22b77d7829c68dcd","E2:1F:7B:35:CC:08","77.77777777777777","2","0.7440476190476191","0","162","2022-05-18T20:25:00.000Z","1652905500",
"2551","22b77d7829c68dcd","E2:1F:7B:35:CC:08","65.4320987654321","4","0.6793478260869565","0","162","2022-05-18T20:26:00.000Z","1652905560",
"2551","22b77d7829c68dcd","E2:1F:7B:35:CC:08","64.19753086419753","4","0.7440476190476191","0","162","2022-05-18T20:27:00.000Z","1652905620",
"2551","22b77d7829c68dcd","E2:1F:7B:35:CC:08","66.66666666666667","6","0.78125","0","162","2022-05-18T20:28:00.000Z","1652905680",
"2551","22b77d7829c68dcd","E2:1F:7B:35:CC:08","90.12345679012346","6","0.8680555555555556","0","162","2022-05-18T20:29:00.000Z","1652905740",
"2551","22b77d7829c68dcd","E2:1F:7B:35:CC:08","100","7","1.0416666666666667","0","162","2022-05-18T20:30:00.000Z","1652905800",
"2551","22b77d7829c68dcd","E2:1F:7B:35:CC:08","100","6","1.0416666666666667","0","162","2022-05-18T20:31:00.000Z","1652905860",
"2551","22b77d7829c68dcd","E2:1F:7B:35:CC:08","97.53086419753086","7","1.1160714285714286","0","162","2022-05-18T20:32:00.000Z","1652905920",
"2551","22b77d7829c68dcd","E2:1F:7B:35:CC:08","92.5925925925926","8","1.2019230769230769","0","162","2022-05-18T20:33:00.000Z","1652905980",
"2551","22b77d7829c68dcd","E2:1F:7B:35:CC:08","100","8","1.3020833333333333","0","162","2022-05-18T20:34:00.000Z","1652906040",
"2551","22b77d7829c68dcd","E2:1F:7B:35:CC:08","100","5","0.7102272727272727","1","162","2022-05-18T20:35:00.000Z","1652906100",
"2551","22b77d7829c68dcd","E2:1F:7B:35:CC:08","100","5","0.7102272727272727","0","162","2022-05-18T20:36:00.000Z","1652906160",
"2551","22b77d7829c68dcd","E2:1F:7B:35:CC:08","100","6","0.7102272727272727","0","162","2022-05-18T20:37:00.000Z","1652906220",
"2551","22b77d7829c68dcd","E2:1F:7B:35:CC:08","100","5","0.8680555555555556","0","162","2022-05-18T20:38:00.000Z","1652906280",
"2551","22b77d7829c68dcd","E2:1F:7B:35:CC:08","100","9","0.9765625","0","162","2022-05-18T20:39:00.000Z","1652906340",
"2551","22b77d7829c68dcd","E2:1F:7B:35:CC:08","100","7","1.0416666666666667","0","162","2022-05-18T20:40:00.000Z","1652906400",
"2551","22b77d7829c68dcd","E2:1F:7B:35:CC:08","100","7","1.1160714285714286","0","162","2022-05-18T20:41:00.000Z","1652906460",
"2551","22b77d7829c68dcd","E2:1F:7B:35:CC:08","100","7","1.0416666666666667","0","162","2022-05-18T20:42:00.000Z","1652906520",
"2551","22b77d7829c68dcd","E2:1F:7B:35:CC:08","100","7","1.2019230769230769","0","162","2022-05-18T20:43:00.000Z","1652906580",
"2551","22b77d7829c68dcd","E2:1F:7B:35:CC:08","100","7","1.3020833333333333","0","162","2022-05-18T20:44:00.000Z","1652906640",
"2551","22b77d7829c68dcd","E2:1F:7B:35:CC:08","100","5","1.1160714285714286","0","162","2022-05-18T20:45:00.000Z","1652906700",
"2551","22b77d7829c68dcd","E2:1F:7B:35:CC:08","100","9","1.3020833333333333","1","162","2022-05-18T20:46:00.000Z","1652906760",
"2551","22b77d7829c68dcd","E2:1F:7B:35:CC:08","100","12","0.8223684210526315","1","162","2022-05-18T20:47:00.000Z","1652906820",
"2551","22b77d7829c68dcd","E2:1F:7B:35:CC:08","100","7","0.9765625","0","162","2022-05-18T20:48:00.000Z","1652906880",
"2551","22b77d7829c68dcd","E2:1F:7B:35:CC:08","100","6","1.0416666666666667","0","162","2022-05-18T20:49:00.000Z","1652906940",
"2551","22b77d7829c68dcd","E2:1F:7B:35:CC:08","100","5","1.0416666666666667","0","162","2022-05-18T20:50:00.000Z","1652907000",
"2551","22b77d7829c68dcd","E2:1F:7B:35:CC:08","92.5925925925926","8","1.3020833333333333","0","162","2022-05-18T20:51:00.000Z","1652907060",
"2551","22b77d7829c68dcd","E2:1F:7B:35:CC:08","85.18518518518519","7","1.3020833333333333","0","162","2022-05-18T20:52:00.000Z","1652907120",
"2551","22b77d7829c68dcd","E2:1F:7B:35:CC:08","80.24691358024691","9","1.3020833333333333","0","162","2022-05-18T20:53:00.000Z","1652907180",
"2551","22b77d7829c68dcd","E2:1F:7B:35:CC:08","83.95061728395062","7","1.4204545454545454","0","162","2022-05-18T20:54:00.000Z","1652907240",
"2551","22b77d7829c68dcd","E2:1F:7B:35:CC:08","90.12345679012346","8","1.5625","0","162","2022-05-18T20:55:00.000Z","1652907300",
"2551","22b77d7829c68dcd","E2:1F:7B:35:CC:08","86.41975308641975","7","1.5625","0","162","2022-05-18T20:56:00.000Z","1652907360",
"2551","22b77d7829c68dcd","E2:1F:7B:35:CC:08","76.54320987654322","5","1.5625","0","162","2022-05-18T20:57:00.000Z","1652907420",
"2551","22b77d7829c68dcd","E2:1F:7B:35:CC:08","82.71604938271605","8","1.5625","0","162","2022-05-18T20:58:00.000Z","1652907480",
"2551","22b77d7829c68dcd","E2:1F:7B:35:CC:08","91.35802469135803","6","1.5625","0","162","2022-05-18T20:59:00.000Z","1652907540",
"2551","22b77d7829c68dcd","E2:1F:7B:35:CC:08","86.41975308641975","3","1.4204545454545454","0","162","2022-05-18T21:00:00.000Z","1652907600",
"2551","22b77d7829c68dcd","E2:1F:7B:35:CC:08","79.01234567901234","1","1.2019230769230769","0","162","2022-05-18T21:01:00.000Z","1652907660",
"2551","22b77d7829c68dcd","E2:1F:7B:35:CC:08","65.4320987654321","0","1.0416666666666667","0","162","2022-05-18T21:02:00.000Z","1652907720",
"2551","22b77d7829c68dcd","E2:1F:7B:35:CC:08","55.55555555555556","0","0.8680555555555556","0","162","2022-05-18T21:03:00.000Z","1652907780",
"2551","22b77d7829c68dcd","E2:1F:7B:35:CC:08","40.74074074074074","0","0.7440476190476191","0","162","2022-05-18T21:04:00.000Z","1652907840",
"2551","22b77d7829c68dcd","E2:1F:7B:35:CC:08","43.20987654320987","1","0.78125","0","162","2022-05-18T21:05:00.000Z","1652907900",
"2551","22b77d7829c68dcd","E2:1F:7B:35:CC:08","48.148148148148145","1","0.44642857142857145","2","162","2022-05-18T21:06:00.000Z","1652907960",
"2551","22b77d7829c68dcd","E2:1F:7B:35:CC:08","35.80246913580247","1","0.44642857142857145","0","162","2022-05-18T21:07:00.000Z","1652908020",
"2551","22b77d7829c68dcd","E2:1F:7B:35:CC:08","37.03703703703704","5","0.48828125","0","162","2022-05-18T21:08:00.000Z","1652908080",
"2551","22b77d7829c68dcd","E2:1F:7B:35:CC:08","43.20987654320987","4","0.5208333333333334","0","162","2022-05-18T21:09:00.000Z","1652908140",
"2551","22b77d7829c68dcd","E2:1F:7B:35:CC:08","35.80246913580247","2","0.5040322580645161","0","162","2022-05-18T21:10:00.000Z","1652908200",
"2551","22b77d7829c68dcd","E2:1F:7B:35:CC:08","46.91358024691358","4","0.5040322580645161","0","162","2022-05-18T21:11:00.000Z","1652908260",
"2551","22b77d7829c68dcd","E2:1F:7B:35:CC:08","40.74074074074074","4","0.5208333333333334","0","162","2022-05-18T21:12:00.000Z","1652908320",
"2551","22b77d7829c68dcd","E2:1F:7B:35:CC:08","44.44444444444444","2","0.41118421052631576","1","162","2022-05-18T21:13:00.000Z","1652908380",
"2551","22b77d7829c68dcd","E2:1F:7B:35:CC:08","65.4320987654321","4","0.5040322580645161","0","162","2022-05-18T21:14:00.000Z","1652908440",
"2551","22b77d7829c68dcd","E2:1F:7B:35:CC:08","59.25925925925926","4","0.5387931034482759","0","162","2022-05-18T21:15:00.000Z","1652908500",
"2551","22b77d7829c68dcd","E2:1F:7B:35:CC:08","40.74074074074074","1","0.5787037037037037","0","162","2022-05-18T21:16:00.000Z","1652908560",
"2551","22b77d7829c68dcd","E2:1F:7B:35:CC:08","43.20987654320987","1","0.5580357142857143","0","162","2022-05-18T21:17:00.000Z","1652908620",
"2551","22b77d7829c68dcd","E2:1F:7B:35:CC:08","45.67901234567901","5","0.6510416666666666","0","162","2022-05-18T21:18:00.000Z","1652908680",
"2551","22b77d7829c68dcd","E2:1F:7B:35:CC:08","72.8395061728395","6","0.7102272727272727","0","162","2022-05-18T21:19:00.000Z","1652908740",
"2551","22b77d7829c68dcd","E2:1F:7B:35:CC:08","77.77777777777777","8","0.8223684210526315","0","162","2022-05-18T21:20:00.000Z","1652908800",
"2551","22b77d7829c68dcd","E2:1F:7B:35:CC:08","70.37037037037037","8","0.8680555555555556","0","162","2022-05-18T21:21:00.000Z","1652908860",
"2551","22b77d7829c68dcd","E2:1F:7B:35:CC:08","69.1358024691358","8","0.9765625","0","162","2022-05-18T21:22:00.000Z","1652908920",
"2551","22b77d7829c68dcd","E2:1F:7B:35:CC:08","82.71604938271605","8","1.1160714285714286","0","162","2022-05-18T21:23:00.000Z","1652908980",
"2551","22b77d7829c68dcd","E2:1F:7B:35:CC:08","85.18518518518519","6","1.1160714285714286","0","162","2022-05-18T21:24:00.000Z","1652909040",
"2551","22b77d7829c68dcd","E2:1F:7B:35:CC:08","85.18518518518519","6","1.2019230769230769","0","162","2022-05-18T21:25:00.000Z","1652909100",
"2551","22b77d7829c68dcd","E2:1F:7B:35:CC:08","82.71604938271605","6","1.2019230769230769","0","162","2022-05-18T21:26:00.000Z","1652909160",
"2551","22b77d7829c68dcd","E2:1F:7B:35:CC:08","82.71604938271605","8","1.3020833333333333","0","162","2022-05-18T21:27:00.000Z","1652909220",
"2551","22b77d7829c68dcd","E2:1F:7B:35:CC:08","87.65432098765432","7","1.3020833333333333","0","162","2022-05-18T21:28:00.000Z","1652909280",
"2551","22b77d7829c68dcd","E2:1F:7B:35:CC:08","82.71604938271605","5","1.3020833333333333","0","162","2022-05-18T21:29:00.000Z","1652909340",
"2551","22b77d7829c68dcd","E2:1F:7B:35:CC:08","86.41975308641975","8","1.5625","0","162","2022-05-18T21:30:00.000Z","1652909400",
"2551","22b77d7829c68dcd","E2:1F:7B:35:CC:08","98.76543209876543","5","1.5625","0","162","2022-05-18T21:31:00.000Z","1652909460",
"2551","22b77d7829c68dcd","E2:1F:7B:35:CC:08","100","6","1.7361111111111112","0","162","2022-05-18T21:32:00.000Z","1652909520",
"2551","22b77d7829c68dcd","E2:1F:7B:35:CC:08","100","9","1.7361111111111112","0","162","2022-05-18T21:33:00.000Z","1652909580",
"2551","22b77d7829c68dcd","E2:1F:7B:35:CC:08","85.18518518518519","7","1.7361111111111112","0","162","2022-05-18T21:34:00.000Z","1652909640",
"2551","22b77d7829c68dcd","E2:1F:7B:35:CC:08","83.95061728395062","7","1.0416666666666667","1","162","2022-05-18T21:35:00.000Z","1652909700",
"2551","22b77d7829c68dcd","E2:1F:7B:35:CC:08","79.01234567901234","4","0.9765625","0","162","2022-05-18T21:36:00.000Z","1652909760",
"2551","22b77d7829c68dcd","E2:1F:7B:35:CC:08","69.1358024691358","6","0.9765625","0","162","2022-05-18T21:37:00.000Z","1652909820",
"2551","22b77d7829c68dcd","E2:1F:7B:35:CC:08","66.66666666666667","7","1.0416666666666667","0","162","2022-05-18T21:38:00.000Z","1652909880",
"2551","22b77d7829c68dcd","E2:1F:7B:35:CC:08","74.07407407407408","6","1.1160714285714286","0","162","2022-05-18T21:39:00.000Z","1652909940",
"2551","22b77d7829c68dcd","E2:1F:7B:35:CC:08","80.24691358024691","5","1.2019230769230769","0","162","2022-05-18T21:40:00.000Z","1652910000",
"2551","22b77d7829c68dcd","E2:1F:7B:35:CC:08","75.30864197530865","8","1.3020833333333333","0","162","2022-05-18T21:41:00.000Z","1652910060",
"2551","22b77d7829c68dcd","E2:1F:7B:35:CC:08","79.01234567901234","7","1.3020833333333333","0","162","2022-05-18T21:42:00.000Z","1652910120",
"2551","22b77d7829c68dcd","E2:1F:7B:35:CC:08","85.18518518518519","7","1.4204545454545454","0","162","2022-05-18T21:43:00.000Z","1652910180",
"2551","22b77d7829c68dcd","E2:1F:7B:35:CC:08","66.66666666666667","5","1.3020833333333333","0","162","2022-05-18T21:44:00.000Z","1652910240",
"2551","22b77d7829c68dcd","E2:1F:7B:35:CC:08","70.37037037037037","6","1.3020833333333333","0","162","2022-05-18T21:45:00.000Z","1652910300",
"2551","22b77d7829c68dcd","E2:1F:7B:35:CC:08","75.30864197530865","8","1.4204545454545454","0","162","2022-05-18T21:46:00.000Z","1652910360",
"2551","22b77d7829c68dcd","E2:1F:7B:35:CC:08","77.77777777777777","6","1.4204545454545454","0","162","2022-05-18T21:47:00.000Z","1652910420",
"2551","22b77d7829c68dcd","E2:1F:7B:35:CC:08","80.24691358024691","7","1.4204545454545454","0","162","2022-05-18T21:48:00.000Z","1652910480",
"2551","22b77d7829c68dcd","E2:1F:7B:35:CC:08","61.72839506172839","6","1.4204545454545454","0","162","2022-05-18T21:49:00.000Z","1652910540",
"2551","22b77d7829c68dcd","E2:1F:7B:35:CC:08","69.1358024691358","8","1.5625","0","162","2022-05-18T21:50:00.000Z","1652910600",
"2551","22b77d7829c68dcd","E2:1F:7B:35:CC:08","67.90123456790124","6","1.5625","0","162","2022-05-18T21:51:00.000Z","1652910660",
"2551","22b77d7829c68dcd","E2:1F:7B:35:CC:08","62.96296296296296","7","1.5625","0","162","2022-05-18T21:52:00.000Z","1652910720",
"2551","22b77d7829c68dcd","E2:1F:7B:35:CC:08","60.49382716049383","7","1.5625","0","162","2022-05-18T21:53:00.000Z","1652910780",
"2551","22b77d7829c68dcd","E2:1F:7B:35:CC:08","61.72839506172839","6","1.5625","0","162","2022-05-18T21:54:00.000Z","1652910840",
"2551","22b77d7829c68dcd","E2:1F:7B:35:CC:08","61.72839506172839","6","1.5625","0","162","2022-05-18T21:55:00.000Z","1652910900",
"2551","22b77d7829c68dcd","E2:1F:7B:35:CC:08","60.49382716049383","4","1.5625","0","162","2022-05-18T21:56:00.000Z","1652910960",
"2551","22b77d7829c68dcd","E2:1F:7B:35:CC:08","58.02469135802469","3","1.7361111111111112","0","162","2022-05-18T21:57:00.000Z","1652911020",
"2551","22b77d7829c68dcd","E2:1F:7B:35:CC:08","71.60493827160494","3","1.2019230769230769","0","162","2022-05-18T21:58:00.000Z","1652911080",
"2551","22b77d7829c68dcd","E2:1F:7B:35:CC:08","75.30864197530865","5","1.2019230769230769","0","162","2022-05-18T21:59:00.000Z","1652911140",
"2551","22b77d7829c68dcd","E2:1F:7B:35:CC:08","81.48148148148148","6","1.3020833333333333","0","162","2022-05-18T22:00:00.000Z","1652911200",
"2551","22b77d7829c68dcd","E2:1F:7B:35:CC:08","75.30864197530865","8","1.5625","0","162","2022-05-18T22:01:00.000Z","1652911260",
"2551","22b77d7829c68dcd","E2:1F:7B:35:CC:08","93.82716049382717","9","1.1160714285714286","0","162","2022-05-18T22:02:00.000Z","1652911320",
"2551","22b77d7829c68dcd","E2:1F:7B:35:CC:08","92.5925925925926","6","1.2019230769230769","0","162","2022-05-18T22:03:00.000Z","1652911380",
"2551","22b77d7829c68dcd","E2:1F:7B:35:CC:08","83.95061728395062","6","1.0416666666666667","0","162","2022-05-18T22:04:00.000Z","1652911440",
"2551","22b77d7829c68dcd","E2:1F:7B:35:CC:08","85.18518518518519","5","1.1160714285714286","0","162","2022-05-18T22:05:00.000Z","1652911500",
"2551","22b77d7829c68dcd","E2:1F:7B:35:CC:08","72.8395061728395","3","1.2019230769230769","0","162","2022-05-18T22:06:00.000Z","1652911560",
"2551","22b77d7829c68dcd","E2:1F:7B:35:CC:08","86.41975308641975","5","1.1160714285714286","0","162","2022-05-18T22:07:00.000Z","1652911620",
"2551","22b77d7829c68dcd","E2:1F:7B:35:CC:08","87.65432098765432","7","1.3020833333333333","0","162","2022-05-18T22:08:00.000Z","1652911680",
"2551","22b77d7829c68dcd","E2:1F:7B:35:CC:08","92.5925925925926","3","1.0416666666666667","0","162","2022-05-18T22:09:00.000Z","1652911740",
"2551","22b77d7829c68dcd","E2:1F:7B:35:CC:08","77.77777777777777","3","1.0416666666666667","0","162","2022-05-18T22:10:00.000Z","1652911800",
"2551","22b77d7829c68dcd","E2:1F:7B:35:CC:08","76.54320987654322","4","1.1160714285714286","0","162","2022-05-18T22:11:00.000Z","1652911860",
"2551","22b77d7829c68dcd","E2:1F:7B:35:CC:08","77.77777777777777","6","1.0416666666666667","0","162","2022-05-18T22:12:00.000Z","1652911920",
"2551","22b77d7829c68dcd","E2:1F:7B:35:CC:08","88.88888888888889","4","1.1160714285714286","0","162","2022-05-18T22:13:00.000Z","1652911980",
"2551","22b77d7829c68dcd","E2:1F:7B:35:CC:08","91.35802469135803","2","1.2019230769230769","0","162","2022-05-18T22:14:00.000Z","1652912040",
"2551","22b77d7829c68dcd","E2:1F:7B:35:CC:08","95.06172839506173","3","0.8223684210526315","0","162","2022-05-18T22:15:00.000Z","1652912100",
"2551","22b77d7829c68dcd","E2:1F:7B:35:CC:08","100","4","0.8680555555555556","0","162","2022-05-18T22:16:00.000Z","1652912160",
"2551","22b77d7829c68dcd","E2:1F:7B:35:CC:08","90.12345679012346","1","0.78125","0","162","2022-05-18T22:17:00.000Z","1652912220",
"2551","22b77d7829c68dcd","E2:1F:7B:35:CC:08","60.49382716049383","0","0.6793478260869565","0","162","2022-05-18T22:18:00.000Z","1652912280",
"2551","22b77d7829c68dcd","E2:1F:7B:35:CC:08","43.20987654320987","0","0.6009615384615384","0","162","2022-05-18T22:19:00.000Z","1652912340",
"2551","22b77d7829c68dcd","E2:1F:7B:35:CC:08","29.62962962962963","0","0.5580357142857143","0","162","2022-05-18T22:20:00.000Z","1652912400",
"2551","22b77d7829c68dcd","E2:1F:7B:35:CC:08","24.691358024691358","0","0.5208333333333334","0","162","2022-05-18T22:21:00.000Z","1652912460",
"2551","22b77d7829c68dcd","E2:1F:7B:35:CC:08","19.753086419753085","0","0.4734848484848485","0","162","2022-05-18T22:22:00.000Z","1652912520",
"2551","22b77d7829c68dcd","E2:1F:7B:35:CC:08","38.27160493827161","3","0.44642857142857145","0","162","2022-05-18T22:23:00.000Z","1652912580",
"2551","22b77d7829c68dcd","E2:1F:7B:35:CC:08","18.51851851851852","0","0.44642857142857145","0","162","2022-05-18T22:24:00.000Z","1652912640",
"2551","22b77d7829c68dcd","E2:1F:7B:35:CC:08","11.11111111111111","0","0.4340277777777778","0","162","2022-05-18T22:25:00.000Z","1652912700",
"2551","22b77d7829c68dcd","E2:1F:7B:35:CC:08","7.407407407407407","0","0.44642857142857145","0","162","2022-05-18T22:26:00.000Z","1652912760",
"2551","22b77d7829c68dcd","E2:1F:7B:35:CC:08","6.172839506172839","0","0.44642857142857145","0","162","2022-05-18T22:27:00.000Z","1652912820",
"2551","22b77d7829c68dcd","E2:1F:7B:35:CC:08","7.407407407407407","0","0.4340277777777778","0","162","2022-05-18T22:28:00.000Z","1652912880",
"2551","22b77d7829c68dcd","E2:1F:7B:35:CC:08","19.753086419753085","5","0.41118421052631576","1","162","2022-05-18T22:29:00.000Z","1652912940",
"2551","22b77d7829c68dcd","E2:1F:7B:35:CC:08","12.345679012345679","0","0.41118421052631576","0","162","2022-05-18T22:30:00.000Z","1652913000",
"2551","22b77d7829c68dcd","E2:1F:7B:35:CC:08","6.172839506172839","0","0.41118421052631576","0","162","2022-05-18T22:31:00.000Z","1652913060",
"2551","22b77d7829c68dcd","E2:1F:7B:35:CC:08","43.20987654320987","1","0.40064102564102566","0","162","2022-05-18T22:32:00.000Z","1652913120",
"2551","22b77d7829c68dcd","E2:1F:7B:35:CC:08","18.51851851851852","0","0.40064102564102566","0","162","2022-05-18T22:33:00.000Z","1652913180",
"2551","22b77d7829c68dcd","E2:1F:7B:35:CC:08","7.407407407407407","0","0.40064102564102566","0","162","2022-05-18T22:34:00.000Z","1652913240",
"2551","22b77d7829c68dcd","E2:1F:7B:35:CC:08","3.7037037037037037","0","0.40064102564102566","0","162","2022-05-18T22:35:00.000Z","1652913300",
"2551","22b77d7829c68dcd","E2:1F:7B:35:CC:08","3.7037037037037037","0","0.40064102564102566","0","162","2022-05-18T22:36:00.000Z","1652913360",
"2551","22b77d7829c68dcd","E2:1F:7B:35:CC:08","11.11111111111111","0","0.35511363636363635","0","162","2022-05-18T22:37:00.000Z","1652913420",
"2551","22b77d7829c68dcd","E2:1F:7B:35:CC:08","8.641975308641975","0","0.3633720930232558","0","162","2022-05-18T22:38:00.000Z","1652913480",
"2551","22b77d7829c68dcd","E2:1F:7B:35:CC:08","17.28395061728395","1","0.31887755102040816","0","162","2022-05-18T22:39:00.000Z","1652913540",
"2551","22b77d7829c68dcd","E2:1F:7B:35:CC:08","29.62962962962963","0","0.3472222222222222","0","162","2022-05-18T22:40:00.000Z","1652913600",
"2551","22b77d7829c68dcd","E2:1F:7B:35:CC:08","17.28395061728395","0","0.31887755102040816","0","162","2022-05-18T22:41:00.000Z","1652913660",
"2551","22b77d7829c68dcd","E2:1F:7B:35:CC:08","22.22222222222222","2","0.35511363636363635","0","162","2022-05-18T22:42:00.000Z","1652913720",
"2551","22b77d7829c68dcd","E2:1F:7B:35:CC:08","12.345679012345679","0","0.3633720930232558","0","162","2022-05-18T22:43:00.000Z","1652913780",
"2551","22b77d7829c68dcd","E2:1F:7B:35:CC:08","12.345679012345679","1","0.390625","0","162","2022-05-18T22:44:00.000Z","1652913840",
"2551","22b77d7829c68dcd","E2:1F:7B:35:CC:08","12.345679012345679","0","0.390625","0","162","2022-05-18T22:45:00.000Z","1652913900",
"2551","22b77d7829c68dcd","E2:1F:7B:35:CC:08","13.580246913580247","2","0.2840909090909091","1","162","2022-05-18T22:46:00.000Z","1652913960",
"2551","22b77d7829c68dcd","E2:1F:7B:35:CC:08","28.395061728395063","4","0.30637254901960786","0","162","2022-05-18T22:47:00.000Z","1652914020",
"2551","22b77d7829c68dcd","E2:1F:7B:35:CC:08","59.25925925925926","3","0.35511363636363635","0","162","2022-05-18T22:48:00.000Z","1652914080",
"2551","22b77d7829c68dcd","E2:1F:7B:35:CC:08","60.49382716049383","6","0.35511363636363635","0","162","2022-05-18T22:49:00.000Z","1652914140",
"2551","22b77d7829c68dcd","E2:1F:7B:35:CC:08","64.19753086419753","6","0.41118421052631576","0","162","2022-05-18T22:50:00.000Z","1652914200",
"2551","22b77d7829c68dcd","E2:1F:7B:35:CC:08","80.24691358024691","3","0.44642857142857145","0","162","2022-05-18T22:51:00.000Z","1652914260",
"2551","22b77d7829c68dcd","E2:1F:7B:35:CC:08","70.37037037037037","4","0.44642857142857145","0","162","2022-05-18T22:52:00.000Z","1652914320",
"2551","22b77d7829c68dcd","E2:1F:7B:35:CC:08","82.71604938271605","6","0.33967391304347827","1","162","2022-05-18T22:53:00.000Z","1652914380",
"2551","22b77d7829c68dcd","E2:1F:7B:35:CC:08","100","6","0.6009615384615384","2","162","2022-05-18T22:54:00.000Z","1652914440",
"2551","22b77d7829c68dcd","E2:1F:7B:35:CC:08","66.66666666666667","3","0.625","0","162","2022-05-18T22:55:00.000Z","1652914500",
"2551","22b77d7829c68dcd","E2:1F:7B:35:CC:08","62.96296296296296","8","0.6793478260869565","2","162","2022-05-18T22:56:00.000Z","1652914560",
"2551","22b77d7829c68dcd","E2:1F:7B:35:CC:08","85.18518518518519","12","0.8680555555555556","1","162","2022-05-18T22:57:00.000Z","1652914620",
"2551","22b77d7829c68dcd","E2:1F:7B:35:CC:08","100","5","0.8680555555555556","0","162","2022-05-18T22:58:00.000Z","1652914680",
"2551","22b77d7829c68dcd","E2:1F:7B:35:CC:08","90.12345679012346","2","0.2840909090909091","1","162","2022-05-18T22:59:00.000Z","1652914740",
"2551","22b77d7829c68dcd","E2:1F:7B:35:CC:08","95.06172839506173","8","0.3125","19","162","2022-05-18T23:00:00.000Z","1652914800",
"2551","22b77d7829c68dcd","E2:1F:7B:35:CC:08","92.5925925925926","8","0.390625","0","162","2022-05-18T23:01:00.000Z","1652914860",
"2551","22b77d7829c68dcd","E2:1F:7B:35:CC:08","62.96296296296296","4","0.4340277777777778","0","162","2022-05-18T23:02:00.000Z","1652914920",
"2551","22b77d7829c68dcd","E2:1F:7B:35:CC:08","33.333333333333336","0","0.40064102564102566","0","162","2022-05-18T23:03:00.000Z","1652914980",
"2551","22b77d7829c68dcd","E2:1F:7B:35:CC:08","17.28395061728395","0","0.40064102564102566","0","162","2022-05-18T23:04:00.000Z","1652915040",
"2551","22b77d7829c68dcd","E2:1F:7B:35:CC:08","20.987654320987655","2","0.3633720930232558","2","162","2022-05-18T23:05:00.000Z","1652915100",
"2551","22b77d7829c68dcd","E2:1F:7B:35:CC:08","28.395061728395063","1","0.3255208333333333","0","162","2022-05-18T23:06:00.000Z","1652915160",
"2551","22b77d7829c68dcd","E2:1F:7B:35:CC:08","27.160493827160494","2","0.3633720930232558","0","162","2022-05-18T23:07:00.000Z","1652915220",
"2551","22b77d7829c68dcd","E2:1F:7B:35:CC:08","11.11111111111111","0","0.37202380952380953","0","162","2022-05-18T23:08:00.000Z","1652915280",
"2551","22b77d7829c68dcd","E2:1F:7B:35:CC:08","7.407407407407407","0","0.37202380952380953","0","162","2022-05-18T23:09:00.000Z","1652915340",
"2551","22b77d7829c68dcd","E2:1F:7B:35:CC:08","7.407407407407407","0","0.37202380952380953","0","162","2022-05-18T23:10:00.000Z","1652915400",
"2551","22b77d7829c68dcd","E2:1F:7B:35:CC:08","14.814814814814815","4","0.35511363636363635","0","162","2022-05-18T23:11:00.000Z","1652915460",
"2551","22b77d7829c68dcd","E2:1F:7B:35:CC:08","34.5679012345679","6","0.4222972972972973","0","162","2022-05-18T23:12:00.000Z","1652915520",
"2551","22b77d7829c68dcd","E2:1F:7B:35:CC:08","34.5679012345679","5","0.4734848484848485","0","162","2022-05-18T23:13:00.000Z","1652915580",
"2551","22b77d7829c68dcd","E2:1F:7B:35:CC:08","37.03703703703704","4","0.5208333333333334","0","162","2022-05-18T23:14:00.000Z","1652915640",
"2551","22b77d7829c68dcd","E2:1F:7B:35:CC:08","43.20987654320987","7","0.5787037037037037","0","162","2022-05-18T23:15:00.000Z","1652915700",
"2551","22b77d7829c68dcd","E2:1F:7B:35:CC:08","76.54320987654322","7","0.6793478260869565","0","162","2022-05-18T23:16:00.000Z","1652915760",
"2551","22b77d7829c68dcd","E2:1F:7B:35:CC:08","67.90123456790124","7","0.625","0","162","2022-05-18T23:17:00.000Z","1652915820",
"2551","22b77d7829c68dcd","E2:1F:7B:35:CC:08","67.90123456790124","10","0.7440476190476191","0","162","2022-05-18T23:18:00.000Z","1652915880",
"2551","22b77d7829c68dcd","E2:1F:7B:35:CC:08","55.55555555555556","7","0.8223684210526315","0","162","2022-05-18T23:19:00.000Z","1652915940",
"2551","22b77d7829c68dcd","E2:1F:7B:35:CC:08","69.1358024691358","10","0.9191176470588235","0","162","2022-05-18T23:20:00.000Z","1652916000",
"2551","22b77d7829c68dcd","E2:1F:7B:35:CC:08","77.77777777777777","5","0.9191176470588235","0","162","2022-05-18T23:21:00.000Z","1652916060",
"2551","22b77d7829c68dcd","E2:1F:7B:35:CC:08","65.4320987654321","5","0.78125","0","162","2022-05-18T23:22:00.000Z","1652916120",
"2551","22b77d7829c68dcd","E2:1F:7B:35:CC:08","58.02469135802469","7","0.8223684210526315","0","162","2022-05-18T23:23:00.000Z","1652916180",
"2551","22b77d7829c68dcd","E2:1F:7B:35:CC:08","49.382716049382715","5","0.78125","0","162","2022-05-18T23:24:00.000Z","1652916240",
"2551","22b77d7829c68dcd","E2:1F:7B:35:CC:08","54.32098765432099","6","0.8223684210526315","0","162","2022-05-18T23:25:00.000Z","1652916300",
"2551","22b77d7829c68dcd","E2:1F:7B:35:CC:08","58.02469135802469","6","0.8223684210526315","0","162","2022-05-18T23:26:00.000Z","1652916360",
"2551","22b77d7829c68dcd","E2:1F:7B:35:CC:08","61.72839506172839","4","0.8223684210526315","0","162","2022-05-18T23:27:00.000Z","1652916420",
"2551","22b77d7829c68dcd","E2:1F:7B:35:CC:08","55.55555555555556","7","0.9765625","0","162","2022-05-18T23:28:00.000Z","1652916480",
"2551","22b77d7829c68dcd","E2:1F:7B:35:CC:08","74.07407407407408","5","1.0416666666666667","1","162","2022-05-18T23:29:00.000Z","1652916540",
"2551","22b77d7829c68dcd","E2:1F:7B:35:CC:08","77.77777777777777","9","1.2019230769230769","0","162","2022-05-18T23:30:00.000Z","1652916600",
"2551","22b77d7829c68dcd","E2:1F:7B:35:CC:08","75.30864197530865","4","0.9765625","0","162","2022-05-18T23:31:00.000Z","1652916660",
"2551","22b77d7829c68dcd","E2:1F:7B:35:CC:08","90.12345679012346","7","1.1160714285714286","0","162","2022-05-18T23:32:00.000Z","1652916720",
"2551","22b77d7829c68dcd","E2:1F:7B:35:CC:08","93.82716049382717","6","1.1160714285714286","0","162","2022-05-18T23:33:00.000Z","1652916780",
"2551","22b77d7829c68dcd","E2:1F:7B:35:CC:08","98.76543209876543","4","1.2019230769230769","0","162","2022-05-18T23:34:00.000Z","1652916840",
"2551","22b77d7829c68dcd","E2:1F:7B:35:CC:08","90.12345679012346","6","1.2019230769230769","0","162","2022-05-18T23:35:00.000Z","1652916900",
"2551","22b77d7829c68dcd","E2:1F:7B:35:CC:08","85.18518518518519","8","1.2019230769230769","0","162","2022-05-18T23:36:00.000Z","1652916960",
"2551","22b77d7829c68dcd","E2:1F:7B:35:CC:08","80.24691358024691","12","1.2019230769230769","0","162","2022-05-18T23:37:00.000Z","1652917020",
"2551","22b77d7829c68dcd","E2:1F:7B:35:CC:08","100","8","1.953125","0","162","2022-05-18T23:38:00.000Z","1652917080",
"2551","22b77d7829c68dcd","E2:1F:7B:35:CC:08","87.65432098765432","7","1.953125","0","162","2022-05-18T23:39:00.000Z","1652917140",
"2551","22b77d7829c68dcd","E2:1F:7B:35:CC:08","86.41975308641975","7","2.232142857142857","0","162","2022-05-18T23:40:00.000Z","1652917200",
"2551","22b77d7829c68dcd","E2:1F:7B:35:CC:08","66.66666666666667","5","1.953125","0","162","2022-05-18T23:41:00.000Z","1652917260",
"2551","22b77d7829c68dcd","E2:1F:7B:35:CC:08","86.41975308641975","7","2.232142857142857","0","162","2022-05-18T23:42:00.000Z","1652917320",
"2551","22b77d7829c68dcd","E2:1F:7B:35:CC:08","87.65432098765432","8","2.232142857142857","0","162","2022-05-18T23:43:00.000Z","1652917380",
"2551","22b77d7829c68dcd","E2:1F:7B:35:CC:08","81.48148148148148","4","2.232142857142857","0","162","2022-05-18T23:44:00.000Z","1652917440",
"2551","22b77d7829c68dcd","E2:1F:7B:35:CC:08","75.30864197530865","9","2.232142857142857","0","162","2022-05-18T23:45:00.000Z","1652917500",
"2551","22b77d7829c68dcd","E2:1F:7B:35:CC:08","86.41975308641975","6","2.6041666666666665","0","162","2022-05-18T23:46:00.000Z","1652917560",
"2551","22b77d7829c68dcd","E2:1F:7B:35:CC:08","83.95061728395062","7","2.232142857142857","0","162","2022-05-18T23:47:00.000Z","1652917620",
"2551","22b77d7829c68dcd","E2:1F:7B:35:CC:08","76.54320987654322","4","2.232142857142857","0","162","2022-05-18T23:48:00.000Z","1652917680",
"2551","22b77d7829c68dcd","E2:1F:7B:35:CC:08","66.66666666666667","2","1.953125","0","162","2022-05-18T23:49:00.000Z","1652917740",
"2551","22b77d7829c68dcd","E2:1F:7B:35:CC:08","67.90123456790124","3","1.953125","0","162","2022-05-18T23:50:00.000Z","1652917800",
"2551","22b77d7829c68dcd","E2:1F:7B:35:CC:08","81.48148148148148","8","2.232142857142857","0","162","2022-05-18T23:51:00.000Z","1652917860",
"2551","22b77d7829c68dcd","E2:1F:7B:35:CC:08","86.41975308641975","8","2.6041666666666665","0","162","2022-05-18T23:52:00.000Z","1652917920",
"2551","22b77d7829c68dcd","E2:1F:7B:35:CC:08","92.5925925925926","10","2.6041666666666665","0","162","2022-05-18T23:53:00.000Z","1652917980",
"2551","22b77d7829c68dcd","E2:1F:7B:35:CC:08","100","7","2.6041666666666665","0","162","2022-05-18T23:54:00.000Z","1652918040",
"2551","22b77d7829c68dcd","E2:1F:7B:35:CC:08","82.71604938271605","7","3.125","0","162","2022-05-18T23:55:00.000Z","1652918100",
"2551","22b77d7829c68dcd","E2:1F:7B:35:CC:08","81.48148148148148","6","3.125","0","162","2022-05-18T23:56:00.000Z","1652918160",
"2551","22b77d7829c68dcd","E2:1F:7B:35:CC:08","82.71604938271605","7","2.6041666666666665","0","162","2022-05-18T23:57:00.000Z","1652918220",
"2551","22b77d7829c68dcd","E2:1F:7B:35:CC:08","80.24691358024691","8","2.6041666666666665","0","162","2022-05-18T23:58:00.000Z","1652918280",
"2551","22b77d7829c68dcd","E2:1F:7B:35:CC:08","82.71604938271605","3","3.125","0","162","2022-05-18T23:59:00.000Z","1652918340",
"2551","22b77d7829c68dcd","E2:1F:7B:35:CC:08","87.65432098765432","5","2.6041666666666665","0","162","2022-05-19T00:00:00.000Z","1652918400",
"2551","22b77d7829c68dcd","E2:1F:7B:35:CC:08","81.48148148148148","6","3.125","0","162","2022-05-19T00:01:00.000Z","1652918460",
"2551","22b77d7829c68dcd","E2:1F:7B:35:CC:08","90.12345679012346","6","2.6041666666666665","0","162","2022-05-19T00:02:00.000Z","1652918520",
"2551","22b77d7829c68dcd","E2:1F:7B:35:CC:08","91.35802469135803","7","3.125","0","162","2022-05-19T00:03:00.000Z","1652918580",
"2551","22b77d7829c68dcd","E2:1F:7B:35:CC:08","91.35802469135803","7","3.125","0","162","2022-05-19T00:04:00.000Z","1652918640",
"2551","22b77d7829c68dcd","E2:1F:7B:35:CC:08","82.71604938271605","7","2.6041666666666665","0","162","2022-05-19T00:05:00.000Z","1652918700",
"2551","22b77d7829c68dcd","E2:1F:7B:35:CC:08","86.41975308641975","6","2.6041666666666665","0","162","2022-05-19T00:06:00.000Z","1652918760",
"2551","22b77d7829c68dcd","E2:1F:7B:35:CC:08","93.82716049382717","7","3.125","0","162","2022-05-19T00:07:00.000Z","1652918820",
"2551","22b77d7829c68dcd","E2:1F:7B:35:CC:08","74.07407407407408","6","3.125","0","162","2022-05-19T00:08:00.000Z","1652918880",
"2551","22b77d7829c68dcd","E2:1F:7B:35:CC:08","76.54320987654322","7","3.125","0","162","2022-05-19T00:09:00.000Z","1652918940",
"2551","22b77d7829c68dcd","E2:1F:7B:35:CC:08","69.1358024691358","6","3.125","0","162","2022-05-19T00:10:00.000Z","1652919000",
"2551","22b77d7829c68dcd","E2:1F:7B:35:CC:08","70.37037037037037","5","3.125","0","162","2022-05-19T00:11:00.000Z","1652919060",
"2551","22b77d7829c68dcd","E2:1F:7B:35:CC:08","70.37037037037037","5","3.125","0","162","2022-05-19T00:12:00.000Z","1652919120",
"2551","22b77d7829c68dcd","E2:1F:7B:35:CC:08","77.77777777777777","6","3.125","0","162","2022-05-19T00:13:00.000Z","1652919180",
"2551","22b77d7829c68dcd","E2:1F:7B:35:CC:08","71.60493827160494","5","3.125","0","162","2022-05-19T00:14:00.000Z","1652919240",
"2551","22b77d7829c68dcd","E2:1F:7B:35:CC:08","70.37037037037037","5","3.125","0","162","2022-05-19T00:15:00.000Z","1652919300",
"2551","22b77d7829c68dcd","E2:1F:7B:35:CC:08","66.66666666666667","2","3.125","0","162","2022-05-19T00:16:00.000Z","1652919360",
"2551","22b77d7829c68dcd","E2:1F:7B:35:CC:08","79.01234567901234","8","3.125","0","162","2022-05-19T00:17:00.000Z","1652919420",
"2551","22b77d7829c68dcd","E2:1F:7B:35:CC:08","74.07407407407408","5","3.125","0","162","2022-05-19T00:18:00.000Z","1652919480",
"2551","22b77d7829c68dcd","E2:1F:7B:35:CC:08","72.8395061728395","7","3.125","0","162","2022-05-19T00:19:00.000Z","1652919540",
"2551","22b77d7829c68dcd","E2:1F:7B:35:CC:08","71.60493827160494","7","3.125","0","162","2022-05-19T00:20:00.000Z","1652919600",
"2551","22b77d7829c68dcd","E2:1F:7B:35:CC:08","79.01234567901234","3","1.7361111111111112","0","162","2022-05-19T00:21:00.000Z","1652919660",
"2551","22b77d7829c68dcd","E2:1F:7B:35:CC:08","95.06172839506173","6","1.953125","0","162","2022-05-19T00:22:00.000Z","1652919720",
"2551","22b77d7829c68dcd","E2:1F:7B:35:CC:08","100","4","1.953125","0","162","2022-05-19T00:23:00.000Z","1652919780",
"2551","22b77d7829c68dcd","E2:1F:7B:35:CC:08","80.24691358024691","1","1.5625","0","162","2022-05-19T00:24:00.000Z","1652919840",
"2551","22b77d7829c68dcd","E2:1F:7B:35:CC:08","66.66666666666667","1","1.4204545454545454","0","162","2022-05-19T00:25:00.000Z","1652919900",
"2551","22b77d7829c68dcd","E2:1F:7B:35:CC:08","53.08641975308642","0","1.3020833333333333","0","162","2022-05-19T00:26:00.000Z","1652919960",
"2551","22b77d7829c68dcd","E2:1F:7B:35:CC:08","48.148148148148145","0","1.1160714285714286","0","162","2022-05-19T00:27:00.000Z","1652920020",
"2551","22b77d7829c68dcd","E2:1F:7B:35:CC:08","43.20987654320987","0","1.0416666666666667","0","162","2022-05-19T00:28:00.000Z","1652920080",
"2551","22b77d7829c68dcd","E2:1F:7B:35:CC:08","34.5679012345679","0","1.1160714285714286","0","162","2022-05-19T00:29:00.000Z","1652920140",
"2551","22b77d7829c68dcd","E2:1F:7B:35:CC:08","23.45679012345679","0","1.1160714285714286","0","162","2022-05-19T00:30:00.000Z","1652920200",
"2551","22b77d7829c68dcd","E2:1F:7B:35:CC:08","32.098765432098766","0","1.0416666666666667","0","162","2022-05-19T00:31:00.000Z","1652920260",
"2551","22b77d7829c68dcd","E2:1F:7B:35:CC:08","28.395061728395063","0","0.9765625","0","162","2022-05-19T00:32:00.000Z","1652920320",
"2551","22b77d7829c68dcd","E2:1F:7B:35:CC:08","22.22222222222222","0","0.9191176470588235","0","162","2022-05-19T00:33:00.000Z","1652920380",
"2551","22b77d7829c68dcd","E2:1F:7B:35:CC:08","18.51851851851852","0","0.8223684210526315","0","162","2022-05-19T00:34:00.000Z","1652920440",
"2551","22b77d7829c68dcd","E2:1F:7B:35:CC:08","16.049382716049383","0","0.8223684210526315","0","162","2022-05-19T00:35:00.000Z","1652920500",
"2551","22b77d7829c68dcd","E2:1F:7B:35:CC:08","24.691358024691358","0","0.7440476190476191","0","162","2022-05-19T00:36:00.000Z","1652920560",
"2551","22b77d7829c68dcd","E2:1F:7B:35:CC:08","18.51851851851852","0","0.7102272727272727","0","162","2022-05-19T00:37:00.000Z","1652920620",
"2551","22b77d7829c68dcd","E2:1F:7B:35:CC:08","18.51851851851852","0","0.78125","0","162","2022-05-19T00:38:00.000Z","1652920680",
"2551","22b77d7829c68dcd","E2:1F:7B:35:CC:08","17.28395061728395","0","0.7440476190476191","0","162","2022-05-19T00:39:00.000Z","1652920740",
"2551","22b77d7829c68dcd","E2:1F:7B:35:CC:08","17.28395061728395","1","0.78125","0","162","2022-05-19T00:40:00.000Z","1652920800",
"2551","22b77d7829c68dcd","E2:1F:7B:35:CC:08","29.62962962962963","3","0.9191176470588235","0","162","2022-05-19T00:41:00.000Z","1652920860",
"2551","22b77d7829c68dcd","E2:1F:7B:35:CC:08","79.01234567901234","3","1.1160714285714286","0","162","2022-05-19T00:42:00.000Z","1652920920",
"2551","22b77d7829c68dcd","E2:1F:7B:35:CC:08","74.07407407407408","2","1.0416666666666667","0","162","2022-05-19T00:43:00.000Z","1652920980",
"2551","22b77d7829c68dcd","E2:1F:7B:35:CC:08","49.382716049382715","0","0.9191176470588235","0","162","2022-05-19T00:44:00.000Z","1652921040",
"2551","22b77d7829c68dcd","E2:1F:7B:35:CC:08","29.62962962962963","0","0.5787037037037037","0","162","2022-05-19T00:45:00.000Z","1652921100",
"2551","22b77d7829c68dcd","E2:1F:7B:35:CC:08","20.987654320987655","1","0.78125","0","162","2022-05-19T00:46:00.000Z","1652921160",
"2551","22b77d7829c68dcd","E2:1F:7B:35:CC:08","11.11111111111111","0","0.78125","0","162","2022-05-19T00:47:00.000Z","1652921220",
"2551","22b77d7829c68dcd","E2:1F:7B:35:CC:08","23.45679012345679","3","0.8680555555555556","0","162","2022-05-19T00:48:00.000Z","1652921280",
"2551","22b77d7829c68dcd","E2:1F:7B:35:CC:08","37.03703703703704","2","0.9191176470588235","0","162","2022-05-19T00:49:00.000Z","1652921340",
"2551","22b77d7829c68dcd","E2:1F:7B:35:CC:08","33.333333333333336","0","0.8680555555555556","0","162","2022-05-19T00:50:00.000Z","1652921400",
"2551","22b77d7829c68dcd","E2:1F:7B:35:CC:08","54.32098765432099","3","1.1160714285714286","0","162","2022-05-19T00:51:00.000Z","1652921460",
"2551","22b77d7829c68dcd","E2:1F:7B:35:CC:08","56.79012345679013","0","0.9191176470588235","0","162","2022-05-19T00:52:00.000Z","1652921520",
"2551","22b77d7829c68dcd","E2:1F:7B:35:CC:08","39.50617283950617","1","0.9191176470588235","0","162","2022-05-19T00:53:00.000Z","1652921580",
"2551","22b77d7829c68dcd","E2:1F:7B:35:CC:08","27.160493827160494","0","0.7440476190476191","0","162","2022-05-19T00:54:00.000Z","1652921640",
"2551","22b77d7829c68dcd","E2:1F:7B:35:CC:08","41.97530864197531","1","0.5580357142857143","0","162","2022-05-19T00:55:00.000Z","1652921700",
"2551","22b77d7829c68dcd","E2:1F:7B:35:CC:08","35.80246913580247","0","0.7440476190476191","1","162","2022-05-19T00:56:00.000Z","1652921760",
"2551","22b77d7829c68dcd","E2:1F:7B:35:CC:08","25.925925925925927","0","0.6793478260869565","0","162","2022-05-19T00:57:00.000Z","1652921820",
"2551","22b77d7829c68dcd","E2:1F:7B:35:CC:08","18.51851851851852","1","0.7102272727272727","0","162","2022-05-19T00:58:00.000Z","1652921880",
"2551","22b77d7829c68dcd","E2:1F:7B:35:CC:08","16.049382716049383","0","0.6793478260869565","0","162","2022-05-19T00:59:00.000Z","1652921940",
"2551","22b77d7829c68dcd","E2:1F:7B:35:CC:08","17.28395061728395","0","0.6510416666666666","0","162","2022-05-19T01:00:00.000Z","1652922000",
"2551","22b77d7829c68dcd","E2:1F:7B:35:CC:08","17.28395061728395","0","0.5040322580645161","0","162","2022-05-19T01:01:00.000Z","1652922060",
"2551","22b77d7829c68dcd","E2:1F:7B:35:CC:08","13.580246913580247","0","0.5040322580645161","0","162","2022-05-19T01:02:00.000Z","1652922120",
"2551","22b77d7829c68dcd","E2:1F:7B:35:CC:08","13.580246913580247","0","0.4734848484848485","0","162","2022-05-19T01:03:00.000Z","1652922180",
"2551","22b77d7829c68dcd","E2:1F:7B:35:CC:08","24.691358024691358","2","0.5580357142857143","0","162","2022-05-19T01:04:00.000Z","1652922240",
"2551","22b77d7829c68dcd","E2:1F:7B:35:CC:08","44.44444444444444","0","0.5040322580645161","0","162","2022-05-19T01:05:00.000Z","1652922300",
"2551","22b77d7829c68dcd","E2:1F:7B:35:CC:08","34.5679012345679","2","0.5580357142857143","0","162","2022-05-19T01:06:00.000Z","1652922360",
"2551","22b77d7829c68dcd","E2:1F:7B:35:CC:08","71.60493827160494","4","0.625","0","162","2022-05-19T01:07:00.000Z","1652922420",
"2551","22b77d7829c68dcd","E2:1F:7B:35:CC:08","59.25925925925926","0","0.5387931034482759","0","162","2022-05-19T01:08:00.000Z","1652922480",
"2551","22b77d7829c68dcd","E2:1F:7B:35:CC:08","43.20987654320987","0","0.48828125","0","162","2022-05-19T01:09:00.000Z","1652922540",
"2551","22b77d7829c68dcd","E2:1F:7B:35:CC:08","54.32098765432099","5","0.3472222222222222","0","162","2022-05-19T01:10:00.000Z","1652922600",
"2551","22b77d7829c68dcd","E2:1F:7B:35:CC:08","27.160493827160494","0","0.3633720930232558","0","162","2022-05-19T01:11:00.000Z","1652922660",
"2551","22b77d7829c68dcd","E2:1F:7B:35:CC:08","13.580246913580247","0","0.3472222222222222","0","162","2022-05-19T01:12:00.000Z","1652922720",
"2551","22b77d7829c68dcd","E2:1F:7B:35:CC:08","9.876543209876543","0","0.3472222222222222","0","162","2022-05-19T01:13:00.000Z","1652922780",
"2551","22b77d7829c68dcd","E2:1F:7B:35:CC:08","7.407407407407407","0","0.33967391304347827","0","162","2022-05-19T01:14:00.000Z","1652922840",
"2551","22b77d7829c68dcd","E2:1F:7B:35:CC:08","7.407407407407407","0","0.3324468085106383","0","162","2022-05-19T01:15:00.000Z","1652922900",
"2551","22b77d7829c68dcd","E2:1F:7B:35:CC:08","6.172839506172839","0","0.3324468085106383","0","162","2022-05-19T01:16:00.000Z","1652922960",
"2551","22b77d7829c68dcd","E2:1F:7B:35:CC:08","4.938271604938271","0","0.3324468085106383","0","162","2022-05-19T01:17:00.000Z","1652923020",
"2551","22b77d7829c68dcd","E2:1F:7B:35:CC:08","8.641975308641975","1","0.26939655172413796","2","162","2022-05-19T01:18:00.000Z","1652923080",
"2551","22b77d7829c68dcd","E2:1F:7B:35:CC:08","17.28395061728395","0","0.294811320754717","0","162","2022-05-19T01:19:00.000Z","1652923140",
"2551","22b77d7829c68dcd","E2:1F:7B:35:CC:08","13.580246913580247","0","0.30637254901960786","0","162","2022-05-19T01:20:00.000Z","1652923200",
"2551","22b77d7829c68dcd","E2:1F:7B:35:CC:08","14.814814814814815","0","0.3004807692307692","1","162","2022-05-19T01:21:00.000Z","1652923260",
"2551","22b77d7829c68dcd","E2:1F:7B:35:CC:08","23.45679012345679","1","0.33967391304347827","0","162","2022-05-19T01:22:00.000Z","1652923320",
"2551","22b77d7829c68dcd","E2:1F:7B:35:CC:08","13.580246913580247","0","0.2403846153846154","0","162","2022-05-19T01:23:00.000Z","1652923380",
"2551","22b77d7829c68dcd","E2:1F:7B:35:CC:08","27.160493827160494","3","0.20833333333333334","1","162","2022-05-19T01:24:00.000Z","1652923440",
"2551","22b77d7829c68dcd","E2:1F:7B:35:CC:08","39.50617283950617","3","0.25201612903225806","0","162","2022-05-19T01:25:00.000Z","1652923500",
"2551","22b77d7829c68dcd","E2:1F:7B:35:CC:08","23.45679012345679","0","0.2604166666666667","0","162","2022-05-19T01:26:00.000Z","1652923560",
"2551","22b77d7829c68dcd","E2:1F:7B:35:CC:08","11.11111111111111","0","0.2604166666666667","0","162","2022-05-19T01:27:00.000Z","1652923620",
"2551","22b77d7829c68dcd","E2:1F:7B:35:CC:08","8.641975308641975","0","0.26939655172413796","0","162","2022-05-19T01:28:00.000Z","1652923680",
"2551","22b77d7829c68dcd","E2:1F:7B:35:CC:08","8.641975308641975","0","0.27901785714285715","0","162","2022-05-19T01:29:00.000Z","1652923740",
"2551","22b77d7829c68dcd","E2:1F:7B:35:CC:08","11.11111111111111","9","0.22321428571428573","14","162","2022-05-19T01:30:00.000Z","1652923800",
"2551","22b77d7829c68dcd","E2:1F:7B:35:CC:08","34.5679012345679","1","0.2648305084745763","0","162","2022-05-19T01:31:00.000Z","1652923860",
"2551","22b77d7829c68dcd","E2:1F:7B:35:CC:08","16.049382716049383","0","0.2741228070175439","0","162","2022-05-19T01:32:00.000Z","1652923920",
"2551","22b77d7829c68dcd","E2:1F:7B:35:CC:08","7.407407407407407","0","0.2840909090909091","0","162","2022-05-19T01:33:00.000Z","1652923980",
"2551","22b77d7829c68dcd","E2:1F:7B:35:CC:08","3.7037037037037037","0","0.2840909090909091","0","162","2022-05-19T01:34:00.000Z","1652924040",
"2551","22b77d7829c68dcd","E2:1F:7B:35:CC:08","2.4691358024691357","0","0.28935185185185186","0","162","2022-05-19T01:35:00.000Z","1652924100",
"2551","22b77d7829c68dcd","E2:1F:7B:35:CC:08","2.4691358024691357","0","0.28935185185185186","0","162","2022-05-19T01:36:00.000Z","1652924160",
"2551","22b77d7829c68dcd","E2:1F:7B:35:CC:08","2.4691358024691357","0","0.294811320754717","0","162","2022-05-19T01:37:00.000Z","1652924220",
"2551","22b77d7829c68dcd","E2:1F:7B:35:CC:08","2.4691358024691357","0","0.294811320754717","0","162","2022-05-19T01:38:00.000Z","1652924280",
"2551","22b77d7829c68dcd","E2:1F:7B:35:CC:08","3.7037037037037037","0","0.3004807692307692","0","162","2022-05-19T01:39:00.000Z","1652924340",
"2551","22b77d7829c68dcd","E2:1F:7B:35:CC:08","3.7037037037037037","0","0.3004807692307692","0","162","2022-05-19T01:40:00.000Z","1652924400",
"2551","22b77d7829c68dcd","E2:1F:7B:35:CC:08","3.7037037037037037","0","0.27901785714285715","0","162","2022-05-19T01:41:00.000Z","1652924460",
"2551","22b77d7829c68dcd","E2:1F:7B:35:CC:08","19.753086419753085","2","0.3472222222222222","1","162","2022-05-19T01:42:00.000Z","1652924520",
"2551","22b77d7829c68dcd","E2:1F:7B:35:CC:08","17.28395061728395","0","0.37202380952380953","0","162","2022-05-19T01:43:00.000Z","1652924580",
"2551","22b77d7829c68dcd","E2:1F:7B:35:CC:08","8.641975308641975","0","0.38109756097560976","0","162","2022-05-19T01:44:00.000Z","1652924640",
"2551","22b77d7829c68dcd","E2:1F:7B:35:CC:08","4.938271604938271","0","0.390625","0","162","2022-05-19T01:45:00.000Z","1652924700",
"2551","22b77d7829c68dcd","E2:1F:7B:35:CC:08","3.7037037037037037","0","0.40064102564102566","0","162","2022-05-19T01:46:00.000Z","1652924760",
"2551","22b77d7829c68dcd","E2:1F:7B:35:CC:08","3.7037037037037037","0","0.41118421052631576","0","162","2022-05-19T01:47:00.000Z","1652924820",
"2551","22b77d7829c68dcd","E2:1F:7B:35:CC:08","3.7037037037037037","0","0.4222972972972973","0","162","2022-05-19T01:48:00.000Z","1652924880",
"2551","22b77d7829c68dcd","E2:1F:7B:35:CC:08","4.938271604938271","0","0.4340277777777778","0","162","2022-05-19T01:49:00.000Z","1652924940",
"2551","22b77d7829c68dcd","E2:1F:7B:35:CC:08","3.7037037037037037","0","0.44642857142857145","0","162","2022-05-19T01:50:00.000Z","1652925000",
"2551","22b77d7829c68dcd","E2:1F:7B:35:CC:08","2.4691358024691357","0","0.44642857142857145","0","162","2022-05-19T01:51:00.000Z","1652925060",
"2551","22b77d7829c68dcd","E2:1F:7B:35:CC:08","2.4691358024691357","0","0.45955882352941174","0","162","2022-05-19T01:52:00.000Z","1652925120",
"2551","22b77d7829c68dcd","E2:1F:7B:35:CC:08","3.7037037037037037","0","0.4734848484848485","0","162","2022-05-19T01:53:00.000Z","1652925180",
"2551","22b77d7829c68dcd","E2:1F:7B:35:CC:08","4.938271604938271","0","0.4734848484848485","0","162","2022-05-19T01:54:00.000Z","1652925240",
"2551","22b77d7829c68dcd","E2:1F:7B:35:CC:08","6.172839506172839","0","0.48828125","0","162","2022-05-19T01:55:00.000Z","1652925300",
"2551","22b77d7829c68dcd","E2:1F:7B:35:CC:08","12.345679012345679","1","0.5208333333333334","0","162","2022-05-19T01:56:00.000Z","1652925360",
"2551","22b77d7829c68dcd","E2:1F:7B:35:CC:08","12.345679012345679","0","0.5387931034482759","0","162","2022-05-19T01:57:00.000Z","1652925420",
"2551","22b77d7829c68dcd","E2:1F:7B:35:CC:08","11.11111111111111","0","0.5387931034482759","0","162","2022-05-19T01:58:00.000Z","1652925480",
"2551","22b77d7829c68dcd","E2:1F:7B:35:CC:08","13.580246913580247","0","0.5580357142857143","0","162","2022-05-19T01:59:00.000Z","1652925540",
"2551","22b77d7829c68dcd","E2:1F:7B:35:CC:08","14.814814814814815","0","0.5787037037037037","0","162","2022-05-19T02:00:00.000Z","1652925600",
"2551","22b77d7829c68dcd","E2:1F:7B:35:CC:08","18.51851851851852","1","0.625","0","162","2022-05-19T02:01:00.000Z","1652925660",
"2551","22b77d7829c68dcd","E2:1F:7B:35:CC:08","19.753086419753085","1","0.6510416666666666","0","162","2022-05-19T02:02:00.000Z","1652925720",
"2551","22b77d7829c68dcd","E2:1F:7B:35:CC:08","19.753086419753085","2","0.6510416666666666","0","162","2022-05-19T02:03:00.000Z","1652925780",
"2551","22b77d7829c68dcd","E2:1F:7B:35:CC:08","24.691358024691358","6","0.7102272727272727","0","162","2022-05-19T02:04:00.000Z","1652925840",
"2551","22b77d7829c68dcd","E2:1F:7B:35:CC:08","24.691358024691358","0","0.7102272727272727","0","162","2022-05-19T02:05:00.000Z","1652925900",
"2551","22b77d7829c68dcd","E2:1F:7B:35:CC:08","20.987654320987655","2","0.7440476190476191","0","162","2022-05-19T02:06:00.000Z","1652925960",
"2551","22b77d7829c68dcd","E2:1F:7B:35:CC:08","23.45679012345679","5","0.78125","0","162","2022-05-19T02:07:00.000Z","1652926020",
"2551","22b77d7829c68dcd","E2:1F:7B:35:CC:08","25.925925925925927","2","0.8223684210526315","0","162","2022-05-19T02:08:00.000Z","1652926080",
"2551","22b77d7829c68dcd","E2:1F:7B:35:CC:08","25.925925925925927","3","0.8680555555555556","0","162","2022-05-19T02:09:00.000Z","1652926140",
"2551","22b77d7829c68dcd","E2:1F:7B:35:CC:08","25.925925925925927","5","0.9191176470588235","0","162","2022-05-19T02:10:00.000Z","1652926200",
"2551","22b77d7829c68dcd","E2:1F:7B:35:CC:08","32.098765432098766","7","1.0416666666666667","0","162","2022-05-19T02:11:00.000Z","1652926260",
"2551","22b77d7829c68dcd","E2:1F:7B:35:CC:08","32.098765432098766","2","1.2019230769230769","0","162","2022-05-19T02:12:00.000Z","1652926320",
"2551","22b77d7829c68dcd","E2:1F:7B:35:CC:08","27.160493827160494","3","1.2019230769230769","0","162","2022-05-19T02:13:00.000Z","1652926380",
"2551","22b77d7829c68dcd","E2:1F:7B:35:CC:08","28.395061728395063","3","1.2019230769230769","0","162","2022-05-19T02:14:00.000Z","1652926440",
"2551","22b77d7829c68dcd","E2:1F:7B:35:CC:08","32.098765432098766","2","1.2019230769230769","0","162","2022-05-19T02:15:00.000Z","1652926500",
"2551","22b77d7829c68dcd","E2:1F:7B:35:CC:08","29.62962962962963","3","1.2019230769230769","0","162","2022-05-19T02:16:00.000Z","1652926560",
"2551","22b77d7829c68dcd","E2:1F:7B:35:CC:08","28.395061728395063","4","1.2019230769230769","0","162","2022-05-19T02:17:00.000Z","1652926620",
"2551","22b77d7829c68dcd","E2:1F:7B:35:CC:08","29.62962962962963","3","0.9765625","0","162","2022-05-19T02:18:00.000Z","1652926680",
"2551","22b77d7829c68dcd","E2:1F:7B:35:CC:08","33.333333333333336","1","0.8680555555555556","0","162","2022-05-19T02:19:00.000Z","1652926740",
"2551","22b77d7829c68dcd","E2:1F:7B:35:CC:08","30.864197530864196","0","0.78125","0","162","2022-05-19T02:20:00.000Z","1652926800",
"2551","22b77d7829c68dcd","E2:1F:7B:35:CC:08","35.80246913580247","2","0.78125","0","162","2022-05-19T02:21:00.000Z","1652926860",
"2551","22b77d7829c68dcd","E2:1F:7B:35:CC:08","27.160493827160494","1","0.78125","0","162","2022-05-19T02:22:00.000Z","1652926920",
"2551","22b77d7829c68dcd","E2:1F:7B:35:CC:08","22.22222222222222","0","0.7102272727272727","0","162","2022-05-19T02:23:00.000Z","1652926980",
"2551","22b77d7829c68dcd","E2:1F:7B:35:CC:08","29.62962962962963","0","0.625","0","162","2022-05-19T02:24:00.000Z","1652927040",
"2551","22b77d7829c68dcd","E2:1F:7B:35:CC:08","20.987654320987655","0","0.6510416666666666","0","162","2022-05-19T02:25:00.000Z","1652927100",
"2551","22b77d7829c68dcd","E2:1F:7B:35:CC:08","29.62962962962963","1","0.7102272727272727","0","162","2022-05-19T02:26:00.000Z","1652927160",
"2551","22b77d7829c68dcd","E2:1F:7B:35:CC:08","23.45679012345679","0","0.6510416666666666","0","162","2022-05-19T02:27:00.000Z","1652927220",
"2551","22b77d7829c68dcd","E2:1F:7B:35:CC:08","17.28395061728395","1","0.6510416666666666","0","162","2022-05-19T02:28:00.000Z","1652927280",
"2551","22b77d7829c68dcd","E2:1F:7B:35:CC:08","13.580246913580247","0","0.41118421052631576","2","162","2022-05-19T02:29:00.000Z","1652927340",
"2551","22b77d7829c68dcd","E2:1F:7B:35:CC:08","61.72839506172839","3","0.625","0","162","2022-05-19T02:30:00.000Z","1652927400",
"2551","22b77d7829c68dcd","E2:1F:7B:35:CC:08","38.27160493827161","4","0.7102272727272727","0","162","2022-05-19T02:31:00.000Z","1652927460",
"2551","22b77d7829c68dcd","E2:1F:7B:35:CC:08","25.925925925925927","5","0.7440476190476191","0","162","2022-05-19T02:32:00.000Z","1652927520",
"2551","22b77d7829c68dcd","E2:1F:7B:35:CC:08","49.382716049382715","6","0.6793478260869565","0","162","2022-05-19T02:33:00.000Z","1652927580",
"2551","22b77d7829c68dcd","E2:1F:7B:35:CC:08","74.07407407407408","3","0.7440476190476191","0","162","2022-05-19T02:34:00.000Z","1652927640",
"2551","22b77d7829c68dcd","E2:1F:7B:35:CC:08","61.72839506172839","3","0.6510416666666666","0","162","2022-05-19T02:35:00.000Z","1652927700",
"2551","22b77d7829c68dcd","E2:1F:7B:35:CC:08","49.382716049382715","0","0.5787037037037037","0","162","2022-05-19T02:36:00.000Z","1652927760",
"2551","22b77d7829c68dcd","E2:1F:7B:35:CC:08","33.333333333333336","0","0.5208333333333334","0","162","2022-05-19T02:37:00.000Z","1652927820",
"2551","22b77d7829c68dcd","E2:1F:7B:35:CC:08","25.925925925925927","0","0.48828125","0","162","2022-05-19T02:38:00.000Z","1652927880",
"2551","22b77d7829c68dcd","E2:1F:7B:35:CC:08","20.987654320987655","0","0.48828125","0","162","2022-05-19T02:39:00.000Z","1652927940",
"2551","22b77d7829c68dcd","E2:1F:7B:35:CC:08","17.28395061728395","0","0.45955882352941174","0","162","2022-05-19T02:40:00.000Z","1652928000",
"2551","22b77d7829c68dcd","E2:1F:7B:35:CC:08","14.814814814814815","0","0.44642857142857145","0","162","2022-05-19T02:41:00.000Z","1652928060",
"2551","22b77d7829c68dcd","E2:1F:7B:35:CC:08","12.345679012345679","0","0.4340277777777778","0","162","2022-05-19T02:42:00.000Z","1652928120",
"2551","22b77d7829c68dcd","E2:1F:7B:35:CC:08","8.641975308641975","0","0.4222972972972973","0","162","2022-05-19T02:43:00.000Z","1652928180",
"2551","22b77d7829c68dcd","E2:1F:7B:35:CC:08","8.641975308641975","0","0.41118421052631576","0","162","2022-05-19T02:44:00.000Z","1652928240",
"2551","22b77d7829c68dcd","E2:1F:7B:35:CC:08","7.407407407407407","0","0.40064102564102566","0","162","2022-05-19T02:45:00.000Z","1652928300",
"2551","22b77d7829c68dcd","E2:1F:7B:35:CC:08","8.641975308641975","0","0.26939655172413796","0","162","2022-05-19T02:46:00.000Z","1652928360",
"2551","22b77d7829c68dcd","E2:1F:7B:35:CC:08","11.11111111111111","0","0.2840909090909091","0","162","2022-05-19T02:47:00.000Z","1652928420",
"2551","22b77d7829c68dcd","E2:1F:7B:35:CC:08","6.172839506172839","0","0.27901785714285715","0","162","2022-05-19T02:48:00.000Z","1652928480",
"2551","22b77d7829c68dcd","E2:1F:7B:35:CC:08","6.172839506172839","0","0.2741228070175439","0","162","2022-05-19T02:49:00.000Z","1652928540",
"2551","22b77d7829c68dcd","E2:1F:7B:35:CC:08","6.172839506172839","0","0.26939655172413796","0","162","2022-05-19T02:50:00.000Z","1652928600",
"2551","22b77d7829c68dcd","E2:1F:7B:35:CC:08","24.691358024691358","4","0.294811320754717","0","162","2022-05-19T02:51:00.000Z","1652928660",
"2551","22b77d7829c68dcd","E2:1F:7B:35:CC:08","23.45679012345679","0","0.31887755102040816","0","162","2022-05-19T02:52:00.000Z","1652928720",
"2551","22b77d7829c68dcd","E2:1F:7B:35:CC:08","11.11111111111111","0","0.3255208333333333","0","162","2022-05-19T02:53:00.000Z","1652928780",
"2551","22b77d7829c68dcd","E2:1F:7B:35:CC:08","8.641975308641975","0","0.3324468085106383","0","162","2022-05-19T02:54:00.000Z","1652928840",
"2551","22b77d7829c68dcd","E2:1F:7B:35:CC:08","20.987654320987655","4","0.2403846153846154","0","162","2022-05-19T02:55:00.000Z","1652928900",
"2551","22b77d7829c68dcd","E2:1F:7B:35:CC:08","18.51851851851852","0","0.244140625","0","162","2022-05-19T02:56:00.000Z","1652928960",
"2551","22b77d7829c68dcd","E2:1F:7B:35:CC:08","19.753086419753085","0","0.2840909090909091","0","162","2022-05-19T02:57:00.000Z","1652929020",
"2551","22b77d7829c68dcd","E2:1F:7B:35:CC:08","25.925925925925927","1","0.3472222222222222","0","162","2022-05-19T02:58:00.000Z","1652929080",
"2551","22b77d7829c68dcd","E2:1F:7B:35:CC:08","16.049382716049383","0","0.35511363636363635","0","162","2022-05-19T02:59:00.000Z","1652929140",
"2551","22b77d7829c68dcd","E2:1F:7B:35:CC:08","40.74074074074074","4","0.22644927536231885","0","162","2022-05-19T03:00:00.000Z","1652929200",
"2551","22b77d7829c68dcd","E2:1F:7B:35:CC:08","24.691358024691358","0","0.2332089552238806","0","162","2022-05-19T03:01:00.000Z","1652929260",
"2551","22b77d7829c68dcd","E2:1F:7B:35:CC:08","13.580246913580247","0","0.23674242424242425","0","162","2022-05-19T03:02:00.000Z","1652929320",
"2551","22b77d7829c68dcd","E2:1F:7B:35:CC:08","9.876543209876543","0","0.244140625","0","162","2022-05-19T03:03:00.000Z","1652929380",
"2551","22b77d7829c68dcd","E2:1F:7B:35:CC:08","6.172839506172839","0","0.244140625","0","162","2022-05-19T03:04:00.000Z","1652929440",
"2551","22b77d7829c68dcd","E2:1F:7B:35:CC:08","6.172839506172839","0","0.24801587301587302","0","162","2022-05-19T03:05:00.000Z","1652929500",
"2551","22b77d7829c68dcd","E2:1F:7B:35:CC:08","4.938271604938271","0","0.24801587301587302","0","162","2022-05-19T03:06:00.000Z","1652929560",
"2551","22b77d7829c68dcd","E2:1F:7B:35:CC:08","4.938271604938271","0","0.24801587301587302","0","162","2022-05-19T03:07:00.000Z","1652929620",
"2551","22b77d7829c68dcd","E2:1F:7B:35:CC:08","4.938271604938271","0","0.24801587301587302","0","162","2022-05-19T03:08:00.000Z","1652929680",
"2551","22b77d7829c68dcd","E2:1F:7B:35:CC:08","6.172839506172839","0","0.24801587301587302","0","162","2022-05-19T03:09:00.000Z","1652929740",
"2551","22b77d7829c68dcd","E2:1F:7B:35:CC:08","4.938271604938271","0","0.24801587301587302","0","162","2022-05-19T03:10:00.000Z","1652929800",
"2551","22b77d7829c68dcd","E2:1F:7B:35:CC:08","4.938271604938271","0","0.24801587301587302","0","162","2022-05-19T03:11:00.000Z","1652929860",
"2551","22b77d7829c68dcd","E2:1F:7B:35:CC:08","4.938271604938271","0","0.24801587301587302","0","162","2022-05-19T03:12:00.000Z","1652929920",
"2551","22b77d7829c68dcd","E2:1F:7B:35:CC:08","4.938271604938271","0","0.24801587301587302","0","162","2022-05-19T03:13:00.000Z","1652929980",
"2551","22b77d7829c68dcd","E2:1F:7B:35:CC:08","11.11111111111111","5","0.19778481012658228","8","162","2022-05-19T03:14:00.000Z","1652930040",
"2551","22b77d7829c68dcd","E2:1F:7B:35:CC:08","38.27160493827161","1","0.2332089552238806","0","162","2022-05-19T03:15:00.000Z","1652930100",
"2551","22b77d7829c68dcd","E2:1F:7B:35:CC:08","20.987654320987655","0","0.24801587301587302","0","162","2022-05-19T03:16:00.000Z","1652930160",
"2551","22b77d7829c68dcd","E2:1F:7B:35:CC:08","8.641975308641975","0","0.25201612903225806","0","162","2022-05-19T03:17:00.000Z","1652930220",
"2551","22b77d7829c68dcd","E2:1F:7B:35:CC:08","4.938271604938271","0","0.25614754098360654","0","162","2022-05-19T03:18:00.000Z","1652930280",
"2551","22b77d7829c68dcd","E2:1F:7B:35:CC:08","6.172839506172839","2","0.3004807692307692","0","162","2022-05-19T03:19:00.000Z","1652930340",
"2551","22b77d7829c68dcd","E2:1F:7B:35:CC:08","23.45679012345679","1","0.33967391304347827","0","162","2022-05-19T03:20:00.000Z","1652930400",
"2551","22b77d7829c68dcd","E2:1F:7B:35:CC:08","17.28395061728395","0","0.3633720930232558","0","162","2022-05-19T03:21:00.000Z","1652930460",
"2551","22b77d7829c68dcd","E2:1F:7B:35:CC:08","12.345679012345679","0","0.38109756097560976","0","162","2022-05-19T03:22:00.000Z","1652930520",
"2551","22b77d7829c68dcd","E2:1F:7B:35:CC:08","13.580246913580247","0","0.3125","0","162","2022-05-19T03:23:00.000Z","1652930580",
"2551","22b77d7829c68dcd","E2:1F:7B:35:CC:08","14.814814814814815","0","0.33967391304347827","0","162","2022-05-19T03:24:00.000Z","1652930640",
"2551","22b77d7829c68dcd","E2:1F:7B:35:CC:08","12.345679012345679","0","0.35511363636363635","0","162","2022-05-19T03:25:00.000Z","1652930700",
"2551","22b77d7829c68dcd","E2:1F:7B:35:CC:08","9.876543209876543","0","0.37202380952380953","0","162","2022-05-19T03:26:00.000Z","1652930760",
"2551","22b77d7829c68dcd","E2:1F:7B:35:CC:08","8.641975308641975","0","0.390625","0","162","2022-05-19T03:27:00.000Z","1652930820",
"2551","22b77d7829c68dcd","E2:1F:7B:35:CC:08","7.407407407407407","0","0.40064102564102566","0","162","2022-05-19T03:28:00.000Z","1652930880",
"2551","22b77d7829c68dcd","E2:1F:7B:35:CC:08","6.172839506172839","0","0.4222972972972973","0","162","2022-05-19T03:29:00.000Z","1652930940",
"2551","22b77d7829c68dcd","E2:1F:7B:35:CC:08","4.938271604938271","0","0.4340277777777778","0","162","2022-05-19T03:30:00.000Z","1652931000",
"2551","22b77d7829c68dcd","E2:1F:7B:35:CC:08","4.938271604938271","0","0.44642857142857145","0","162","2022-05-19T03:31:00.000Z","1652931060",
"2551","22b77d7829c68dcd","E2:1F:7B:35:CC:08","3.7037037037037037","0","0.45955882352941174","0","162","2022-05-19T03:32:00.000Z","1652931120",
"2551","22b77d7829c68dcd","E2:1F:7B:35:CC:08","3.7037037037037037","0","0.4734848484848485","0","162","2022-05-19T03:33:00.000Z","1652931180",
"2551","22b77d7829c68dcd","E2:1F:7B:35:CC:08","3.7037037037037037","0","0.26939655172413796","0","162","2022-05-19T03:34:00.000Z","1652931240",
"2551","22b77d7829c68dcd","E2:1F:7B:35:CC:08","19.753086419753085","0","0.30637254901960786","0","162","2022-05-19T03:35:00.000Z","1652931300",
"2551","22b77d7829c68dcd","E2:1F:7B:35:CC:08","30.864197530864196","0","0.3633720930232558","0","162","2022-05-19T03:36:00.000Z","1652931360",
"2551","22b77d7829c68dcd","E2:1F:7B:35:CC:08","32.098765432098766","0","0.41118421052631576","0","162","2022-05-19T03:37:00.000Z","1652931420",
"2551","22b77d7829c68dcd","E2:1F:7B:35:CC:08","28.395061728395063","0","0.40064102564102566","0","162","2022-05-19T03:38:00.000Z","1652931480",
"2551","22b77d7829c68dcd","E2:1F:7B:35:CC:08","20.987654320987655","0","0.4340277777777778","0","162","2022-05-19T03:39:00.000Z","1652931540",
"2551","22b77d7829c68dcd","E2:1F:7B:35:CC:08","13.580246913580247","0","0.45955882352941174","0","162","2022-05-19T03:40:00.000Z","1652931600",
"2551","22b77d7829c68dcd","E2:1F:7B:35:CC:08","9.876543209876543","0","0.2840909090909091","0","162","2022-05-19T03:41:00.000Z","1652931660",
"2551","22b77d7829c68dcd","E2:1F:7B:35:CC:08","27.160493827160494","4","0.33967391304347827","0","162","2022-05-19T03:42:00.000Z","1652931720",
"2551","22b77d7829c68dcd","E2:1F:7B:35:CC:08","27.160493827160494","0","0.38109756097560976","0","162","2022-05-19T03:43:00.000Z","1652931780",
"2551","22b77d7829c68dcd","E2:1F:7B:35:CC:08","22.22222222222222","0","0.4222972972972973","0","162","2022-05-19T03:44:00.000Z","1652931840",
"2551","22b77d7829c68dcd","E2:1F:7B:35:CC:08","16.049382716049383","0","0.44642857142857145","0","162","2022-05-19T03:45:00.000Z","1652931900",
"2551","22b77d7829c68dcd","E2:1F:7B:35:CC:08","13.580246913580247","0","0.4734848484848485","0","162","2022-05-19T03:46:00.000Z","1652931960",
"2551","22b77d7829c68dcd","E2:1F:7B:35:CC:08","19.753086419753085","0","0.48828125","0","162","2022-05-19T03:47:00.000Z","1652932020",
"2551","22b77d7829c68dcd","E2:1F:7B:35:CC:08","9.876543209876543","0","0.48828125","0","162","2022-05-19T03:48:00.000Z","1652932080",
"2551","22b77d7829c68dcd","E2:1F:7B:35:CC:08","6.172839506172839","0","0.48828125","0","162","2022-05-19T03:49:00.000Z","1652932140",
"2551","22b77d7829c68dcd","E2:1F:7B:35:CC:08","4.938271604938271","0","0.5040322580645161","0","162","2022-05-19T03:50:00.000Z","1652932200",
"2551","22b77d7829c68dcd","E2:1F:7B:35:CC:08","4.938271604938271","1","0.45955882352941174","0","162","2022-05-19T03:51:00.000Z","1652932260",
"2551","22b77d7829c68dcd","E2:1F:7B:35:CC:08","11.11111111111111","0","0.4340277777777778","1","162","2022-05-19T03:52:00.000Z","1652932320",
"2551","22b77d7829c68dcd","E2:1F:7B:35:CC:08","16.049382716049383","0","0.4734848484848485","0","162","2022-05-19T03:53:00.000Z","1652932380",
"2551","22b77d7829c68dcd","E2:1F:7B:35:CC:08","20.987654320987655","2","0.3324468085106383","1","162","2022-05-19T03:54:00.000Z","1652932440",
"2551","22b77d7829c68dcd","E2:1F:7B:35:CC:08","12.345679012345679","0","0.3324468085106383","0","162","2022-05-19T03:55:00.000Z","1652932500",
"2551","22b77d7829c68dcd","E2:1F:7B:35:CC:08","7.407407407407407","0","0.3324468085106383","0","162","2022-05-19T03:56:00.000Z","1652932560",
"2551","22b77d7829c68dcd","E2:1F:7B:35:CC:08","3.7037037037037037","0","0.3324468085106383","0","162","2022-05-19T03:57:00.000Z","1652932620",
"2551","22b77d7829c68dcd","E2:1F:7B:35:CC:08","2.4691358024691357","0","0.3324468085106383","0","162","2022-05-19T03:58:00.000Z","1652932680",
"2551","22b77d7829c68dcd","E2:1F:7B:35:CC:08","2.4691358024691357","0","0.20032051282051283","0","162","2022-05-19T03:59:00.000Z","1652932740",
"2551","22b77d7829c68dcd","E2:1F:7B:35:CC:08","11.11111111111111","1","0.2403846153846154","0","162","2022-05-19T04:00:00.000Z","1652932800",
"2551","22b77d7829c68dcd","E2:1F:7B:35:CC:08","7.407407407407407","0","0.244140625","0","162","2022-05-19T04:01:00.000Z","1652932860",
"2551","22b77d7829c68dcd","E2:1F:7B:35:CC:08","3.7037037037037037","0","0.24801587301587302","0","162","2022-05-19T04:02:00.000Z","1652932920",
"2551","22b77d7829c68dcd","E2:1F:7B:35:CC:08","28.395061728395063","1","0.390625","1","162","2022-05-19T04:03:00.000Z","1652932980",
"2551","22b77d7829c68dcd","E2:1F:7B:35:CC:08","24.691358024691358","0","0.4222972972972973","0","162","2022-05-19T04:04:00.000Z","1652933040",
"2551","22b77d7829c68dcd","E2:1F:7B:35:CC:08","14.814814814814815","0","0.44642857142857145","0","162","2022-05-19T04:05:00.000Z","1652933100",
"2551","22b77d7829c68dcd","E2:1F:7B:35:CC:08","9.876543209876543","0","0.4734848484848485","0","162","2022-05-19T04:06:00.000Z","1652933160",
"2551","22b77d7829c68dcd","E2:1F:7B:35:CC:08","7.407407407407407","0","0.48828125","0","162","2022-05-19T04:07:00.000Z","1652933220",
"2551","22b77d7829c68dcd","E2:1F:7B:35:CC:08","14.814814814814815","1","0.3125","2","162","2022-05-19T04:08:00.000Z","1652933280",
"2551","22b77d7829c68dcd","E2:1F:7B:35:CC:08","13.580246913580247","0","0.3472222222222222","4","162","2022-05-19T04:09:00.000Z","1652933340",
"2551","22b77d7829c68dcd","E2:1F:7B:35:CC:08","6.172839506172839","0","0.3472222222222222","0","162","2022-05-19T04:10:00.000Z","1652933400",
"2551","22b77d7829c68dcd","E2:1F:7B:35:CC:08","14.814814814814815","7","0.390625","5","162","2022-05-19T04:11:00.000Z","1652933460",
"2551","22b77d7829c68dcd","E2:1F:7B:35:CC:08","18.51851851851852","0","0.4222972972972973","0","162","2022-05-19T04:12:00.000Z","1652933520",
"2551","22b77d7829c68dcd","E2:1F:7B:35:CC:08","12.345679012345679","0","0.44642857142857145","0","162","2022-05-19T04:13:00.000Z","1652933580",
"2551","22b77d7829c68dcd","E2:1F:7B:35:CC:08","8.641975308641975","0","0.45955882352941174","0","162","2022-05-19T04:14:00.000Z","1652933640",
"2551","22b77d7829c68dcd","E2:1F:7B:35:CC:08","7.407407407407407","0","0.4734848484848485","0","162","2022-05-19T04:15:00.000Z","1652933700",
"2551","22b77d7829c68dcd","E2:1F:7B:35:CC:08","4.938271604938271","0","0.5040322580645161","0","162","2022-05-19T04:16:00.000Z","1652933760",
"2551","22b77d7829c68dcd","E2:1F:7B:35:CC:08","4.938271604938271","0","0.3255208333333333","2","162","2022-05-19T04:17:00.000Z","1652933820",
"2551","22b77d7829c68dcd","E2:1F:7B:35:CC:08","33.333333333333336","4","0.3125","2","162","2022-05-19T04:18:00.000Z","1652933880",
"2551","22b77d7829c68dcd","E2:1F:7B:35:CC:08","16.049382716049383","0","0.31887755102040816","0","162","2022-05-19T04:19:00.000Z","1652933940",
"2551","22b77d7829c68dcd","E2:1F:7B:35:CC:08","6.172839506172839","0","0.31887755102040816","0","162","2022-05-19T04:20:00.000Z","1652934000",
"2551","22b77d7829c68dcd","E2:1F:7B:35:CC:08","3.7037037037037037","0","0.31887755102040816","0","162","2022-05-19T04:21:00.000Z","1652934060",
"2551","22b77d7829c68dcd","E2:1F:7B:35:CC:08","4.938271604938271","0","0.35511363636363635","0","162","2022-05-19T04:22:00.000Z","1652934120",
"2551","22b77d7829c68dcd","E2:1F:7B:35:CC:08","6.172839506172839","0","0.3633720930232558","0","162","2022-05-19T04:23:00.000Z","1652934180",
"2551","22b77d7829c68dcd","E2:1F:7B:35:CC:08","4.938271604938271","0","0.37202380952380953","0","162","2022-05-19T04:24:00.000Z","1652934240",
"2551","22b77d7829c68dcd","E2:1F:7B:35:CC:08","8.641975308641975","2","0.244140625","0","162","2022-05-19T04:25:00.000Z","1652934300",
"2551","22b77d7829c68dcd","E2:1F:7B:35:CC:08","30.864197530864196","2","0.2840909090909091","0","162","2022-05-19T04:26:00.000Z","1652934360",
"2551","22b77d7829c68dcd","E2:1F:7B:35:CC:08","27.160493827160494","1","0.21114864864864866","4","162","2022-05-19T04:27:00.000Z","1652934420",
"2551","22b77d7829c68dcd","E2:1F:7B:35:CC:08","39.50617283950617","6","0.21114864864864866","0","162","2022-05-19T04:28:00.000Z","1652934480",
"2551","22b77d7829c68dcd","E2:1F:7B:35:CC:08","32.098765432098766","0","0.22977941176470587","0","162","2022-05-19T04:29:00.000Z","1652934540",
"2551","22b77d7829c68dcd","E2:1F:7B:35:CC:08","17.28395061728395","0","0.16983695652173914","0","162","2022-05-19T04:30:00.000Z","1652934600",
"2551","22b77d7829c68dcd","E2:1F:7B:35:CC:08","25.925925925925927","4","0.1953125","0","162","2022-05-19T04:31:00.000Z","1652934660",
"2551","22b77d7829c68dcd","E2:1F:7B:35:CC:08","18.51851851851852","0","0.20032051282051283","0","162","2022-05-19T04:32:00.000Z","1652934720",
"2551","22b77d7829c68dcd","E2:1F:7B:35:CC:08","13.580246913580247","0","0.20292207792207792","0","162","2022-05-19T04:33:00.000Z","1652934780",
"2551","22b77d7829c68dcd","E2:1F:7B:35:CC:08","13.580246913580247","0","0.20032051282051283","0","162","2022-05-19T04:34:00.000Z","1652934840",
"2551","22b77d7829c68dcd","E2:1F:7B:35:CC:08","12.345679012345679","0","0.20833333333333334","0","162","2022-05-19T04:35:00.000Z","1652934900",
"2551","22b77d7829c68dcd","E2:1F:7B:35:CC:08","11.11111111111111","0","0.20833333333333334","0","162","2022-05-19T04:36:00.000Z","1652934960",
"2551","22b77d7829c68dcd","E2:1F:7B:35:CC:08","7.407407407407407","0","0.21114864864864866","0","162","2022-05-19T04:37:00.000Z","1652935020",
"2551","22b77d7829c68dcd","E2:1F:7B:35:CC:08","22.22222222222222","8","0.16801075268817203","0","162","2022-05-19T04:38:00.000Z","1652935080",
"2551","22b77d7829c68dcd","E2:1F:7B:35:CC:08","23.45679012345679","0","0.1816860465116279","0","162","2022-05-19T04:39:00.000Z","1652935140",
"2551","22b77d7829c68dcd","E2:1F:7B:35:CC:08","12.345679012345679","0","0.18825301204819278","0","162","2022-05-19T04:40:00.000Z","1652935200",
"2551","22b77d7829c68dcd","E2:1F:7B:35:CC:08","8.641975308641975","0","0.1953125","0","162","2022-05-19T04:41:00.000Z","1652935260",
"2551","22b77d7829c68dcd","E2:1F:7B:35:CC:08","6.172839506172839","0","0.20032051282051283","0","162","2022-05-19T04:42:00.000Z","1652935320",
"2551","22b77d7829c68dcd","E2:1F:7B:35:CC:08","6.172839506172839","0","0.20292207792207792","0","162","2022-05-19T04:43:00.000Z","1652935380",
"2551","22b77d7829c68dcd","E2:1F:7B:35:CC:08","6.172839506172839","0","0.21114864864864866","0","162","2022-05-19T04:44:00.000Z","1652935440",
"2551","22b77d7829c68dcd","E2:1F:7B:35:CC:08","4.938271604938271","0","0.21404109589041095","0","162","2022-05-19T04:45:00.000Z","1652935500",
"2551","22b77d7829c68dcd","E2:1F:7B:35:CC:08","4.938271604938271","0","0.2170138888888889","0","162","2022-05-19T04:46:00.000Z","1652935560",
"2551","22b77d7829c68dcd","E2:1F:7B:35:CC:08","4.938271604938271","0","0.22007042253521128","0","162","2022-05-19T04:47:00.000Z","1652935620",
"2551","22b77d7829c68dcd","E2:1F:7B:35:CC:08","17.28395061728395","10","0.15169902912621358","0","162","2022-05-19T04:48:00.000Z","1652935680",
"2551","22b77d7829c68dcd","E2:1F:7B:35:CC:08","30.864197530864196","2","0.1358695652173913","0","162","2022-05-19T04:49:00.000Z","1652935740",
"2551","22b77d7829c68dcd","E2:1F:7B:35:CC:08","40.74074074074074","8","0.16108247422680413","0","162","2022-05-19T04:50:00.000Z","1652935800",
"2551","22b77d7829c68dcd","E2:1F:7B:35:CC:08","43.20987654320987","1","0.08585164835164835","0","162","2022-05-19T04:51:00.000Z","1652935860",
"2551","22b77d7829c68dcd","E2:1F:7B:35:CC:08","44.44444444444444","2","0.09645061728395062","1","162","2022-05-19T04:52:00.000Z","1652935920",
"2551","22b77d7829c68dcd","E2:1F:7B:35:CC:08","56.79012345679013","11","0.09191176470588236","5","162","2022-05-19T04:57:00.000Z","1652936220",
"2551","22b77d7829c68dcd","E2:1F:7B:35:CC:08","71.60493827160494","10","0.1488095238095238","12","162","2022-05-19T05:05:00.000Z","1652936700",
"2551","22b77d7829c68dcd","E2:1F:7B:35:CC:08","75.30864197530865","3","0.1953125","9","162","2022-05-19T05:06:00.000Z","1652936760",
"2551","22b77d7829c68dcd","E2:1F:7B:35:CC:08","76.54320987654322","0","0.1736111111111111","23","162","2022-05-19T05:07:00.000Z","1652936820",
"2551","22b77d7829c68dcd","E2:1F:7B:35:CC:08","76.54320987654322","0","0.17755681818181818","25","162","2022-05-19T05:08:00.000Z","1652936880",
"2551","22b77d7829c68dcd","E2:1F:7B:35:CC:08","65.4320987654321","0","0.17959770114942528","9","162","2022-05-19T05:09:00.000Z","1652936940",
"2551","22b77d7829c68dcd","E2:1F:7B:35:CC:08","53.08641975308642","3","0.13241525423728814","4","162","2022-05-19T05:10:00.000Z","1652937000",
"2551","22b77d7829c68dcd","E2:1F:7B:35:CC:08","53.08641975308642","4","0.15169902912621358","11","162","2022-05-19T05:11:00.000Z","1652937060",
"2551","22b77d7829c68dcd","E2:1F:7B:35:CC:08","85.18518518518519","6","0.18382352941176472","1","162","2022-05-19T05:12:00.000Z","1652937120",
"2551","22b77d7829c68dcd","E2:1F:7B:35:CC:08","60.49382716049383","3","0.20292207792207792","0","162","2022-05-19T05:13:00.000Z","1652937180",
"2551","22b77d7829c68dcd","E2:1F:7B:35:CC:08","41.97530864197531","1","0.1736111111111111","0","162","2022-05-19T05:14:00.000Z","1652937240",
"2551","22b77d7829c68dcd","E2:1F:7B:35:CC:08","38.27160493827161","0","0.07102272727272728","4","162","2022-05-19T05:15:00.000Z","1652937300",
"2551","22b77d7829c68dcd","E2:1F:7B:35:CC:08","46.91358024691358","5","0.11488970588235294","0","162","2022-05-19T05:16:00.000Z","1652937360",
"2551","22b77d7829c68dcd","E2:1F:7B:35:CC:08","46.91358024691358","1","0.10850694444444445","0","162","2022-05-19T05:17:00.000Z","1652937420",
"2551","22b77d7829c68dcd","E2:1F:7B:35:CC:08","46.91358024691358","3","0.143348623853211","0","162","2022-05-19T05:18:00.000Z","1652937480",
"2551","22b77d7829c68dcd","E2:1F:7B:35:CC:08","33.333333333333336","2","0.12703252032520326","0","162","2022-05-19T05:19:00.000Z","1652937540",
"2551","22b77d7829c68dcd","E2:1F:7B:35:CC:08","40.74074074074074","1","0.1220703125","0","162","2022-05-19T05:20:00.000Z","1652937600",
"2551","22b77d7829c68dcd","E2:1F:7B:35:CC:08","32.098765432098766","0","0.13241525423728814","0","162","2022-05-19T05:21:00.000Z","1652937660",
"2551","22b77d7829c68dcd","E2:1F:7B:35:CC:08","34.5679012345679","10","0.18382352941176472","4","162","2022-05-19T05:22:00.000Z","1652937720",
"2551","22b77d7829c68dcd","E2:1F:7B:35:CC:08","46.91358024691358","0","0.143348623853211","4","162","2022-05-19T05:23:00.000Z","1652937780",
"2551","22b77d7829c68dcd","E2:1F:7B:35:CC:08","54.32098765432099","6","0.07301401869158879","0","162","2022-05-19T05:24:00.000Z","1652937840",
"2551","22b77d7829c68dcd","E2:1F:7B:35:CC:08","54.32098765432099","5","0.1488095238095238","0","162","2022-05-19T05:25:00.000Z","1652937900",
"2551","22b77d7829c68dcd","E2:1F:7B:35:CC:08","67.90123456790124","5","0.13469827586206898","9","162","2022-05-19T05:26:00.000Z","1652937960",
"2551","22b77d7829c68dcd","E2:1F:7B:35:CC:08","87.65432098765432","3","0.10212418300653595","0","162","2022-05-19T05:28:00.000Z","1652938080",
"2551","22b77d7829c68dcd","E2:1F:7B:35:CC:08","100","2","0.08585164835164835","5","162","2022-05-19T05:29:00.000Z","1652938140",
"2551","22b77d7829c68dcd","E2:1F:7B:35:CC:08","100","0","0.07931472081218274","14","162","2022-05-19T05:33:00.000Z","1652938380",
"2551","22b77d7829c68dcd","E2:1F:7B:35:CC:08","90.12345679012346","9","0.07370283018867925","8","162","2022-05-19T05:34:00.000Z","1652938440",
"2551","22b77d7829c68dcd","E2:1F:7B:35:CC:08","62.96296296296296","4","0.08979885057471264","72","162","2022-05-19T05:35:00.000Z","1652938500",
"2551","22b77d7829c68dcd","E2:1F:7B:35:CC:08","40.74074074074074","0","0.0882768361581921","72","162","2022-05-19T05:36:00.000Z","1652938560",
"2551","22b77d7829c68dcd","E2:1F:7B:35:CC:08","29.62962962962963","2","0.08729050279329609","0","162","2022-05-19T05:37:00.000Z","1652938620",
"2551","22b77d7829c68dcd","E2:1F:7B:35:CC:08","25.925925925925927","0","0.11405109489051095","0","162","2022-05-19T05:38:00.000Z","1652938680",
"2551","22b77d7829c68dcd","E2:1F:7B:35:CC:08","19.753086419753085","0","0.12112403100775193","0","162","2022-05-19T05:39:00.000Z","1652938740",
"2551","22b77d7829c68dcd","E2:1F:7B:35:CC:08","25.925925925925927","2","0.13950892857142858","0","162","2022-05-19T05:40:00.000Z","1652938800",
"2551","22b77d7829c68dcd","E2:1F:7B:35:CC:08","17.28395061728395","0","0.14467592592592593","0","162","2022-05-19T05:41:00.000Z","1652938860",
"2551","22b77d7829c68dcd","E2:1F:7B:35:CC:08","8.641975308641975","0","0.12112403100775193","0","162","2022-05-19T05:42:00.000Z","1652938920",
"2551","22b77d7829c68dcd","E2:1F:7B:35:CC:08","19.753086419753085","2","0.13241525423728814","0","162","2022-05-19T05:43:00.000Z","1652938980",
"2551","22b77d7829c68dcd","E2:1F:7B:35:CC:08","32.098765432098766","1","0.1502403846153846","0","162","2022-05-19T05:44:00.000Z","1652939040",
"2551","22b77d7829c68dcd","E2:1F:7B:35:CC:08","43.20987654320987","4","0.11405109489051095","0","162","2022-05-19T05:47:00.000Z","1652939220",
"2551","22b77d7829c68dcd","E2:1F:7B:35:CC:08","32.098765432098766","1","0.11574074074074074","0","162","2022-05-19T05:48:00.000Z","1652939280",
"2551","22b77d7829c68dcd","E2:1F:7B:35:CC:08","20.987654320987655","0","0.12400793650793651","0","162","2022-05-19T05:49:00.000Z","1652939340",
"2551","22b77d7829c68dcd","E2:1F:7B:35:CC:08","13.580246913580247","0","0.10080645161290322","0","162","2022-05-19T05:50:00.000Z","1652939400",
"2551","22b77d7829c68dcd","E2:1F:7B:35:CC:08","51.851851851851855","4","0.125","0","162","2022-05-19T05:51:00.000Z","1652939460",
"2551","22b77d7829c68dcd","E2:1F:7B:35:CC:08","55.55555555555556","2","0.11837121212121213","0","162","2022-05-19T05:52:00.000Z","1652939520",
"2551","22b77d7829c68dcd","E2:1F:7B:35:CC:08","49.382716049382715","0","0.10146103896103896","2","162","2022-05-19T05:53:00.000Z","1652939580",
"2551","22b77d7829c68dcd","E2:1F:7B:35:CC:08","45.67901234567901","9","0.09889240506329114","1","162","2022-05-19T05:54:00.000Z","1652939640",
"2551","22b77d7829c68dcd","E2:1F:7B:35:CC:08","45.67901234567901","0","0.062250996015936255","21","162","2022-05-19T05:55:00.000Z","1652939700",
"2551","22b77d7829c68dcd","E2:1F:7B:35:CC:08","62.96296296296296","6","0.10926573426573427","1","162","2022-05-19T05:56:00.000Z","1652939760",
"2551","22b77d7829c68dcd","E2:1F:7B:35:CC:08","65.4320987654321","7","0.1220703125","0","162","2022-05-19T05:57:00.000Z","1652939820",
"2551","22b77d7829c68dcd","E2:1F:7B:35:CC:08","54.32098765432099","5","0.13469827586206898","1","162","2022-05-19T05:58:00.000Z","1652939880",
"2551","22b77d7829c68dcd","E2:1F:7B:35:CC:08","46.91358024691358","2","0.12400793650793651","1","162","2022-05-19T05:59:00.000Z","1652939940",
"2551","22b77d7829c68dcd","E2:1F:7B:35:CC:08","34.5679012345679","1","0.12303149606299213","1","162","2022-05-19T06:00:00.000Z","1652940000",
"2551","22b77d7829c68dcd","E2:1F:7B:35:CC:08","39.50617283950617","9","0.13827433628318583","0","162","2022-05-19T06:01:00.000Z","1652940060",
"2551","22b77d7829c68dcd","E2:1F:7B:35:CC:08","44.44444444444444","2","0.13469827586206898","0","162","2022-05-19T06:02:00.000Z","1652940120",
"2551","22b77d7829c68dcd","E2:1F:7B:35:CC:08","28.395061728395063","0","0.12703252032520326","0","162","2022-05-19T06:03:00.000Z","1652940180",
"2551","22b77d7829c68dcd","E2:1F:7B:35:CC:08","30.864197530864196","6","0.14204545454545456","0","162","2022-05-19T06:04:00.000Z","1652940240",
"2551","22b77d7829c68dcd","E2:1F:7B:35:CC:08","44.44444444444444","4","0.13020833333333334","0","162","2022-05-19T06:05:00.000Z","1652940300",
"2551","22b77d7829c68dcd","E2:1F:7B:35:CC:08","45.67901234567901","2","0.14467592592592593","0","162","2022-05-19T06:06:00.000Z","1652940360",
"2551","22b77d7829c68dcd","E2:1F:7B:35:CC:08","38.27160493827161","6","0.14076576576576577","0","162","2022-05-19T06:07:00.000Z","1652940420",
"2551","22b77d7829c68dcd","E2:1F:7B:35:CC:08","35.80246913580247","6","0.15169902912621358","0","162","2022-05-19T06:08:00.000Z","1652940480",
"2551","22b77d7829c68dcd","E2:1F:7B:35:CC:08","43.20987654320987","4","0.10279605263157894","1","162","2022-05-19T06:09:00.000Z","1652940540",
"2551","22b77d7829c68dcd","E2:1F:7B:35:CC:08","79.01234567901234","7","0.15169902912621358","0","162","2022-05-19T06:10:00.000Z","1652940600",
"2551","22b77d7829c68dcd","E2:1F:7B:35:CC:08","61.72839506172839","8","0.12913223140495866","0","162","2022-05-19T06:11:00.000Z","1652940660",
"2551","22b77d7829c68dcd","E2:1F:7B:35:CC:08","60.49382716049383","5","0.16447368421052633","0","162","2022-05-19T06:12:00.000Z","1652940720",
"2551","22b77d7829c68dcd","E2:1F:7B:35:CC:08","69.1358024691358","8","0.14602803738317757","2","162","2022-05-19T06:13:00.000Z","1652940780",
"2551","22b77d7829c68dcd","E2:1F:7B:35:CC:08","66.66666666666667","7","0.16622340425531915","0","162","2022-05-19T06:14:00.000Z","1652940840",
"2551","22b77d7829c68dcd","E2:1F:7B:35:CC:08","61.72839506172839","6","0.1502403846153846","0","162","2022-05-19T06:15:00.000Z","1652940900",
"2551","22b77d7829c68dcd","E2:1F:7B:35:CC:08","41.97530864197531","3","0.15625","0","162","2022-05-19T06:16:00.000Z","1652940960",
"2551","22b77d7829c68dcd","E2:1F:7B:35:CC:08","28.395061728395063","0","0.15318627450980393","0","162","2022-05-19T06:17:00.000Z","1652941020",
"2551","22b77d7829c68dcd","E2:1F:7B:35:CC:08","19.753086419753085","1","0.15943877551020408","0","162","2022-05-19T06:18:00.000Z","1652941080",
"2551","22b77d7829c68dcd","E2:1F:7B:35:CC:08","17.28395061728395","3","0.143348623853211","1","162","2022-05-19T06:19:00.000Z","1652941140",
"2551","22b77d7829c68dcd","E2:1F:7B:35:CC:08","58.02469135802469","7","0.1547029702970297","1","162","2022-05-19T06:20:00.000Z","1652941200",
"2551","22b77d7829c68dcd","E2:1F:7B:35:CC:08","67.90123456790124","8","0.18601190476190477","0","162","2022-05-19T06:21:00.000Z","1652941260",
"2551","22b77d7829c68dcd","E2:1F:7B:35:CC:08","65.4320987654321","7","0.19290123456790123","0","162","2022-05-19T06:22:00.000Z","1652941320",
"2551","22b77d7829c68dcd","E2:1F:7B:35:CC:08","38.27160493827161","1","0.17755681818181818","0","162","2022-05-19T06:23:00.000Z","1652941380",
"2551","22b77d7829c68dcd","E2:1F:7B:35:CC:08","18.51851851851852","0","0.17959770114942528","0","162","2022-05-19T06:24:00.000Z","1652941440",
"2551","22b77d7829c68dcd","E2:1F:7B:35:CC:08","19.753086419753085","1","0.16983695652173914","0","162","2022-05-19T06:25:00.000Z","1652941500",
"2551","22b77d7829c68dcd","E2:1F:7B:35:CC:08","38.27160493827161","9","0.17959770114942528","2","162","2022-05-19T06:26:00.000Z","1652941560",
"2551","22b77d7829c68dcd","E2:1F:7B:35:CC:08","50.617283950617285","5","0.18825301204819278","0","162","2022-05-19T06:27:00.000Z","1652941620",
"2551","22b77d7829c68dcd","E2:1F:7B:35:CC:08","40.74074074074074","0","0.19054878048780488","1","162","2022-05-19T06:28:00.000Z","1652941680",
"2551","22b77d7829c68dcd","E2:1F:7B:35:CC:08","24.691358024691358","0","0.19054878048780488","0","162","2022-05-19T06:29:00.000Z","1652941740",
"2551","22b77d7829c68dcd","E2:1F:7B:35:CC:08","23.45679012345679","2","0.17755681818181818","0","162","2022-05-19T06:30:00.000Z","1652941800",
"2551","22b77d7829c68dcd","E2:1F:7B:35:CC:08","35.80246913580247","2","0.15318627450980393","0","162","2022-05-19T06:31:00.000Z","1652941860",
"2551","22b77d7829c68dcd","E2:1F:7B:35:CC:08","49.382716049382715","7","0.16801075268817203","1","162","2022-05-19T06:32:00.000Z","1652941920",
"2551","22b77d7829c68dcd","E2:1F:7B:35:CC:08","58.02469135802469","6","0.13130252100840337","0","162","2022-05-19T06:33:00.000Z","1652941980",
"2551","22b77d7829c68dcd","E2:1F:7B:35:CC:08","76.54320987654322","7","0.1717032967032967","1","162","2022-05-19T06:34:00.000Z","1652942040",
"2551","22b77d7829c68dcd","E2:1F:7B:35:CC:08","64.19753086419753","3","0.11081560283687943","0","162","2022-05-19T06:38:00.000Z","1652942280",
"2551","22b77d7829c68dcd","E2:1F:7B:35:CC:08","72.8395061728395","7","0.12303149606299213","0","162","2022-05-19T06:39:00.000Z","1652942340",
"2551","22b77d7829c68dcd","E2:1F:7B:35:CC:08","76.54320987654322","4","0.11405109489051095","0","162","2022-05-19T06:40:00.000Z","1652942400",
"2551","22b77d7829c68dcd","E2:1F:7B:35:CC:08","85.18518518518519","7","0.14204545454545456","1","162","2022-05-19T06:42:00.000Z","1652942520",
"2551","22b77d7829c68dcd","E2:1F:7B:35:CC:08","93.82716049382717","8","0.10557432432432433","1","162","2022-05-19T06:43:00.000Z","1652942580",
"2551","22b77d7829c68dcd","E2:1F:7B:35:CC:08","76.54320987654322","2","0.11488970588235294","0","162","2022-05-19T06:44:00.000Z","1652942640",
"2551","22b77d7829c68dcd","E2:1F:7B:35:CC:08","54.32098765432099","2","0.10557432432432433","7","162","2022-05-19T06:45:00.000Z","1652942700",
"2551","22b77d7829c68dcd","E2:1F:7B:35:CC:08","53.08641975308642","6","0.12913223140495866","0","162","2022-05-19T06:46:00.000Z","1652942760",
"2551","22b77d7829c68dcd","E2:1F:7B:35:CC:08","30.864197530864196","0","0.11241007194244604","0","162","2022-05-19T06:47:00.000Z","1652942820",
"2551","22b77d7829c68dcd","E2:1F:7B:35:CC:08","17.28395061728395","0","0.11927480916030535","0","162","2022-05-19T06:48:00.000Z","1652942880",
"2551","22b77d7829c68dcd","E2:1F:7B:35:CC:08","11.11111111111111","0","0.12303149606299213","0","162","2022-05-19T06:49:00.000Z","1652942940",
"2551","22b77d7829c68dcd","E2:1F:7B:35:CC:08","19.753086419753085","1","0.062250996015936255","0","162","2022-05-19T06:50:00.000Z","1652943000",
"2551","22b77d7829c68dcd","E2:1F:7B:35:CC:08","25.925925925925927","2","0.08928571428571429","0","162","2022-05-19T06:54:00.000Z","1652943240",
"2551","22b77d7829c68dcd","E2:1F:7B:35:CC:08","32.098765432098766","0","0.10146103896103896","0","162","2022-05-19T06:55:00.000Z","1652943300",
"2551","22b77d7829c68dcd","E2:1F:7B:35:CC:08","28.395061728395063","0","0.11081560283687943","0","162","2022-05-19T06:56:00.000Z","1652943360",
"2551","22b77d7829c68dcd","E2:1F:7B:35:CC:08","24.691358024691358","0","0.1220703125","0","162","2022-05-19T06:57:00.000Z","1652943420",
"2551","22b77d7829c68dcd","E2:1F:7B:35:CC:08","19.753086419753085","0","0.13130252100840337","0","162","2022-05-19T06:58:00.000Z","1652943480",
"2551","22b77d7829c68dcd","E2:1F:7B:35:CC:08","16.049382716049383","0","0.13354700854700854","0","162","2022-05-19T06:59:00.000Z","1652943540",
"2551","22b77d7829c68dcd","E2:1F:7B:35:CC:08","12.345679012345679","0","0.13241525423728814","0","162","2022-05-19T07:00:00.000Z","1652943600",
"2551","22b77d7829c68dcd","E2:1F:7B:35:CC:08","12.345679012345679","1","0.1474056603773585","15","162","2022-05-19T07:01:00.000Z","1652943660",
"2551","22b77d7829c68dcd","E2:1F:7B:35:CC:08","35.80246913580247","3","0.08632596685082873","16","162","2022-05-19T07:02:00.000Z","1652943720",
"2551","22b77d7829c68dcd","E2:1F:7B:35:CC:08","87.65432098765432","9","0.11488970588235294","26","162","2022-05-19T07:03:00.000Z","1652943780",
"2551","22b77d7829c68dcd","E2:1F:7B:35:CC:08","71.60493827160494","2","0.1174812030075188","53","162","2022-05-19T07:04:00.000Z","1652943840",
"2551","22b77d7829c68dcd","E2:1F:7B:35:CC:08","44.44444444444444","0","0.11837121212121213","77","162","2022-05-19T07:05:00.000Z","1652943900",
"2551","22b77d7829c68dcd","E2:1F:7B:35:CC:08","29.62962962962963","1","0.1166044776119403","54","162","2022-05-19T07:06:00.000Z","1652943960",
"2551","22b77d7829c68dcd","E2:1F:7B:35:CC:08","27.160493827160494","1","0.12112403100775193","37","162","2022-05-19T07:07:00.000Z","1652944020",
"2551","22b77d7829c68dcd","E2:1F:7B:35:CC:08","29.62962962962963","3","0.09191176470588236","22","162","2022-05-19T07:08:00.000Z","1652944080",
"2551","22b77d7829c68dcd","E2:1F:7B:35:CC:08","44.44444444444444","6","0.10016025641025642","15","162","2022-05-19T07:11:00.000Z","1652944260",
"2551","22b77d7829c68dcd","E2:1F:7B:35:CC:08","76.54320987654322","5","0.09412650602409639","23","162","2022-05-19T07:12:00.000Z","1652944320",
"2551","22b77d7829c68dcd","E2:1F:7B:35:CC:08","91.35802469135803","1","0.09084302325581395","49","162","2022-05-19T07:13:00.000Z","1652944380",
"2551","22b77d7829c68dcd","E2:1F:7B:35:CC:08","69.1358024691358","2","0.07773631840796019","51","162","2022-05-19T07:14:00.000Z","1652944440",
"2551","22b77d7829c68dcd","E2:1F:7B:35:CC:08","58.02469135802469","8","0.10146103896103896","84","162","2022-05-19T07:15:00.000Z","1652944500",
"2551","22b77d7829c68dcd","E2:1F:7B:35:CC:08","62.96296296296296","8","0.10702054794520548","49","162","2022-05-19T07:16:00.000Z","1652944560",
"2551","22b77d7829c68dcd","E2:1F:7B:35:CC:08","58.02469135802469","2","0.12400793650793651","78","162","2022-05-19T07:17:00.000Z","1652944620",
"2551","22b77d7829c68dcd","E2:1F:7B:35:CC:08","44.44444444444444","6","0.14076576576576577","86","162","2022-05-19T07:18:00.000Z","1652944680",
"2551","22b77d7829c68dcd","E2:1F:7B:35:CC:08","67.90123456790124","10","0.19778481012658228","81","162","2022-05-19T07:19:00.000Z","1652944740",
"2551","22b77d7829c68dcd","E2:1F:7B:35:CC:08","88.88888888888889","8","0.33967391304347827","89","162","2022-05-19T07:20:00.000Z","1652944800",
"2551","22b77d7829c68dcd","E2:1F:7B:35:CC:08","100","6","0.625","74","162","2022-05-19T07:21:00.000Z","1652944860",
"2551","22b77d7829c68dcd","E2:1F:7B:35:CC:08","100","7","0.5787037037037037","33","162","2022-05-19T07:22:00.000Z","1652944920",
"2551","22b77d7829c68dcd","E2:1F:7B:35:CC:08","100","10","0.6793478260869565","7","162","2022-05-19T07:23:00.000Z","1652944980",
"2551","22b77d7829c68dcd","E2:1F:7B:35:CC:08","100","0","0.6793478260869565","11","162","2022-05-19T07:24:00.000Z","1652945040",
"2551","22b77d7829c68dcd","E2:1F:7B:35:CC:08","100","7","0.9765625","0","162","2022-05-19T07:25:00.000Z","1652945100",
"2551","22b77d7829c68dcd","E2:1F:7B:35:CC:08","100","12","0.48828125","1","162","2022-05-19T07:26:00.000Z","1652945160",
"2551","22b77d7829c68dcd","E2:1F:7B:35:CC:08","100","0","0.48828125","1","162","2022-05-19T07:27:00.000Z","1652945220",
"2551","22b77d7829c68dcd","E2:1F:7B:35:CC:08","100","0","0.4734848484848485","1","162","2022-05-19T07:28:00.000Z","1652945280",
"2551","22b77d7829c68dcd","E2:1F:7B:35:CC:08","93.82716049382717","11","0.4222972972972973","1","162","2022-05-19T07:29:00.000Z","1652945340",
"2551","22b77d7829c68dcd","E2:1F:7B:35:CC:08","91.35802469135803","6","0.625","1","162","2022-05-19T07:30:00.000Z","1652945400",
"2551","22b77d7829c68dcd","E2:1F:7B:35:CC:08","90.12345679012346","4","0.6793478260869565","7","162","2022-05-19T07:31:00.000Z","1652945460",
"2551","22b77d7829c68dcd","E2:1F:7B:35:CC:08","100","6","0.6793478260869565","2","162","2022-05-19T07:32:00.000Z","1652945520",
"2551","22b77d7829c68dcd","E2:1F:7B:35:CC:08","91.35802469135803","6","0.27901785714285715","2","162","2022-05-19T07:33:00.000Z","1652945580",
"2551","22b77d7829c68dcd","E2:1F:7B:35:CC:08","79.01234567901234","9","0.2403846153846154","0","162","2022-05-19T07:34:00.000Z","1652945640",
"2551","22b77d7829c68dcd","E2:1F:7B:35:CC:08","66.66666666666667","5","0.3633720930232558","2","162","2022-05-19T07:35:00.000Z","1652945700",
"2551","22b77d7829c68dcd","E2:1F:7B:35:CC:08","64.19753086419753","3","0.2604166666666667","4","162","2022-05-19T07:36:00.000Z","1652945760",
"2551","22b77d7829c68dcd","E2:1F:7B:35:CC:08","81.48148148148148","3","0.25201612903225806","4","162","2022-05-19T07:37:00.000Z","1652945820",
"2551","22b77d7829c68dcd","E2:1F:7B:35:CC:08","88.88888888888889","9","0.22321428571428573","1","162","2022-05-19T07:38:00.000Z","1652945880",
"2551","22b77d7829c68dcd","E2:1F:7B:35:CC:08","87.65432098765432","4","0.22977941176470587","1","162","2022-05-19T07:39:00.000Z","1652945940",
"2551","22b77d7829c68dcd","E2:1F:7B:35:CC:08","82.71604938271605","2","0.23674242424242425","1","162","2022-05-19T07:40:00.000Z","1652946000",
"2551","22b77d7829c68dcd","E2:1F:7B:35:CC:08","85.18518518518519","2","0.18382352941176472","2","162","2022-05-19T07:41:00.000Z","1652946060",
"2551","22b77d7829c68dcd","E2:1F:7B:35:CC:08","80.24691358024691","4","0.20292207792207792","7","162","2022-05-19T07:42:00.000Z","1652946120",
"2551","22b77d7829c68dcd","E2:1F:7B:35:CC:08","67.90123456790124","0","0.16447368421052633","0","162","2022-05-19T07:43:00.000Z","1652946180",
"2551","22b77d7829c68dcd","E2:1F:7B:35:CC:08","75.30864197530865","12","0.2648305084745763","2","162","2022-05-19T07:44:00.000Z","1652946240",
"2551","22b77d7829c68dcd","E2:1F:7B:35:CC:08","66.66666666666667","1","0.19778481012658228","1","162","2022-05-19T07:45:00.000Z","1652946300",
"2551","22b77d7829c68dcd","E2:1F:7B:35:CC:08","66.66666666666667","6","0.16983695652173914","1","162","2022-05-19T07:46:00.000Z","1652946360",
"2551","22b77d7829c68dcd","E2:1F:7B:35:CC:08","58.02469135802469","6","0.1953125","0","162","2022-05-19T07:47:00.000Z","1652946420",
"2551","22b77d7829c68dcd","E2:1F:7B:35:CC:08","80.24691358024691","9","0.25614754098360654","4","162","2022-05-19T07:48:00.000Z","1652946480",
"2551","22b77d7829c68dcd","E2:1F:7B:35:CC:08","98.76543209876543","7","0.17755681818181818","0","162","2022-05-19T07:49:00.000Z","1652946540",
"2551","22b77d7829c68dcd","E2:1F:7B:35:CC:08","100","9","0.1953125","1","162","2022-05-19T07:50:00.000Z","1652946600",
"2551","22b77d7829c68dcd","E2:1F:7B:35:CC:08","100","3","0.13020833333333334","0","162","2022-05-19T07:51:00.000Z","1652946660",
"2551","22b77d7829c68dcd","E2:1F:7B:35:CC:08","100","1","0.13827433628318583","0","162","2022-05-19T07:52:00.000Z","1652946720",
"2551","22b77d7829c68dcd","E2:1F:7B:35:CC:08","96.29629629629629","3","0.15169902912621358","4","162","2022-05-19T07:53:00.000Z","1652946780",
"2551","22b77d7829c68dcd","E2:1F:7B:35:CC:08","71.60493827160494","8","0.16801075268817203","5","162","2022-05-19T07:54:00.000Z","1652946840",
"2551","22b77d7829c68dcd","E2:1F:7B:35:CC:08","64.19753086419753","4","0.175561797752809","0","162","2022-05-19T07:55:00.000Z","1652946900",
"2551","22b77d7829c68dcd","E2:1F:7B:35:CC:08","87.65432098765432","6","0.18601190476190477","2","162","2022-05-19T07:56:00.000Z","1652946960",
"2551","22b77d7829c68dcd","E2:1F:7B:35:CC:08","53.08641975308642","1","0.17959770114942528","1","162","2022-05-19T07:57:00.000Z","1652947020",
"2551","22b77d7829c68dcd","E2:1F:7B:35:CC:08","33.333333333333336","2","0.17755681818181818","0","162","2022-05-19T07:58:00.000Z","1652947080",
"2551","22b77d7829c68dcd","E2:1F:7B:35:CC:08","34.5679012345679","2","0.17959770114942528","4","162","2022-05-19T07:59:00.000Z","1652947140",
"2551","22b77d7829c68dcd","E2:1F:7B:35:CC:08","53.08641975308642","6","0.13241525423728814","0","162","2022-05-19T08:00:00.000Z","1652947200",
"2551","22b77d7829c68dcd","E2:1F:7B:35:CC:08","55.55555555555556","6","0.14076576576576577","4","162","2022-05-19T08:01:00.000Z","1652947260",
"2551","22b77d7829c68dcd","E2:1F:7B:35:CC:08","76.54320987654322","9","0.1717032967032967","0","162","2022-05-19T08:02:00.000Z","1652947320",
"2551","22b77d7829c68dcd","E2:1F:7B:35:CC:08","98.76543209876543","5","0.16447368421052633","1","162","2022-05-19T08:03:00.000Z","1652947380",
"2551","22b77d7829c68dcd","E2:1F:7B:35:CC:08","100","4","0.11241007194244604","0","162","2022-05-19T08:04:00.000Z","1652947440",
"2551","22b77d7829c68dcd","E2:1F:7B:35:CC:08","100","3","0.09889240506329114","5","162","2022-05-19T08:05:00.000Z","1652947500",
"2551","22b77d7829c68dcd","E2:1F:7B:35:CC:08","93.82716049382717","5","0.12400793650793651","0","162","2022-05-19T08:06:00.000Z","1652947560",
"2551","22b77d7829c68dcd","E2:1F:7B:35:CC:08","91.35802469135803","0","0.16622340425531915","8","162","2022-05-19T08:07:00.000Z","1652947620",
"2551","22b77d7829c68dcd","E2:1F:7B:35:CC:08","90.12345679012346","4","0.13130252100840337","1","162","2022-05-19T08:08:00.000Z","1652947680",
"2551","22b77d7829c68dcd","E2:1F:7B:35:CC:08","90.12345679012346","0","0.143348623853211","0","162","2022-05-19T08:09:00.000Z","1652947740",
"2551","22b77d7829c68dcd","E2:1F:7B:35:CC:08","83.95061728395062","6","0.14204545454545456","2","162","2022-05-19T08:10:00.000Z","1652947800",
"2551","22b77d7829c68dcd","E2:1F:7B:35:CC:08","60.49382716049383","4","0.15318627450980393","0","162","2022-05-19T08:11:00.000Z","1652947860",
"2551","22b77d7829c68dcd","E2:1F:7B:35:CC:08","45.67901234567901","3","0.16983695652173914","1","162","2022-05-19T08:12:00.000Z","1652947920",
"2551","22b77d7829c68dcd","E2:1F:7B:35:CC:08","40.74074074074074","3","0.1717032967032967","2","162","2022-05-19T08:13:00.000Z","1652947980",
"2551","22b77d7829c68dcd","E2:1F:7B:35:CC:08","50.617283950617285","6","0.15782828282828282","0","162","2022-05-19T08:14:00.000Z","1652948040",
"2551","22b77d7829c68dcd","E2:1F:7B:35:CC:08","75.30864197530865","12","0.1953125","5","162","2022-05-19T08:15:00.000Z","1652948100",
"2551","22b77d7829c68dcd","E2:1F:7B:35:CC:08","65.4320987654321","0","0.19054878048780488","4","162","2022-05-19T08:16:00.000Z","1652948160",
"2551","22b77d7829c68dcd","E2:1F:7B:35:CC:08","59.25925925925926","6","0.16447368421052633","7","162","2022-05-19T08:17:00.000Z","1652948220",
"2551","22b77d7829c68dcd","E2:1F:7B:35:CC:08","44.44444444444444","2","0.15318627450980393","1","162","2022-05-19T08:18:00.000Z","1652948280",
"2551","22b77d7829c68dcd","E2:1F:7B:35:CC:08","77.77777777777777","9","0.1174812030075188","0","162","2022-05-19T08:19:00.000Z","1652948340",
"2551","22b77d7829c68dcd","E2:1F:7B:35:CC:08","93.82716049382717","6","0.15943877551020408","0","162","2022-05-19T08:20:00.000Z","1652948400",
"2551","22b77d7829c68dcd","E2:1F:7B:35:CC:08","67.90123456790124","4","0.18601190476190477","4","162","2022-05-19T08:22:00.000Z","1652948520",
"2551","22b77d7829c68dcd","E2:1F:7B:35:CC:08","80.24691358024691","5","0.19290123456790123","2","162","2022-05-19T08:23:00.000Z","1652948580",
"2551","22b77d7829c68dcd","E2:1F:7B:35:CC:08","80.24691358024691","6","0.18601190476190477","4","162","2022-05-19T08:24:00.000Z","1652948640",
"2551","22b77d7829c68dcd","E2:1F:7B:35:CC:08","91.35802469135803","7","0.175561797752809","16","162","2022-05-19T08:26:00.000Z","1652948760",
"2551","22b77d7829c68dcd","E2:1F:7B:35:CC:08","98.76543209876543","5","0.13706140350877194","0","162","2022-05-19T08:27:00.000Z","1652948820",
"2551","22b77d7829c68dcd","E2:1F:7B:35:CC:08","90.12345679012346","2","0.07891414141414141","26","162","2022-05-19T08:28:00.000Z","1652948880",
"2551","22b77d7829c68dcd","E2:1F:7B:35:CC:08","85.18518518518519","0","0.1358695652173913","4","162","2022-05-19T08:29:00.000Z","1652948940",
"2551","22b77d7829c68dcd","E2:1F:7B:35:CC:08","90.12345679012346","7","0.10486577181208054","7","162","2022-05-19T08:30:00.000Z","1652949000",
"2551","22b77d7829c68dcd","E2:1F:7B:35:CC:08","71.60493827160494","2","0.16276041666666666","0","162","2022-05-19T08:31:00.000Z","1652949060",
"2551","22b77d7829c68dcd","E2:1F:7B:35:CC:08","46.91358024691358","1","0.1488095238095238","0","162","2022-05-19T08:32:00.000Z","1652949120",
"2551","22b77d7829c68dcd","E2:1F:7B:35:CC:08","52.760736196319016","3","0.1547029702970297","0","163","2022-05-19T08:34:00.000Z","1652949240",
"2551","22b77d7829c68dcd","E2:1F:7B:35:CC:08","46.625766871165645","2","0.16447368421052633","0","163","2022-05-19T08:35:00.000Z","1652949300",
"2551","22b77d7829c68dcd","E2:1F:7B:35:CC:08","38.03680981595092","5","0.18601190476190477","0","163","2022-05-19T08:36:00.000Z","1652949360",
"2551","22b77d7829c68dcd","E2:1F:7B:35:CC:08","38.03680981595092","1","0.1816860465116279","0","163","2022-05-19T08:37:00.000Z","1652949420",
"2551","22b77d7829c68dcd","E2:1F:7B:35:CC:08","49.079754601226995","4","0.20559210526315788","0","163","2022-05-19T08:38:00.000Z","1652949480",
"2551","22b77d7829c68dcd","E2:1F:7B:35:CC:08","46.625766871165645","2","0.22977941176470587","0","163","2022-05-19T08:39:00.000Z","1652949540",
"2551","22b77d7829c68dcd","E2:1F:7B:35:CC:08","31.901840490797547","0","0.22644927536231885","0","163","2022-05-19T08:40:00.000Z","1652949600",
"2551","22b77d7829c68dcd","E2:1F:7B:35:CC:08","31.901840490797547","3","0.390625","0","163","2022-05-19T08:41:00.000Z","1652949660",
"2551","22b77d7829c68dcd","E2:1F:7B:35:CC:08","31.901840490797547","2","0.22321428571428573","0","163","2022-05-19T08:42:00.000Z","1652949720",
"2551","22b77d7829c68dcd","E2:1F:7B:35:CC:08","26.993865030674847","1","0.21114864864864866","1","163","2022-05-19T08:43:00.000Z","1652949780",
"2551","22b77d7829c68dcd","E2:1F:7B:35:CC:08","39.263803680981596","7","0.26939655172413796","44","163","2022-05-19T08:44:00.000Z","1652949840",
"2551","22b77d7829c68dcd","E2:1F:7B:35:CC:08","38.03680981595092","1","0.17755681818181818","1","163","2022-05-19T08:45:00.000Z","1652949900",
"2551","22b77d7829c68dcd","E2:1F:7B:35:CC:08","39.263803680981596","2","0.20032051282051283","26","163","2022-05-19T08:46:00.000Z","1652949960",
"2551","22b77d7829c68dcd","E2:1F:7B:35:CC:08","42.94478527607362","5","0.21404109589041095","35","163","2022-05-19T08:47:00.000Z","1652950020",
"2551","22b77d7829c68dcd","E2:1F:7B:35:CC:08","41.717791411042946","0","0.15169902912621358","25","163","2022-05-19T08:49:00.000Z","1652950140",
"2551","22b77d7829c68dcd","E2:1F:7B:35:CC:08","45.39877300613497","9","0.1488095238095238","15","163","2022-05-19T08:50:00.000Z","1652950200",
"2551","22b77d7829c68dcd","E2:1F:7B:35:CC:08","50.306748466257666","0","0.16801075268817203","63","163","2022-05-19T08:51:00.000Z","1652950260",
"2551","22b77d7829c68dcd","E2:1F:7B:35:CC:08","82.20858895705521","8","0.15625","51","163","2022-05-19T08:52:00.000Z","1652950320",
"2551","22b77d7829c68dcd","E2:1F:7B:35:CC:08","83.43558282208589","4","0.143348623853211","46","163","2022-05-19T08:53:00.000Z","1652950380",
"2551","22b77d7829c68dcd","E2:1F:7B:35:CC:08","77.30061349693251","3","0.26939655172413796","43","163","2022-05-19T08:54:00.000Z","1652950440",
"2551","22b77d7829c68dcd","E2:1F:7B:35:CC:08","84.66257668711657","12","0.8223684210526315","14","163","2022-05-19T08:55:00.000Z","1652950500",
"2551","22b77d7829c68dcd","E2:1F:7B:35:CC:08","96.93251533742331","5","0.5580357142857143","30","163","2022-05-19T08:56:00.000Z","1652950560",
"2551","22b77d7829c68dcd","E2:1F:7B:35:CC:08","100","10","1.0416666666666667","56","163","2022-05-19T08:57:00.000Z","1652950620",
"2551","22b77d7829c68dcd","E2:1F:7B:35:CC:08","100","0","1.2019230769230769","30","163","2022-05-19T08:58:00.000Z","1652950680",
"2551","22b77d7829c68dcd","E2:1F:7B:35:CC:08","100","4","1.5625","51","163","2022-05-19T08:59:00.000Z","1652950740",
"2551","22b77d7829c68dcd","E2:1F:7B:35:CC:08","100","8","2.232142857142857","19","163","2022-05-19T09:00:00.000Z","1652950800",
"2551","22b77d7829c68dcd","E2:1F:7B:35:CC:08","100","6","2.232142857142857","57","163","2022-05-19T09:01:00.000Z","1652950860",
"2551","22b77d7829c68dcd","E2:1F:7B:35:CC:08","98.15950920245399","6","2.232142857142857","33","163","2022-05-19T09:02:00.000Z","1652950920",
"2551","22b77d7829c68dcd","E2:1F:7B:35:CC:08","100","8","3.125","29","163","2022-05-19T09:03:00.000Z","1652950980",
"2551","22b77d7829c68dcd","E2:1F:7B:35:CC:08","95.70552147239263","8","3.125","29","163","2022-05-19T09:04:00.000Z","1652951040",
"2551","22b77d7829c68dcd","E2:1F:7B:35:CC:08","82.20858895705521","7","2.6041666666666665","26","163","2022-05-19T09:05:00.000Z","1652951100",
"2551","22b77d7829c68dcd","E2:1F:7B:35:CC:08","95.70552147239263","9","1.7361111111111112","14","163","2022-05-19T09:06:00.000Z","1652951160",
"2551","22b77d7829c68dcd","E2:1F:7B:35:CC:08","95.70552147239263","0","1.953125","9","163","2022-05-19T09:07:00.000Z","1652951220",
"2551","22b77d7829c68dcd","E2:1F:7B:35:CC:08","99.38650306748467","8","2.232142857142857","8","163","2022-05-19T09:08:00.000Z","1652951280",
"2551","22b77d7829c68dcd","E2:1F:7B:35:CC:08","99.38650306748467","8","2.232142857142857","1","163","2022-05-19T09:09:00.000Z","1652951340",
"2551","22b77d7829c68dcd","E2:1F:7B:35:CC:08","90.79754601226993","7","1.5625","9","163","2022-05-19T09:10:00.000Z","1652951400",
"2551","22b77d7829c68dcd","E2:1F:7B:35:CC:08","100","11","1.5625","4","163","2022-05-19T09:11:00.000Z","1652951460",
"2551","22b77d7829c68dcd","E2:1F:7B:35:CC:08","100","3","1.5625","5","163","2022-05-19T09:12:00.000Z","1652951520",
"2551","22b77d7829c68dcd","E2:1F:7B:35:CC:08","100","11","1.953125","5","163","2022-05-19T09:13:00.000Z","1652951580",
"2551","22b77d7829c68dcd","E2:1F:7B:35:CC:08","100","5","1.953125","5","163","2022-05-19T09:14:00.000Z","1652951640",
"2551","22b77d7829c68dcd","E2:1F:7B:35:CC:08","100","2","2.232142857142857","7","163","2022-05-19T09:15:00.000Z","1652951700",
"2551","22b77d7829c68dcd","E2:1F:7B:35:CC:08","100","6","1.953125","21","163","2022-05-19T09:16:00.000Z","1652951760",
"2551","22b77d7829c68dcd","E2:1F:7B:35:CC:08","100","8","2.232142857142857","15","163","2022-05-19T09:17:00.000Z","1652951820",
"2551","22b77d7829c68dcd","E2:1F:7B:35:CC:08","100","11","2.6041666666666665","4","163","2022-05-19T09:18:00.000Z","1652951880",
"2551","22b77d7829c68dcd","E2:1F:7B:35:CC:08","100","6","2.232142857142857","18","163","2022-05-19T09:19:00.000Z","1652951940",
"2551","22b77d7829c68dcd","E2:1F:7B:35:CC:08","100","14","2.232142857142857","21","163","2022-05-19T09:20:00.000Z","1652952000",
"2551","22b77d7829c68dcd","E2:1F:7B:35:CC:08","96.93251533742331","9","2.6041666666666665","19","163","2022-05-19T09:21:00.000Z","1652952060",
"2551","22b77d7829c68dcd","E2:1F:7B:35:CC:08","100","9","1.1160714285714286","14","163","2022-05-19T09:22:00.000Z","1652952120",
"2551","22b77d7829c68dcd","E2:1F:7B:35:CC:08","100","4","1.953125","4","163","2022-05-19T09:23:00.000Z","1652952180",
"2551","22b77d7829c68dcd","E2:1F:7B:35:CC:08","100","4","1.953125","12","163","2022-05-19T09:24:00.000Z","1652952240",
"2551","22b77d7829c68dcd","E2:1F:7B:35:CC:08","100","8","2.232142857142857","11","163","2022-05-19T09:25:00.000Z","1652952300",
"2551","22b77d7829c68dcd","E2:1F:7B:35:CC:08","100","6","2.6041666666666665","16","163","2022-05-19T09:26:00.000Z","1652952360",
"2551","22b77d7829c68dcd","E2:1F:7B:35:CC:08","100","11","2.232142857142857","19","163","2022-05-19T09:27:00.000Z","1652952420",
"2551","22b77d7829c68dcd","E2:1F:7B:35:CC:08","99.38650306748467","5","1.5625","19","163","2022-05-19T09:28:00.000Z","1652952480",
"2551","22b77d7829c68dcd","E2:1F:7B:35:CC:08","98.15950920245399","0","1.7361111111111112","16","163","2022-05-19T09:29:00.000Z","1652952540",
"2551","22b77d7829c68dcd","E2:1F:7B:35:CC:08","100","7","2.232142857142857","15","163","2022-05-19T09:30:00.000Z","1652952600",
"2551","22b77d7829c68dcd","E2:1F:7B:35:CC:08","100","5","1.7361111111111112","25","163","2022-05-19T09:31:00.000Z","1652952660",
"2551","22b77d7829c68dcd","E2:1F:7B:35:CC:08","100","6","2.232142857142857","14","163","2022-05-19T09:32:00.000Z","1652952720",
"2551","22b77d7829c68dcd","E2:1F:7B:35:CC:08","100","11","3.125","8","163","2022-05-19T09:33:00.000Z","1652952780",
"2551","22b77d7829c68dcd","E2:1F:7B:35:CC:08","100","8","3.125","0","163","2022-05-19T09:34:00.000Z","1652952840",
"2551","22b77d7829c68dcd","E2:1F:7B:35:CC:08","100","8","3.125","0","163","2022-05-19T09:35:00.000Z","1652952900",
"2551","22b77d7829c68dcd","E2:1F:7B:35:CC:08","100","7","3.125","0","163","2022-05-19T09:36:00.000Z","1652952960",
"2551","22b77d7829c68dcd","E2:1F:7B:35:CC:08","100","6","2.6041666666666665","7","163","2022-05-19T09:37:00.000Z","1652953020",
"2551","22b77d7829c68dcd","E2:1F:7B:35:CC:08","100","7","2.6041666666666665","22","163","2022-05-19T09:38:00.000Z","1652953080",
"2551","22b77d7829c68dcd","E2:1F:7B:35:CC:08","100","3","1.953125","12","163","2022-05-19T09:39:00.000Z","1652953140",
"2551","22b77d7829c68dcd","E2:1F:7B:35:CC:08","100","6","1.7361111111111112","16","163","2022-05-19T09:40:00.000Z","1652953200",
"2551","22b77d7829c68dcd","E2:1F:7B:35:CC:08","100","2","1.7361111111111112","16","163","2022-05-19T09:41:00.000Z","1652953260",
"2551","22b77d7829c68dcd","E2:1F:7B:35:CC:08","100","9","2.232142857142857","15","163","2022-05-19T09:42:00.000Z","1652953320",
"2551","22b77d7829c68dcd","E2:1F:7B:35:CC:08","100","5","2.232142857142857","12","163","2022-05-19T09:43:00.000Z","1652953380",
"2551","22b77d7829c68dcd","E2:1F:7B:35:CC:08","100","2","2.232142857142857","9","163","2022-05-19T09:44:00.000Z","1652953440",
"2551","22b77d7829c68dcd","E2:1F:7B:35:CC:08","100","6","1.7361111111111112","2","163","2022-05-19T09:45:00.000Z","1652953500",
"2551","22b77d7829c68dcd","E2:1F:7B:35:CC:08","100","3","1.953125","11","163","2022-05-19T09:46:00.000Z","1652953560",
"2551","22b77d7829c68dcd","E2:1F:7B:35:CC:08","100","4","1.953125","11","163","2022-05-19T09:47:00.000Z","1652953620",
"2551","22b77d7829c68dcd","E2:1F:7B:35:CC:08","100","4","2.232142857142857","8","163","2022-05-19T09:48:00.000Z","1652953680",
"2551","22b77d7829c68dcd","E2:1F:7B:35:CC:08","100","8","2.232142857142857","4","163","2022-05-19T09:49:00.000Z","1652953740",
"2551","22b77d7829c68dcd","E2:1F:7B:35:CC:08","100","5","2.232142857142857","9","163","2022-05-19T09:50:00.000Z","1652953800",
"2551","22b77d7829c68dcd","E2:1F:7B:35:CC:08","100","6","2.6041666666666665","14","163","2022-05-19T09:51:00.000Z","1652953860",
"2551","22b77d7829c68dcd","E2:1F:7B:35:CC:08","92.02453987730061","6","2.6041666666666665","4","163","2022-05-19T09:52:00.000Z","1652953920",
"2551","22b77d7829c68dcd","E2:1F:7B:35:CC:08","95.70552147239263","6","1.953125","1","163","2022-05-19T09:53:00.000Z","1652953980",
"2551","22b77d7829c68dcd","E2:1F:7B:35:CC:08","92.02453987730061","2","1.7361111111111112","7","163","2022-05-19T09:54:00.000Z","1652954040",
"2551","22b77d7829c68dcd","E2:1F:7B:35:CC:08","90.79754601226993","0","1.2019230769230769","0","163","2022-05-19T09:55:00.000Z","1652954100",
"2551","22b77d7829c68dcd","E2:1F:7B:35:CC:08","99.38650306748467","7","0.8223684210526315","2","163","2022-05-19T09:56:00.000Z","1652954160",
"2551","22b77d7829c68dcd","E2:1F:7B:35:CC:08","99.38650306748467","4","0.78125","0","163","2022-05-19T09:57:00.000Z","1652954220",
"2551","22b77d7829c68dcd","E2:1F:7B:35:CC:08","78.52760736196319","2","0.8223684210526315","7","163","2022-05-19T09:58:00.000Z","1652954280",
"2551","22b77d7829c68dcd","E2:1F:7B:35:CC:08","62.576687116564415","5","0.8680555555555556","1","163","2022-05-19T09:59:00.000Z","1652954340",
"2551","22b77d7829c68dcd","E2:1F:7B:35:CC:08","60.122699386503065","2","0.2170138888888889","5","163","2022-05-19T10:00:00.000Z","1652954400",
"2551","22b77d7829c68dcd","E2:1F:7B:35:CC:08","89.57055214723927","9","0.40064102564102566","0","163","2022-05-19T10:01:00.000Z","1652954460",
"2551","22b77d7829c68dcd","E2:1F:7B:35:CC:08","87.11656441717791","0","0.3324468085106383","5","163","2022-05-19T10:02:00.000Z","1652954520",
"2551","22b77d7829c68dcd","E2:1F:7B:35:CC:08","100","10","0.2741228070175439","0","163","2022-05-19T10:03:00.000Z","1652954580",
"2551","22b77d7829c68dcd","E2:1F:7B:35:CC:08","100","0","0.3004807692307692","0","163","2022-05-19T10:04:00.000Z","1652954640",
"2551","22b77d7829c68dcd","E2:1F:7B:35:CC:08","100","4","0.28935185185185186","0","163","2022-05-19T10:05:00.000Z","1652954700",
"2551","22b77d7829c68dcd","E2:1F:7B:35:CC:08","100","3","0.2604166666666667","4","163","2022-05-19T10:06:00.000Z","1652954760",
"2551","22b77d7829c68dcd","E2:1F:7B:35:CC:08","99.38650306748467","6","0.27901785714285715","0","163","2022-05-19T10:07:00.000Z","1652954820",
"2551","22b77d7829c68dcd","E2:1F:7B:35:CC:08","89.57055214723927","6","0.26939655172413796","1","163","2022-05-19T10:08:00.000Z","1652954880",
"2551","22b77d7829c68dcd","E2:1F:7B:35:CC:08","79.75460122699387","8","0.3324468085106383","0","163","2022-05-19T10:09:00.000Z","1652954940",
"2551","22b77d7829c68dcd","E2:1F:7B:35:CC:08","87.11656441717791","3","0.30637254901960786","1","163","2022-05-19T10:10:00.000Z","1652955000",
"2551","22b77d7829c68dcd","E2:1F:7B:35:CC:08","93.25153374233129","0","0.16108247422680413","8","163","2022-05-19T10:11:00.000Z","1652955060",
"2551","22b77d7829c68dcd","E2:1F:7B:35:CC:08","100","5","0.2648305084745763","1","163","2022-05-19T10:12:00.000Z","1652955120",
"2551","22b77d7829c68dcd","E2:1F:7B:35:CC:08","94.47852760736197","6","0.23674242424242425","1","163","2022-05-19T10:13:00.000Z","1652955180",
"2551","22b77d7829c68dcd","E2:1F:7B:35:CC:08","85.88957055214723","3","0.22977941176470587","0","163","2022-05-19T10:14:00.000Z","1652955240",
"2551","22b77d7829c68dcd","E2:1F:7B:35:CC:08","84.66257668711657","8","0.244140625","0","163","2022-05-19T10:15:00.000Z","1652955300",
"2551","22b77d7829c68dcd","E2:1F:7B:35:CC:08","55.214723926380366","3","0.21404109589041095","0","163","2022-05-19T10:16:00.000Z","1652955360",
"2551","22b77d7829c68dcd","E2:1F:7B:35:CC:08","51.533742331288344","0","0.11081560283687943","1","163","2022-05-19T10:17:00.000Z","1652955420",
"2551","22b77d7829c68dcd","E2:1F:7B:35:CC:08","51.533742331288344","0","0.19778481012658228","11","163","2022-05-19T10:18:00.000Z","1652955480",
"2551","22b77d7829c68dcd","E2:1F:7B:35:CC:08","50.306748466257666","8","0.13827433628318583","9","163","2022-05-19T10:19:00.000Z","1652955540",
"2551","22b77d7829c68dcd","E2:1F:7B:35:CC:08","52.760736196319016","0","0.33967391304347827","15","163","2022-05-19T10:20:00.000Z","1652955600",
"2551","22b77d7829c68dcd","E2:1F:7B:35:CC:08","62.576687116564415","4","0.1736111111111111","12","163","2022-05-19T10:21:00.000Z","1652955660",
"2551","22b77d7829c68dcd","E2:1F:7B:35:CC:08","68.71165644171779","9","0.3125","8","163","2022-05-19T10:22:00.000Z","1652955720",
"2551","22b77d7829c68dcd","E2:1F:7B:35:CC:08","87.11656441717791","4","0.3324468085106383","8","163","2022-05-19T10:23:00.000Z","1652955780",
"2551","22b77d7829c68dcd","E2:1F:7B:35:CC:08","78.52760736196319","9","0.3004807692307692","7","163","2022-05-19T10:26:00.000Z","1652955960",
"2551","22b77d7829c68dcd","E2:1F:7B:35:CC:08","74.84662576687117","4","0.2170138888888889","1","163","2022-05-19T10:27:00.000Z","1652956020",
"2551","22b77d7829c68dcd","E2:1F:7B:35:CC:08","83.43558282208589","5","0.3472222222222222","2","163","2022-05-19T10:28:00.000Z","1652956080",
"2551","22b77d7829c68dcd","E2:1F:7B:35:CC:08","58.895705521472394","3","0.27901785714285715","2","163","2022-05-19T10:30:00.000Z","1652956200",
"2551","22b77d7829c68dcd","E2:1F:7B:35:CC:08","50.306748466257666","2","0.16983695652173914","0","163","2022-05-19T10:31:00.000Z","1652956260",
"2551","22b77d7829c68dcd","E2:1F:7B:35:CC:08","57.668711656441715","6","0.2741228070175439","5","163","2022-05-19T10:32:00.000Z","1652956320",
"2551","22b77d7829c68dcd","E2:1F:7B:35:CC:08","65.03067484662577","7","0.28935185185185186","12","163","2022-05-19T10:33:00.000Z","1652956380",
"2551","22b77d7829c68dcd","E2:1F:7B:35:CC:08","74.84662576687117","5","0.28935185185185186","2","163","2022-05-19T10:34:00.000Z","1652956440",
"2551","22b77d7829c68dcd","E2:1F:7B:35:CC:08","72.39263803680981","4","0.30637254901960786","1","163","2022-05-19T10:35:00.000Z","1652956500",
"2551","22b77d7829c68dcd","E2:1F:7B:35:CC:08","89.57055214723927","4","0.3125","16","163","2022-05-19T10:36:00.000Z","1652956560",
"2551","22b77d7829c68dcd","E2:1F:7B:35:CC:08","79.75460122699387","2","0.17959770114942528","18","163","2022-05-19T10:37:00.000Z","1652956620",
"2551","22b77d7829c68dcd","E2:1F:7B:35:CC:08","77.30061349693251","0","0.22007042253521128","21","163","2022-05-19T10:38:00.000Z","1652956680",
"2551","22b77d7829c68dcd","E2:1F:7B:35:CC:08","69.93865030674847","8","0.3004807692307692","12","163","2022-05-19T10:39:00.000Z","1652956740",
"2551","22b77d7829c68dcd","E2:1F:7B:35:CC:08","94.47852760736197","6","0.5580357142857143","14","163","2022-05-19T10:40:00.000Z","1652956800",
"2551","22b77d7829c68dcd","E2:1F:7B:35:CC:08","100","7","0.9191176470588235","5","163","2022-05-19T10:41:00.000Z","1652956860",
"2551","22b77d7829c68dcd","E2:1F:7B:35:CC:08","100","3","0.7102272727272727","15","163","2022-05-19T10:42:00.000Z","1652956920",
"2551","22b77d7829c68dcd","E2:1F:7B:35:CC:08","100","3","0.8680555555555556","2","163","2022-05-19T10:43:00.000Z","1652956980",
"2551","22b77d7829c68dcd","E2:1F:7B:35:CC:08","83.43558282208589","2","0.7440476190476191","2","163","2022-05-19T10:45:00.000Z","1652957100",
"2551","22b77d7829c68dcd","E2:1F:7B:35:CC:08","62.576687116564415","1","0.8223684210526315","7","163","2022-05-19T10:46:00.000Z","1652957160",
"2551","22b77d7829c68dcd","E2:1F:7B:35:CC:08","47.852760736196316","2","0.78125","8","163","2022-05-19T10:47:00.000Z","1652957220",
"2551","22b77d7829c68dcd","E2:1F:7B:35:CC:08","63.80368098159509","1","0.6793478260869565","5","163","2022-05-19T10:48:00.000Z","1652957280",
"2551","22b77d7829c68dcd","E2:1F:7B:35:CC:08","68.71165644171779","2","0.78125","16","163","2022-05-19T10:49:00.000Z","1652957340",
"2551","22b77d7829c68dcd","E2:1F:7B:35:CC:08","72.39263803680981","2","0.78125","12","163","2022-05-19T10:50:00.000Z","1652957400",
"2551","22b77d7829c68dcd","E2:1F:7B:35:CC:08","76.07361963190183","2","0.7102272727272727","21","163","2022-05-19T10:51:00.000Z","1652957460",
"2551","22b77d7829c68dcd","E2:1F:7B:35:CC:08","78.52760736196319","6","0.294811320754717","22","163","2022-05-19T10:53:00.000Z","1652957580",
"2551","22b77d7829c68dcd","E2:1F:7B:35:CC:08","84.66257668711657","5","0.26939655172413796","18","163","2022-05-19T10:54:00.000Z","1652957640",
"2551","22b77d7829c68dcd","E2:1F:7B:35:CC:08","100","9","0.28935185185185186","18","163","2022-05-19T10:55:00.000Z","1652957700",
"2551","22b77d7829c68dcd","E2:1F:7B:35:CC:08","100","7","0.3255208333333333","8","163","2022-05-19T10:56:00.000Z","1652957760",
"2551","22b77d7829c68dcd","E2:1F:7B:35:CC:08","83.43558282208589","6","0.27901785714285715","11","163","2022-05-19T10:57:00.000Z","1652957820",
"2551","22b77d7829c68dcd","E2:1F:7B:35:CC:08","84.66257668711657","2","0.30637254901960786","22","163","2022-05-19T10:58:00.000Z","1652957880",
"2551","22b77d7829c68dcd","E2:1F:7B:35:CC:08","66.25766871165644","8","0.3004807692307692","5","163","2022-05-19T11:00:00.000Z","1652958000",
"2551","22b77d7829c68dcd","E2:1F:7B:35:CC:08","66.25766871165644","13","0.3633720930232558","9","163","2022-05-19T11:01:00.000Z","1652958060",
"2551","22b77d7829c68dcd","E2:1F:7B:35:CC:08","67.48466257668711","4","0.3472222222222222","15","163","2022-05-19T11:02:00.000Z","1652958120",
"2551","22b77d7829c68dcd","E2:1F:7B:35:CC:08","58.895705521472394","8","0.40064102564102566","4","163","2022-05-19T11:03:00.000Z","1652958180",
"2551","22b77d7829c68dcd","E2:1F:7B:35:CC:08","55.214723926380366","3","0.38109756097560976","12","163","2022-05-19T11:04:00.000Z","1652958240",
"2551","22b77d7829c68dcd","E2:1F:7B:35:CC:08","56.441717791411044","3","0.20032051282051283","11","163","2022-05-19T11:05:00.000Z","1652958300",
"2551","22b77d7829c68dcd","E2:1F:7B:35:CC:08","66.25766871165644","6","0.3255208333333333","21","163","2022-05-19T11:06:00.000Z","1652958360",
"2551","22b77d7829c68dcd","E2:1F:7B:35:CC:08","72.39263803680981","5","0.37202380952380953","8","163","2022-05-19T11:07:00.000Z","1652958420",
"2551","22b77d7829c68dcd","E2:1F:7B:35:CC:08","56.441717791411044","8","0.37202380952380953","30","163","2022-05-19T11:08:00.000Z","1652958480",
"2551","22b77d7829c68dcd","E2:1F:7B:35:CC:08","53.987730061349694","4","0.390625","7","163","2022-05-19T11:10:00.000Z","1652958600",
"2551","22b77d7829c68dcd","E2:1F:7B:35:CC:08","41.717791411042946","0","0.4222972972972973","9","163","2022-05-19T11:11:00.000Z","1652958660",
"2551","22b77d7829c68dcd","E2:1F:7B:35:CC:08","40.49079754601227","2","0.41118421052631576","7","163","2022-05-19T11:12:00.000Z","1652958720",
"2551","22b77d7829c68dcd","E2:1F:7B:35:CC:08","50.306748466257666","2","0.37202380952380953","25","163","2022-05-19T11:13:00.000Z","1652958780",
"2551","22b77d7829c68dcd","E2:1F:7B:35:CC:08","50.306748466257666","4","0.5580357142857143","16","163","2022-05-19T11:14:00.000Z","1652958840",
"2551","22b77d7829c68dcd","E2:1F:7B:35:CC:08","98.15950920245399","6","0.6510416666666666","5","163","2022-05-19T11:15:00.000Z","1652958900",
"2551","22b77d7829c68dcd","E2:1F:7B:35:CC:08","100","9","1.0416666666666667","15","163","2022-05-19T11:16:00.000Z","1652958960",
"2551","22b77d7829c68dcd","E2:1F:7B:35:CC:08","78.52760736196319","5","1.1160714285714286","9","163","2022-05-19T11:17:00.000Z","1652959020",
"2551","22b77d7829c68dcd","E2:1F:7B:35:CC:08","67.48466257668711","1","0.9191176470588235","11","163","2022-05-19T11:18:00.000Z","1652959080",
"2551","22b77d7829c68dcd","E2:1F:7B:35:CC:08","63.80368098159509","4","0.9191176470588235","7","163","2022-05-19T11:19:00.000Z","1652959140",
"2551","22b77d7829c68dcd","E2:1F:7B:35:CC:08","89.57055214723927","5","0.2741228070175439","0","163","2022-05-19T11:20:00.000Z","1652959200",
"2551","22b77d7829c68dcd","E2:1F:7B:35:CC:08","100","5","0.1953125","12","163","2022-05-19T11:21:00.000Z","1652959260",
"2551","22b77d7829c68dcd","E2:1F:7B:35:CC:08","100","7","0.23674242424242425","7","163","2022-05-19T11:22:00.000Z","1652959320",
"2551","22b77d7829c68dcd","E2:1F:7B:35:CC:08","100","10","0.28935185185185186","2","163","2022-05-19T11:23:00.000Z","1652959380",
"2551","22b77d7829c68dcd","E2:1F:7B:35:CC:08","100","12","0.35511363636363635","12","163","2022-05-19T11:24:00.000Z","1652959440",
"2551","22b77d7829c68dcd","E2:1F:7B:35:CC:08","85.88957055214723","7","0.44642857142857145","12","163","2022-05-19T11:25:00.000Z","1652959500",
"2551","22b77d7829c68dcd","E2:1F:7B:35:CC:08","60.122699386503065","8","0.44642857142857145","12","163","2022-05-19T11:26:00.000Z","1652959560",
"2551","22b77d7829c68dcd","E2:1F:7B:35:CC:08","56.441717791411044","4","0.5040322580645161","7","163","2022-05-19T11:27:00.000Z","1652959620",
"2551","22b77d7829c68dcd","E2:1F:7B:35:CC:08","76.07361963190183","6","0.4734848484848485","5","163","2022-05-19T11:29:00.000Z","1652959740",
"2551","22b77d7829c68dcd","E2:1F:7B:35:CC:08","55.214723926380366","3","0.5040322580645161","2","163","2022-05-19T11:30:00.000Z","1652959800",
"2551","22b77d7829c68dcd","E2:1F:7B:35:CC:08","42.94478527607362","3","0.5387931034482759","5","163","2022-05-19T11:31:00.000Z","1652959860",
"2551","22b77d7829c68dcd","E2:1F:7B:35:CC:08","49.079754601226995","5","0.5787037037037037","14","163","2022-05-19T11:32:00.000Z","1652959920",
"2551","22b77d7829c68dcd","E2:1F:7B:35:CC:08","53.987730061349694","5","0.625","18","163","2022-05-19T11:33:00.000Z","1652959980",
"2551","22b77d7829c68dcd","E2:1F:7B:35:CC:08","41.717791411042946","6","0.6793478260869565","1","163","2022-05-19T11:35:00.000Z","1652960100",
"2551","22b77d7829c68dcd","E2:1F:7B:35:CC:08","44.171779141104295","5","0.11574074074074074","2","163","2022-05-19T11:36:00.000Z","1652960160",
"2551","22b77d7829c68dcd","E2:1F:7B:35:CC:08","76.07361963190183","3","0.08095854922279792","5","163","2022-05-19T11:37:00.000Z","1652960220",
"2551","22b77d7829c68dcd","E2:1F:7B:35:CC:08","93.25153374233129","8","0.13827433628318583","8","163","2022-05-19T11:38:00.000Z","1652960280",
"2551","22b77d7829c68dcd","E2:1F:7B:35:CC:08","96.93251533742331","0","0.33967391304347827","14","163","2022-05-19T11:40:00.000Z","1652960400",
"2551","22b77d7829c68dcd","E2:1F:7B:35:CC:08","100","0","0.28935185185185186","22","163","2022-05-19T11:42:00.000Z","1652960520",
"2551","22b77d7829c68dcd","E2:1F:7B:35:CC:08","100","4","0.3472222222222222","18","163","2022-05-19T11:43:00.000Z","1652960580",
"2551","22b77d7829c68dcd","E2:1F:7B:35:CC:08","90.79754601226993","5","0.3125","14","163","2022-05-19T11:44:00.000Z","1652960640",
"2551","22b77d7829c68dcd","E2:1F:7B:35:CC:08","85.88957055214723","7","0.24801587301587302","30","163","2022-05-19T11:45:00.000Z","1652960700",
"2551","22b77d7829c68dcd","E2:1F:7B:35:CC:08","55.214723926380366","5","0.3324468085106383","21","163","2022-05-19T11:46:00.000Z","1652960760",
"2551","22b77d7829c68dcd","E2:1F:7B:35:CC:08","58.895705521472394","7","0.5040322580645161","19","163","2022-05-19T11:47:00.000Z","1652960820",
"2551","22b77d7829c68dcd","E2:1F:7B:35:CC:08","65.03067484662577","3","0.8223684210526315","9","163","2022-05-19T11:48:00.000Z","1652960880",
"2551","22b77d7829c68dcd","E2:1F:7B:35:CC:08","87.11656441717791","3","0.78125","16","163","2022-05-19T11:49:00.000Z","1652960940",
"2551","22b77d7829c68dcd","E2:1F:7B:35:CC:08","93.25153374233129","0","1.2019230769230769","21","163","2022-05-19T11:51:00.000Z","1652961060",
"2551","22b77d7829c68dcd","E2:1F:7B:35:CC:08","84.66257668711657","6","1.1160714285714286","21","163","2022-05-19T11:53:00.000Z","1652961180",
"2551","22b77d7829c68dcd","E2:1F:7B:35:CC:08","82.20858895705521","5","1.3020833333333333","22","163","2022-05-19T11:54:00.000Z","1652961240",
"2551","22b77d7829c68dcd","E2:1F:7B:35:CC:08","84.66257668711657","5","1.3020833333333333","11","163","2022-05-19T11:55:00.000Z","1652961300",
"2551","22b77d7829c68dcd","E2:1F:7B:35:CC:08","100","4","1.5625","21","163","2022-05-19T11:56:00.000Z","1652961360",
"2551","22b77d7829c68dcd","E2:1F:7B:35:CC:08","100","5","1.5625","5","163","2022-05-19T11:57:00.000Z","1652961420",
"2551","22b77d7829c68dcd","E2:1F:7B:35:CC:08","93.25153374233129","4","1.5625","19","163","2022-05-19T11:58:00.000Z","1652961480",
"2551","22b77d7829c68dcd","E2:1F:7B:35:CC:08","89.57055214723927","4","1.1160714285714286","8","163","2022-05-19T12:00:00.000Z","1652961600",
"2551","22b77d7829c68dcd","E2:1F:7B:35:CC:08","83.43558282208589","3","0.8680555555555556","5","163","2022-05-19T12:01:00.000Z","1652961660",
"2551","22b77d7829c68dcd","E2:1F:7B:35:CC:08","56.441717791411044","1","0.8680555555555556","5","163","2022-05-19T12:02:00.000Z","1652961720",
"2551","22b77d7829c68dcd","E2:1F:7B:35:CC:08","49.079754601226995","1","0.8223684210526315","12","163","2022-05-19T12:03:00.000Z","1652961780",
"2551","22b77d7829c68dcd","E2:1F:7B:35:CC:08","58.895705521472394","7","1.0416666666666667","14","163","2022-05-19T12:04:00.000Z","1652961840",
"2551","22b77d7829c68dcd","E2:1F:7B:35:CC:08","63.80368098159509","5","1.4204545454545454","8","163","2022-05-19T12:05:00.000Z","1652961900",
"2551","22b77d7829c68dcd","E2:1F:7B:35:CC:08","68.71165644171779","8","1.7361111111111112","9","163","2022-05-19T12:06:00.000Z","1652961960",
"2551","22b77d7829c68dcd","E2:1F:7B:35:CC:08","72.39263803680981","5","1.953125","12","163","2022-05-19T12:07:00.000Z","1652962020",
"2551","22b77d7829c68dcd","E2:1F:7B:35:CC:08","66.25766871165644","4","2.232142857142857","16","163","2022-05-19T12:08:00.000Z","1652962080",
"2551","22b77d7829c68dcd","E2:1F:7B:35:CC:08","83.43558282208589","5","2.6041666666666665","0","163","2022-05-19T12:09:00.000Z","1652962140",
"2551","22b77d7829c68dcd","E2:1F:7B:35:CC:08","76.07361963190183","3","2.232142857142857","9","163","2022-05-19T12:10:00.000Z","1652962200",
"2551","22b77d7829c68dcd","E2:1F:7B:35:CC:08","87.11656441717791","1","1.953125","14","163","2022-05-19T12:11:00.000Z","1652962260",
"2551","22b77d7829c68dcd","E2:1F:7B:35:CC:08","96.93251533742331","5","1.953125","12","163","2022-05-19T12:13:00.000Z","1652962380",
"2551","22b77d7829c68dcd","E2:1F:7B:35:CC:08","98.15950920245399","9","1.5625","5","163","2022-05-19T12:14:00.000Z","1652962440",
"2551","22b77d7829c68dcd","E2:1F:7B:35:CC:08","89.57055214723927","7","1.5625","11","163","2022-05-19T12:15:00.000Z","1652962500",
"2551","22b77d7829c68dcd","E2:1F:7B:35:CC:08","88.34355828220859","8","1.7361111111111112","9","163","2022-05-19T12:16:00.000Z","1652962560",
"2551","22b77d7829c68dcd","E2:1F:7B:35:CC:08","85.88957055214723","9","2.232142857142857","22","163","2022-05-19T12:17:00.000Z","1652962620",
"2551","22b77d7829c68dcd","E2:1F:7B:35:CC:08","78.52760736196319","4","2.6041666666666665","18","163","2022-05-19T12:18:00.000Z","1652962680",
"2551","22b77d7829c68dcd","E2:1F:7B:35:CC:08","76.07361963190183","5","3.125","4","163","2022-05-19T12:19:00.000Z","1652962740",
"2551","22b77d7829c68dcd","E2:1F:7B:35:CC:08","68.71165644171779","5","3.125","18","163","2022-05-19T12:20:00.000Z","1652962800",
"2551","22b77d7829c68dcd","E2:1F:7B:35:CC:08","68.71165644171779","5","0.9765625","11","163","2022-05-19T12:21:00.000Z","1652962860",
"2551","22b77d7829c68dcd","E2:1F:7B:35:CC:08","66.25766871165644","1","0.8680555555555556","11","163","2022-05-19T12:22:00.000Z","1652962920",
"2551","22b77d7829c68dcd","E2:1F:7B:35:CC:08","69.93865030674847","2","0.7440476190476191","9","163","2022-05-19T12:23:00.000Z","1652962980",
"2551","22b77d7829c68dcd","E2:1F:7B:35:CC:08","74.84662576687117","5","0.8680555555555556","8","163","2022-05-19T12:24:00.000Z","1652963040",
"2551","22b77d7829c68dcd","E2:1F:7B:35:CC:08","66.25766871165644","4","0.8223684210526315","5","163","2022-05-19T12:26:00.000Z","1652963160",
"2551","22b77d7829c68dcd","E2:1F:7B:35:CC:08","38.03680981595092","2","0.8680555555555556","5","163","2022-05-19T12:27:00.000Z","1652963220",
"2551","22b77d7829c68dcd","E2:1F:7B:35:CC:08","35.58282208588957","0","0.8680555555555556","7","163","2022-05-19T12:28:00.000Z","1652963280",
"2551","22b77d7829c68dcd","E2:1F:7B:35:CC:08","33.12883435582822","0","0.12703252032520326","21","163","2022-05-19T12:29:00.000Z","1652963340",
"2551","22b77d7829c68dcd","E2:1F:7B:35:CC:08","33.12883435582822","0","0.15318627450980393","18","163","2022-05-19T12:30:00.000Z","1652963400",
"2551","22b77d7829c68dcd","E2:1F:7B:35:CC:08","31.901840490797547","10","0.13827433628318583","15","163","2022-05-19T12:31:00.000Z","1652963460",
"2551","22b77d7829c68dcd","E2:1F:7B:35:CC:08","33.12883435582822","4","0.294811320754717","14","163","2022-05-19T12:32:00.000Z","1652963520",
"2551","22b77d7829c68dcd","E2:1F:7B:35:CC:08","52.760736196319016","4","0.45955882352941174","25","163","2022-05-19T12:33:00.000Z","1652963580",
"2551","22b77d7829c68dcd","E2:1F:7B:35:CC:08","73.61963190184049","6","0.3324468085106383","11","163","2022-05-19T12:34:00.000Z","1652963640",
"2551","22b77d7829c68dcd","E2:1F:7B:35:CC:08","87.11656441717791","9","0.6009615384615384","33","163","2022-05-19T12:35:00.000Z","1652963700",
"2551","22b77d7829c68dcd","E2:1F:7B:35:CC:08","87.11656441717791","4","0.6510416666666666","7","163","2022-05-19T12:36:00.000Z","1652963760",
"2551","22b77d7829c68dcd","E2:1F:7B:35:CC:08","89.57055214723927","10","0.8680555555555556","15","163","2022-05-19T12:37:00.000Z","1652963820",
"2551","22b77d7829c68dcd","E2:1F:7B:35:CC:08","71.16564417177914","1","1.1160714285714286","2","163","2022-05-19T12:38:00.000Z","1652963880",
"2551","22b77d7829c68dcd","E2:1F:7B:35:CC:08","100","8","0.7102272727272727","0","163","2022-05-19T12:39:00.000Z","1652963940",
"2551","22b77d7829c68dcd","E2:1F:7B:35:CC:08","95.70552147239263","6","0.8223684210526315","7","163","2022-05-19T12:40:00.000Z","1652964000",
"2551","22b77d7829c68dcd","E2:1F:7B:35:CC:08","100","6","0.6009615384615384","2","163","2022-05-19T12:41:00.000Z","1652964060",
"2551","22b77d7829c68dcd","E2:1F:7B:35:CC:08","100","10","0.78125","15","163","2022-05-19T12:42:00.000Z","1652964120",
"2551","22b77d7829c68dcd","E2:1F:7B:35:CC:08","100","4","1.3020833333333333","21","163","2022-05-19T12:43:00.000Z","1652964180",
"2551","22b77d7829c68dcd","E2:1F:7B:35:CC:08","100","2","0.8223684210526315","15","163","2022-05-19T12:44:00.000Z","1652964240",
"2551","22b77d7829c68dcd","E2:1F:7B:35:CC:08","100","4","1.0416666666666667","21","163","2022-05-19T12:45:00.000Z","1652964300",
"2551","22b77d7829c68dcd","E2:1F:7B:35:CC:08","83.43558282208589","4","1.2019230769230769","18","163","2022-05-19T12:46:00.000Z","1652964360",
"2551","22b77d7829c68dcd","E2:1F:7B:35:CC:08","78.52760736196319","6","1.4204545454545454","21","163","2022-05-19T12:47:00.000Z","1652964420",
"2551","22b77d7829c68dcd","E2:1F:7B:35:CC:08","88.34355828220859","8","1.0416666666666667","9","163","2022-05-19T12:48:00.000Z","1652964480",
"2551","22b77d7829c68dcd","E2:1F:7B:35:CC:08","100","4","1.5625","9","164","2022-05-19T12:50:00.000Z","1652964600",
"2551","22b77d7829c68dcd","E2:1F:7B:35:CC:08","100","7","1.7361111111111112","21","164","2022-05-19T12:51:00.000Z","1652964660",
"2551","22b77d7829c68dcd","E2:1F:7B:35:CC:08","81.70731707317073","1","1.3020833333333333","5","164","2022-05-19T12:52:00.000Z","1652964720",
"2551","22b77d7829c68dcd","E2:1F:7B:35:CC:08","65.85365853658537","5","0.78125","16","164","2022-05-19T12:53:00.000Z","1652964780",
"2551","22b77d7829c68dcd","E2:1F:7B:35:CC:08","62.19512195121951","8","0.7440476190476191","8","164","2022-05-19T12:54:00.000Z","1652964840",
"2551","22b77d7829c68dcd","E2:1F:7B:35:CC:08","100","7","1.4204545454545454","7","164","2022-05-19T12:55:00.000Z","1652964900",
"2551","22b77d7829c68dcd","E2:1F:7B:35:CC:08","81.70731707317073","4","1.4204545454545454","8","164","2022-05-19T12:57:00.000Z","1652965020",
"2551","22b77d7829c68dcd","E2:1F:7B:35:CC:08","60.97560975609756","1","0.9765625","4","164","2022-05-19T12:58:00.000Z","1652965080",
"2551","22b77d7829c68dcd","E2:1F:7B:35:CC:08","64.63414634146342","5","1.2019230769230769","11","164","2022-05-19T12:59:00.000Z","1652965140",
"2551","22b77d7829c68dcd","E2:1F:7B:35:CC:08","60.97560975609756","5","0.9765625","4","164","2022-05-19T13:00:00.000Z","1652965200",
"2551","22b77d7829c68dcd","E2:1F:7B:35:CC:08","68.29268292682927","2","0.9765625","2","164","2022-05-19T13:01:00.000Z","1652965260",
"2551","22b77d7829c68dcd","E2:1F:7B:35:CC:08","74.39024390243902","6","0.8223684210526315","26","164","2022-05-19T13:02:00.000Z","1652965320",
"2551","22b77d7829c68dcd","E2:1F:7B:35:CC:08","78.04878048780488","3","1.1160714285714286","8","164","2022-05-19T13:03:00.000Z","1652965380",
"2551","22b77d7829c68dcd","E2:1F:7B:35:CC:08","78.04878048780488","6","1.0416666666666667","21","164","2022-05-19T13:04:00.000Z","1652965440",
"2551","22b77d7829c68dcd","E2:1F:7B:35:CC:08","85.36585365853658","4","0.7440476190476191","11","164","2022-05-19T13:05:00.000Z","1652965500",
"2551","22b77d7829c68dcd","E2:1F:7B:35:CC:08","86.58536585365853","0","1.3020833333333333","11","164","2022-05-19T13:06:00.000Z","1652965560",
"2551","22b77d7829c68dcd","E2:1F:7B:35:CC:08","95.1219512195122","14","1.2019230769230769","4","164","2022-05-19T13:07:00.000Z","1652965620",
"2551","22b77d7829c68dcd","E2:1F:7B:35:CC:08","98.78048780487805","7","1.7361111111111112","1","164","2022-05-19T13:08:00.000Z","1652965680",
"2551","22b77d7829c68dcd","E2:1F:7B:35:CC:08","96.34146341463415","7","1.3020833333333333","11","164","2022-05-19T13:09:00.000Z","1652965740",
"2551","22b77d7829c68dcd","E2:1F:7B:35:CC:08","79.26829268292683","2","1.0416666666666667","5","164","2022-05-19T13:10:00.000Z","1652965800",
"2551","22b77d7829c68dcd","E2:1F:7B:35:CC:08","60.97560975609756","1","1.1160714285714286","4","164","2022-05-19T13:11:00.000Z","1652965860",
"2551","22b77d7829c68dcd","E2:1F:7B:35:CC:08","69.51219512195122","9","1.1160714285714286","1","164","2022-05-19T13:12:00.000Z","1652965920",
"2551","22b77d7829c68dcd","E2:1F:7B:35:CC:08","47.5609756097561","0","1.1160714285714286","7","164","2022-05-19T13:13:00.000Z","1652965980",
"2551","22b77d7829c68dcd","E2:1F:7B:35:CC:08","59.75609756097561","7","0.8223684210526315","1","164","2022-05-19T13:14:00.000Z","1652966040",
"2551","22b77d7829c68dcd","E2:1F:7B:35:CC:08","85.36585365853658","3","0.9765625","14","164","2022-05-19T13:15:00.000Z","1652966100",
"2551","22b77d7829c68dcd","E2:1F:7B:35:CC:08","73.17073170731707","11","1.1160714285714286","15","164","2022-05-19T13:16:00.000Z","1652966160",
"2551","22b77d7829c68dcd","E2:1F:7B:35:CC:08","75.60975609756098","5","0.9765625","18","164","2022-05-19T13:18:00.000Z","1652966280",
"2551","22b77d7829c68dcd","E2:1F:7B:35:CC:08","81.70731707317073","3","0.9191176470588235","12","164","2022-05-19T13:19:00.000Z","1652966340",
"2551","22b77d7829c68dcd","E2:1F:7B:35:CC:08","81.70731707317073","3","0.9191176470588235","19","164","2022-05-19T13:20:00.000Z","1652966400",
"2551","22b77d7829c68dcd","E2:1F:7B:35:CC:08","84.14634146341463","7","1.4204545454545454","21","164","2022-05-19T13:21:00.000Z","1652966460",
"2551","22b77d7829c68dcd","E2:1F:7B:35:CC:08","100","4","2.232142857142857","26","164","2022-05-19T13:22:00.000Z","1652966520",
"2551","22b77d7829c68dcd","E2:1F:7B:35:CC:08","90.2439024390244","6","2.232142857142857","12","164","2022-05-19T13:24:00.000Z","1652966640",
"2551","22b77d7829c68dcd","E2:1F:7B:35:CC:08","86.58536585365853","6","1.953125","7","164","2022-05-19T13:25:00.000Z","1652966700",
"2551","22b77d7829c68dcd","E2:1F:7B:35:CC:08","64.63414634146342","3","1.7361111111111112","12","164","2022-05-19T13:26:00.000Z","1652966760",
"2551","22b77d7829c68dcd","E2:1F:7B:35:CC:08","54.8780487804878","3","1.4204545454545454","19","164","2022-05-19T13:27:00.000Z","1652966820",
"2551","22b77d7829c68dcd","E2:1F:7B:35:CC:08","67.07317073170732","10","1.5625","12","164","2022-05-19T13:28:00.000Z","1652966880",
"2551","22b77d7829c68dcd","E2:1F:7B:35:CC:08","76.82926829268293","3","1.4204545454545454","11","164","2022-05-19T13:29:00.000Z","1652966940",
"2551","22b77d7829c68dcd","E2:1F:7B:35:CC:08","80.48780487804878","3","1.3020833333333333","23","164","2022-05-19T13:30:00.000Z","1652967000",
"2551","22b77d7829c68dcd","E2:1F:7B:35:CC:08","89.02439024390245","4","0.6510416666666666","12","164","2022-05-19T13:31:00.000Z","1652967060",
"2551","22b77d7829c68dcd","E2:1F:7B:35:CC:08","92.6829268292683","4","0.625","26","164","2022-05-19T13:32:00.000Z","1652967120",
"2551","22b77d7829c68dcd","E2:1F:7B:35:CC:08","92.6829268292683","15","1.0416666666666667","16","164","2022-05-19T13:33:00.000Z","1652967180",
"2551","22b77d7829c68dcd","E2:1F:7B:35:CC:08","85.36585365853658","4","1.2019230769230769","12","164","2022-05-19T13:34:00.000Z","1652967240",
"2551","22b77d7829c68dcd","E2:1F:7B:35:CC:08","100","7","1.953125","11","164","2022-05-19T13:36:00.000Z","1652967360",
"2551","22b77d7829c68dcd","E2:1F:7B:35:CC:08","100","3","1.953125","9","164","2022-05-19T13:37:00.000Z","1652967420",
"2551","22b77d7829c68dcd","E2:1F:7B:35:CC:08","100","4","1.953125","9","164","2022-05-19T13:38:00.000Z","1652967480",
"2551","22b77d7829c68dcd","E2:1F:7B:35:CC:08","91.46341463414635","3","1.953125","11","164","2022-05-19T13:39:00.000Z","1652967540",
"2551","22b77d7829c68dcd","E2:1F:7B:35:CC:08","73.17073170731707","0","1.2019230769230769","11","164","2022-05-19T13:40:00.000Z","1652967600",
"2551","22b77d7829c68dcd","E2:1F:7B:35:CC:08","73.17073170731707","4","1.2019230769230769","16","164","2022-05-19T13:41:00.000Z","1652967660",
"2551","22b77d7829c68dcd","E2:1F:7B:35:CC:08","79.26829268292683","0","0.9765625","8","164","2022-05-19T13:42:00.000Z","1652967720",
"2551","22b77d7829c68dcd","E2:1F:7B:35:CC:08","95.1219512195122","2","1.7361111111111112","12","164","2022-05-19T13:44:00.000Z","1652967840",
"2551","22b77d7829c68dcd","E2:1F:7B:35:CC:08","100","7","1.7361111111111112","7","164","2022-05-19T13:45:00.000Z","1652967900",
"2551","22b77d7829c68dcd","E2:1F:7B:35:CC:08","81.70731707317073","2","1.2019230769230769","9","164","2022-05-19T13:46:00.000Z","1652967960",
"2551","22b77d7829c68dcd","E2:1F:7B:35:CC:08","70.73170731707317","5","1.4204545454545454","0","164","2022-05-19T13:47:00.000Z","1652968020",
"2551","22b77d7829c68dcd","E2:1F:7B:35:CC:08","60.97560975609756","2","1.2019230769230769","2","164","2022-05-19T13:48:00.000Z","1652968080",
"2551","22b77d7829c68dcd","E2:1F:7B:35:CC:08","45.1219512195122","1","0.9191176470588235","11","164","2022-05-19T13:49:00.000Z","1652968140",
"2551","22b77d7829c68dcd","E2:1F:7B:35:CC:08","46.34146341463415","5","1.0416666666666667","8","164","2022-05-19T13:50:00.000Z","1652968200",
"2551","22b77d7829c68dcd","E2:1F:7B:35:CC:08","96.34146341463415","4","0.7102272727272727","9","164","2022-05-19T13:51:00.000Z","1652968260",
"2551","22b77d7829c68dcd","E2:1F:7B:35:CC:08","79.26829268292683","7","0.9191176470588235","22","164","2022-05-19T13:52:00.000Z","1652968320",
"2551","22b77d7829c68dcd","E2:1F:7B:35:CC:08","64.63414634146342","4","1.0416666666666667","7","164","2022-05-19T13:53:00.000Z","1652968380",
"2551","22b77d7829c68dcd","E2:1F:7B:35:CC:08","42.68292682926829","2","0.9765625","11","164","2022-05-19T13:54:00.000Z","1652968440",
"2551","22b77d7829c68dcd","E2:1F:7B:35:CC:08","47.5609756097561","8","0.44642857142857145","21","164","2022-05-19T13:55:00.000Z","1652968500",
"2551","22b77d7829c68dcd","E2:1F:7B:35:CC:08","63.41463414634146","6","0.625","5","164","2022-05-19T13:56:00.000Z","1652968560",
"2551","22b77d7829c68dcd","E2:1F:7B:35:CC:08","100","9","0.5387931034482759","12","164","2022-05-19T13:57:00.000Z","1652968620",
"2551","22b77d7829c68dcd","E2:1F:7B:35:CC:08","100","4","0.38109756097560976","30","164","2022-05-19T13:59:00.000Z","1652968740",
"2551","22b77d7829c68dcd","E2:1F:7B:35:CC:08","100","0","0.8223684210526315","30","164","2022-05-19T14:00:00.000Z","1652968800",
"2551","22b77d7829c68dcd","E2:1F:7B:35:CC:08","100","0","0.7102272727272727","16","164","2022-05-19T14:02:00.000Z","1652968920",
"2551","22b77d7829c68dcd","E2:1F:7B:35:CC:08","100","7","0.6009615384615384","19","164","2022-05-19T14:03:00.000Z","1652968980",
"2551","22b77d7829c68dcd","E2:1F:7B:35:CC:08","100","0","0.5580357142857143","7","164","2022-05-19T14:04:00.000Z","1652969040",
"2551","22b77d7829c68dcd","E2:1F:7B:35:CC:08","95.1219512195122","0","0.244140625","21","164","2022-05-19T14:05:00.000Z","1652969100",
"2551","22b77d7829c68dcd","E2:1F:7B:35:CC:08","100","7","0.33967391304347827","18","164","2022-05-19T14:06:00.000Z","1652969160",
"2551","22b77d7829c68dcd","E2:1F:7B:35:CC:08","86.58536585365853","6","0.3633720930232558","7","164","2022-05-19T14:07:00.000Z","1652969220",
"2551","22b77d7829c68dcd","E2:1F:7B:35:CC:08","73.17073170731707","6","0.37202380952380953","14","164","2022-05-19T14:08:00.000Z","1652969280",
"2551","22b77d7829c68dcd","E2:1F:7B:35:CC:08","67.07317073170732","5","0.25614754098360654","15","164","2022-05-19T14:09:00.000Z","1652969340",
"2551","22b77d7829c68dcd","E2:1F:7B:35:CC:08","86.58536585365853","9","0.37202380952380953","8","164","2022-05-19T14:10:00.000Z","1652969400",
"2551","22b77d7829c68dcd","E2:1F:7B:35:CC:08","91.46341463414635","6","0.22644927536231885","11","164","2022-05-19T14:11:00.000Z","1652969460",
"2551","22b77d7829c68dcd","E2:1F:7B:35:CC:08","100","8","0.5787037037037037","8","164","2022-05-19T14:12:00.000Z","1652969520",
"2551","22b77d7829c68dcd","E2:1F:7B:35:CC:08","84.14634146341463","6","0.45955882352941174","1","164","2022-05-19T14:13:00.000Z","1652969580",
"2551","22b77d7829c68dcd","E2:1F:7B:35:CC:08","75.60975609756098","0","0.5387931034482759","4","164","2022-05-19T14:14:00.000Z","1652969640",
"2551","22b77d7829c68dcd","E2:1F:7B:35:CC:08","54.8780487804878","5","0.5580357142857143","2","164","2022-05-19T14:15:00.000Z","1652969700",
"2551","22b77d7829c68dcd","E2:1F:7B:35:CC:08","46.34146341463415","4","0.6009615384615384","9","164","2022-05-19T14:16:00.000Z","1652969760",
"2551","22b77d7829c68dcd","E2:1F:7B:35:CC:08","64.63414634146342","12","0.7102272727272727","18","164","2022-05-19T14:17:00.000Z","1652969820",
"2551","22b77d7829c68dcd","E2:1F:7B:35:CC:08","86.58536585365853","4","0.6009615384615384","12","164","2022-05-19T14:18:00.000Z","1652969880",
"2551","22b77d7829c68dcd","E2:1F:7B:35:CC:08","86.58536585365853","6","0.4340277777777778","12","164","2022-05-19T14:20:00.000Z","1652970000",
"2551","22b77d7829c68dcd","E2:1F:7B:35:CC:08","90.2439024390244","0","0.30637254901960786","11","164","2022-05-19T14:21:00.000Z","1652970060",
"2551","22b77d7829c68dcd","E2:1F:7B:35:CC:08","95.1219512195122","4","0.22977941176470587","22","164","2022-05-19T14:22:00.000Z","1652970120",
"2551","22b77d7829c68dcd","E2:1F:7B:35:CC:08","96.34146341463415","0","0.48828125","23","164","2022-05-19T14:23:00.000Z","1652970180",
"2551","22b77d7829c68dcd","E2:1F:7B:35:CC:08","98.78048780487805","3","0.4734848484848485","19","164","2022-05-19T14:24:00.000Z","1652970240",
"2551","22b77d7829c68dcd","E2:1F:7B:35:CC:08","93.90243902439025","5","0.4734848484848485","9","164","2022-05-19T14:26:00.000Z","1652970360",
"2551","22b77d7829c68dcd","E2:1F:7B:35:CC:08","68.29268292682927","6","0.5208333333333334","0","164","2022-05-19T14:27:00.000Z","1652970420",
"2551","22b77d7829c68dcd","E2:1F:7B:35:CC:08","67.07317073170732","4","0.625","14","164","2022-05-19T14:28:00.000Z","1652970480",
"2551","22b77d7829c68dcd","E2:1F:7B:35:CC:08","52.4390243902439","6","0.6009615384615384","7","164","2022-05-19T14:29:00.000Z","1652970540",
"2551","22b77d7829c68dcd","E2:1F:7B:35:CC:08","40.24390243902439","6","0.5580357142857143","11","164","2022-05-19T14:30:00.000Z","1652970600",
"2551","22b77d7829c68dcd","E2:1F:7B:35:CC:08","37.80487804878049","3","0.5787037037037037","9","164","2022-05-19T14:31:00.000Z","1652970660",
"2551","22b77d7829c68dcd","E2:1F:7B:35:CC:08","32.926829268292686","1","0.48828125","30","164","2022-05-19T14:32:00.000Z","1652970720",
"2551","22b77d7829c68dcd","E2:1F:7B:35:CC:08","41.46341463414634","6","0.4734848484848485","8","164","2022-05-19T14:33:00.000Z","1652970780",
"2551","22b77d7829c68dcd","E2:1F:7B:35:CC:08","39.02439024390244","0","0.5040322580645161","0","164","2022-05-19T14:34:00.000Z","1652970840",
"2551","22b77d7829c68dcd","E2:1F:7B:35:CC:08","29.26829268292683","0","0.48828125","5","164","2022-05-19T14:35:00.000Z","1652970900",
"2551","22b77d7829c68dcd","E2:1F:7B:35:CC:08","37.80487804878049","3","0.44642857142857145","15","164","2022-05-19T14:36:00.000Z","1652970960",
"2551","22b77d7829c68dcd","E2:1F:7B:35:CC:08","48.78048780487805","6","0.5208333333333334","16","164","2022-05-19T14:37:00.000Z","1652971020",
"2551","22b77d7829c68dcd","E2:1F:7B:35:CC:08","47.5609756097561","11","0.3255208333333333","26","164","2022-05-19T14:38:00.000Z","1652971080",
"2551","22b77d7829c68dcd","E2:1F:7B:35:CC:08","57.31707317073171","5","0.4340277777777778","35","164","2022-05-19T14:39:00.000Z","1652971140",
"2551","22b77d7829c68dcd","E2:1F:7B:35:CC:08","59.75609756097561","1","0.3324468085106383","22","164","2022-05-19T14:40:00.000Z","1652971200",
"2551","22b77d7829c68dcd","E2:1F:7B:35:CC:08","58.53658536585366","7","0.19290123456790123","30","164","2022-05-19T14:41:00.000Z","1652971260",
"2551","22b77d7829c68dcd","E2:1F:7B:35:CC:08","59.75609756097561","0","0.1547029702970297","14","164","2022-05-19T14:42:00.000Z","1652971320",
"2551","22b77d7829c68dcd","E2:1F:7B:35:CC:08","71.51515151515152","12","0.25614754098360654","0","165","2022-05-19T14:43:00.000Z","1652971380",
"2551","22b77d7829c68dcd","E2:1F:7B:35:CC:08","73.93939393939394","9","0.3472222222222222","40","165","2022-05-19T14:44:00.000Z","1652971440",
"2551","22b77d7829c68dcd","E2:1F:7B:35:CC:08","54.54545454545455","5","0.3255208333333333","60","165","2022-05-19T14:45:00.000Z","1652971500",
"2551","22b77d7829c68dcd","E2:1F:7B:35:CC:08","46.06060606060606","3","0.27901785714285715","58","165","2022-05-19T14:46:00.000Z","1652971560",
"2551","22b77d7829c68dcd","E2:1F:7B:35:CC:08","42.42424242424242","5","0.3633720930232558","65","165","2022-05-19T14:47:00.000Z","1652971620",
"2551","22b77d7829c68dcd","E2:1F:7B:35:CC:08","31.515151515151516","0","0.37202380952380953","81","165","2022-05-19T14:48:00.000Z","1652971680",
"2551","22b77d7829c68dcd","E2:1F:7B:35:CC:08","19.393939393939394","0","0.390625","75","165","2022-05-19T14:49:00.000Z","1652971740",
"2551","22b77d7829c68dcd","E2:1F:7B:35:CC:08","20.606060606060606","1","0.4222972972972973","75","165","2022-05-19T14:50:00.000Z","1652971800",
"2551","22b77d7829c68dcd","E2:1F:7B:35:CC:08","24.242424242424242","4","0.4340277777777778","61","165","2022-05-19T14:51:00.000Z","1652971860",
"2551","22b77d7829c68dcd","E2:1F:7B:35:CC:08","58.18181818181818","11","0.625","68","165","2022-05-19T14:52:00.000Z","1652971920",
"2551","22b77d7829c68dcd","E2:1F:7B:35:CC:08","100","9","1.1160714285714286","86","165","2022-05-19T14:53:00.000Z","1652971980",
"2551","22b77d7829c68dcd","E2:1F:7B:35:CC:08","100","9","1.4204545454545454","88","165","2022-05-19T14:54:00.000Z","1652972040",
"2551","22b77d7829c68dcd","E2:1F:7B:35:CC:08","94.54545454545455","8","1.5625","85","165","2022-05-19T14:55:00.000Z","1652972100",
"2551","22b77d7829c68dcd","E2:1F:7B:35:CC:08","90.9090909090909","9","1.953125","30","165","2022-05-19T14:56:00.000Z","1652972160",
"2551","22b77d7829c68dcd","E2:1F:7B:35:CC:08","83.63636363636364","10","2.232142857142857","86","165","2022-05-19T14:57:00.000Z","1652972220",
"2551","22b77d7829c68dcd","E2:1F:7B:35:CC:08","63.03030303030303","9","2.6041666666666665","92","165","2022-05-19T14:58:00.000Z","1652972280",
"2551","22b77d7829c68dcd","E2:1F:7B:35:CC:08","56.96969696969697","9","2.6041666666666665","93","165","2022-05-19T14:59:00.000Z","1652972340",
"2551","22b77d7829c68dcd","E2:1F:7B:35:CC:08","56.96969696969697","6","3.125","71","165","2022-05-19T15:00:00.000Z","1652972400",
"2551","22b77d7829c68dcd","E2:1F:7B:35:CC:08","53.333333333333336","6","3.125","84","165","2022-05-19T15:01:00.000Z","1652972460",
"2551","22b77d7829c68dcd","E2:1F:7B:35:CC:08","46.06060606060606","4","3.125","84","165","2022-05-19T15:02:00.000Z","1652972520",
"2551","22b77d7829c68dcd","E2:1F:7B:35:CC:08","36.36363636363637","5","3.90625","64","165","2022-05-19T15:03:00.000Z","1652972580",
"2551","22b77d7829c68dcd","E2:1F:7B:35:CC:08","53.333333333333336","7","3.90625","50","165","2022-05-19T15:04:00.000Z","1652972640",
"2551","22b77d7829c68dcd","E2:1F:7B:35:CC:08","52.121212121212125","2","3.90625","86","165","2022-05-19T15:05:00.000Z","1652972700",
"2551","22b77d7829c68dcd","E2:1F:7B:35:CC:08","37.57575757575758","2","5.208333333333333","74","165","2022-05-19T15:06:00.000Z","1652972760",
"2551","22b77d7829c68dcd","E2:1F:7B:35:CC:08","33.93939393939394","4","5.208333333333333","78","165","2022-05-19T15:07:00.000Z","1652972820",
"2551","22b77d7829c68dcd","E2:1F:7B:35:CC:08","30.303030303030305","1","3.125","60","165","2022-05-19T15:08:00.000Z","1652972880",
"2551","22b77d7829c68dcd","E2:1F:7B:35:CC:08","32.72727272727273","4","3.125","11","165","2022-05-19T15:09:00.000Z","1652972940",
"2551","22b77d7829c68dcd","E2:1F:7B:35:CC:08","76.36363636363636","8","3.125","7","165","2022-05-19T15:10:00.000Z","1652973000",
"2551","22b77d7829c68dcd","E2:1F:7B:35:CC:08","98.18181818181819","7","3.125","21","165","2022-05-19T15:11:00.000Z","1652973060",
"2551","22b77d7829c68dcd","E2:1F:7B:35:CC:08","100","0","2.232142857142857","7","165","2022-05-19T15:12:00.000Z","1652973120",
"2551","22b77d7829c68dcd","E2:1F:7B:35:CC:08","94.54545454545455","4","3.125","1","165","2022-05-19T15:13:00.000Z","1652973180",
"2551","22b77d7829c68dcd","E2:1F:7B:35:CC:08","93.33333333333333","2","1.4204545454545454","1","165","2022-05-19T15:14:00.000Z","1652973240",
"2551","22b77d7829c68dcd","E2:1F:7B:35:CC:08","100","4","0.9191176470588235","0","165","2022-05-19T15:15:00.000Z","1652973300",
"2551","22b77d7829c68dcd","E2:1F:7B:35:CC:08","80","2","1.1160714285714286","0","165","2022-05-19T15:16:00.000Z","1652973360",
"2551","22b77d7829c68dcd","E2:1F:7B:35:CC:08","75.15151515151516","0","0.8680555555555556","0","165","2022-05-19T15:17:00.000Z","1652973420",
"2551","22b77d7829c68dcd","E2:1F:7B:35:CC:08","87.27272727272727","3","1.0416666666666667","0","165","2022-05-19T15:18:00.000Z","1652973480",
"2551","22b77d7829c68dcd","E2:1F:7B:35:CC:08","71.51515151515152","7","0.8680555555555556","0","165","2022-05-19T15:19:00.000Z","1652973540",
"2551","22b77d7829c68dcd","E2:1F:7B:35:CC:08","71.51515151515152","9","0.8223684210526315","0","165","2022-05-19T15:20:00.000Z","1652973600",
"2551","22b77d7829c68dcd","E2:1F:7B:35:CC:08","86.06060606060606","2","1.3020833333333333","0","165","2022-05-19T15:21:00.000Z","1652973660",
"2551","22b77d7829c68dcd","E2:1F:7B:35:CC:08","92.12121212121212","7","1.4204545454545454","5","165","2022-05-19T15:22:00.000Z","1652973720",
"2551","22b77d7829c68dcd","E2:1F:7B:35:CC:08","75.15151515151516","1","1.1160714285714286","0","165","2022-05-19T15:23:00.000Z","1652973780",
"2551","22b77d7829c68dcd","E2:1F:7B:35:CC:08","67.87878787878788","2","0.8680555555555556","0","165","2022-05-19T15:24:00.000Z","1652973840",
"2551","22b77d7829c68dcd","E2:1F:7B:35:CC:08","73.93939393939394","6","1.2019230769230769","0","165","2022-05-19T15:25:00.000Z","1652973900",
"2551","22b77d7829c68dcd","E2:1F:7B:35:CC:08","76.36363636363636","0","0.9191176470588235","0","165","2022-05-19T15:26:00.000Z","1652973960",
"2551","22b77d7829c68dcd","E2:1F:7B:35:CC:08","53.333333333333336","0","0.78125","0","165","2022-05-19T15:27:00.000Z","1652974020",
"2551","22b77d7829c68dcd","E2:1F:7B:35:CC:08","32.72727272727273","0","0.8223684210526315","0","165","2022-05-19T15:28:00.000Z","1652974080",
"2551","22b77d7829c68dcd","E2:1F:7B:35:CC:08","26.666666666666668","0","0.78125","0","165","2022-05-19T15:29:00.000Z","1652974140",
"2551","22b77d7829c68dcd","E2:1F:7B:35:CC:08","19.393939393939394","0","0.7440476190476191","0","165","2022-05-19T15:30:00.000Z","1652974200",
"2551","22b77d7829c68dcd","E2:1F:7B:35:CC:08","14.545454545454545","0","0.7102272727272727","0","165","2022-05-19T15:31:00.000Z","1652974260",
"2551","22b77d7829c68dcd","E2:1F:7B:35:CC:08","29.09090909090909","0","0.625","0","165","2022-05-19T15:32:00.000Z","1652974320",
"2551","22b77d7829c68dcd","E2:1F:7B:35:CC:08","24.242424242424242","1","0.5787037037037037","0","165","2022-05-19T15:33:00.000Z","1652974380",
"2551","22b77d7829c68dcd","E2:1F:7B:35:CC:08","26.666666666666668","2","0.6009615384615384","0","165","2022-05-19T15:34:00.000Z","1652974440",
"2551","22b77d7829c68dcd","E2:1F:7B:35:CC:08","16.96969696969697","0","0.6009615384615384","0","165","2022-05-19T15:35:00.000Z","1652974500",
"2551","22b77d7829c68dcd","E2:1F:7B:35:CC:08","18.181818181818183","2","0.625","0","165","2022-05-19T15:36:00.000Z","1652974560",
"2551","22b77d7829c68dcd","E2:1F:7B:35:CC:08","31.515151515151516","3","0.6793478260869565","0","165","2022-05-19T15:37:00.000Z","1652974620",
"2551","22b77d7829c68dcd","E2:1F:7B:35:CC:08","31.515151515151516","0","0.6009615384615384","0","165","2022-05-19T15:38:00.000Z","1652974680",
"2551","22b77d7829c68dcd","E2:1F:7B:35:CC:08","19.393939393939394","0","0.5580357142857143","0","165","2022-05-19T15:39:00.000Z","1652974740",
"2551","22b77d7829c68dcd","E2:1F:7B:35:CC:08","14.545454545454545","0","0.5787037037037037","0","165","2022-05-19T15:40:00.000Z","1652974800",
"2551","22b77d7829c68dcd","E2:1F:7B:35:CC:08","29.09090909090909","1","0.5208333333333334","0","165","2022-05-19T15:41:00.000Z","1652974860",
"2551","22b77d7829c68dcd","E2:1F:7B:35:CC:08","30.303030303030305","0","0.1953125","0","165","2022-05-19T15:42:00.000Z","1652974920",
"2551","22b77d7829c68dcd","E2:1F:7B:35:CC:08","36.36363636363637","3","0.3004807692307692","0","165","2022-05-19T15:43:00.000Z","1652974980",
"2551","22b77d7829c68dcd","E2:1F:7B:35:CC:08","36.36363636363637","3","0.33967391304347827","0","165","2022-05-19T15:44:00.000Z","1652975040",
"2551","22b77d7829c68dcd","E2:1F:7B:35:CC:08","54.54545454545455","14","0.4340277777777778","0","165","2022-05-19T15:45:00.000Z","1652975100",
"2551","22b77d7829c68dcd","E2:1F:7B:35:CC:08","60.60606060606061","0","0.41118421052631576","0","165","2022-05-19T15:46:00.000Z","1652975160",
"2551","22b77d7829c68dcd","E2:1F:7B:35:CC:08","72.72727272727273","12","0.5580357142857143","0","165","2022-05-19T15:47:00.000Z","1652975220",
"2551","22b77d7829c68dcd","E2:1F:7B:35:CC:08","73.93939393939394","5","0.6510416666666666","0","165","2022-05-19T15:48:00.000Z","1652975280",
"2551","22b77d7829c68dcd","E2:1F:7B:35:CC:08","61.81818181818182","0","0.625","0","165","2022-05-19T15:49:00.000Z","1652975340",
"2551","22b77d7829c68dcd","E2:1F:7B:35:CC:08","49.696969696969695","2","0.5787037037037037","0","165","2022-05-19T15:50:00.000Z","1652975400",
"2551","22b77d7829c68dcd","E2:1F:7B:35:CC:08","44.84848484848485","1","0.5580357142857143","0","165","2022-05-19T15:51:00.000Z","1652975460",
"2551","22b77d7829c68dcd","E2:1F:7B:35:CC:08","40","2","0.5040322580645161","0","165","2022-05-19T15:52:00.000Z","1652975520",
"2551","22b77d7829c68dcd","E2:1F:7B:35:CC:08","35.15151515151515","0","0.44642857142857145","0","165","2022-05-19T15:53:00.000Z","1652975580",
"2551","22b77d7829c68dcd","E2:1F:7B:35:CC:08","67.87878787878788","6","0.5040322580645161","0","165","2022-05-19T15:54:00.000Z","1652975640",
"2551","22b77d7829c68dcd","E2:1F:7B:35:CC:08","99.39393939393939","9","0.8680555555555556","0","165","2022-05-19T15:55:00.000Z","1652975700",
"2551","22b77d7829c68dcd","E2:1F:7B:35:CC:08","99.39393939393939","12","1.2019230769230769","0","165","2022-05-19T15:56:00.000Z","1652975760",
"2551","22b77d7829c68dcd","E2:1F:7B:35:CC:08","92.12121212121212","10","1.4204545454545454","0","165","2022-05-19T15:57:00.000Z","1652975820",
"2551","22b77d7829c68dcd","E2:1F:7B:35:CC:08","100","5","1.4204545454545454","0","165","2022-05-19T15:58:00.000Z","1652975880",
"2551","22b77d7829c68dcd","E2:1F:7B:35:CC:08","98.18181818181819","3","1.3020833333333333","0","165","2022-05-19T15:59:00.000Z","1652975940",
"2551","22b77d7829c68dcd","E2:1F:7B:35:CC:08","70.3030303030303","2","1.2019230769230769","0","165","2022-05-19T16:00:00.000Z","1652976000",
"2551","22b77d7829c68dcd","E2:1F:7B:35:CC:08","65.45454545454545","1","1.0416666666666667","0","165","2022-05-19T16:01:00.000Z","1652976060",
"2551","22b77d7829c68dcd","E2:1F:7B:35:CC:08","77.57575757575758","5","1.2019230769230769","0","165","2022-05-19T16:02:00.000Z","1652976120",
"2551","22b77d7829c68dcd","E2:1F:7B:35:CC:08","78.78787878787878","2","1.1160714285714286","0","165","2022-05-19T16:03:00.000Z","1652976180",
"2551","22b77d7829c68dcd","E2:1F:7B:35:CC:08","81.21212121212122","2","1.2019230769230769","0","165","2022-05-19T16:04:00.000Z","1652976240",
"2551","22b77d7829c68dcd","E2:1F:7B:35:CC:08","83.63636363636364","2","1.2019230769230769","0","165","2022-05-19T16:05:00.000Z","1652976300",
"2551","22b77d7829c68dcd","E2:1F:7B:35:CC:08","94.54545454545455","6","1.0416666666666667","0","165","2022-05-19T16:06:00.000Z","1652976360",
"2551","22b77d7829c68dcd","E2:1F:7B:35:CC:08","100","3","1.3020833333333333","0","165","2022-05-19T16:07:00.000Z","1652976420",
"2551","22b77d7829c68dcd","E2:1F:7B:35:CC:08","81.21212121212122","0","0.9765625","0","165","2022-05-19T16:08:00.000Z","1652976480",
"2551","22b77d7829c68dcd","E2:1F:7B:35:CC:08","55.75757575757576","0","0.9191176470588235","0","165","2022-05-19T16:09:00.000Z","1652976540",
"2551","22b77d7829c68dcd","E2:1F:7B:35:CC:08","38.78787878787879","0","0.8680555555555556","0","165","2022-05-19T16:10:00.000Z","1652976600",
"2551","22b77d7829c68dcd","E2:1F:7B:35:CC:08","33.93939393939394","0","0.78125","0","165","2022-05-19T16:11:00.000Z","1652976660",
"2551","22b77d7829c68dcd","E2:1F:7B:35:CC:08","26.666666666666668","1","0.78125","0","165","2022-05-19T16:12:00.000Z","1652976720",
"2551","22b77d7829c68dcd","E2:1F:7B:35:CC:08","26.666666666666668","0","0.7102272727272727","0","165","2022-05-19T16:13:00.000Z","1652976780",
"2551","22b77d7829c68dcd","E2:1F:7B:35:CC:08","20.606060606060606","0","0.6793478260869565","0","165","2022-05-19T16:14:00.000Z","1652976840",
"2551","22b77d7829c68dcd","E2:1F:7B:35:CC:08","21.818181818181817","1","0.6793478260869565","0","165","2022-05-19T16:15:00.000Z","1652976900",
"2551","22b77d7829c68dcd","E2:1F:7B:35:CC:08","32.72727272727273","0","0.6510416666666666","0","165","2022-05-19T16:16:00.000Z","1652976960",
"2551","22b77d7829c68dcd","E2:1F:7B:35:CC:08","33.93939393939394","1","0.625","0","165","2022-05-19T16:17:00.000Z","1652977020",
"2551","22b77d7829c68dcd","E2:1F:7B:35:CC:08","25.454545454545453","0","0.6009615384615384","0","165","2022-05-19T16:18:00.000Z","1652977080",
"2551","22b77d7829c68dcd","E2:1F:7B:35:CC:08","16.96969696969697","0","0.5787037037037037","0","165","2022-05-19T16:19:00.000Z","1652977140",
"2551","22b77d7829c68dcd","E2:1F:7B:35:CC:08","21.818181818181817","2","0.5580357142857143","0","165","2022-05-19T16:20:00.000Z","1652977200",
"2551","22b77d7829c68dcd","E2:1F:7B:35:CC:08","14.545454545454545","0","0.5580357142857143","0","165","2022-05-19T16:21:00.000Z","1652977260",
"2551","22b77d7829c68dcd","E2:1F:7B:35:CC:08","14.545454545454545","0","0.5387931034482759","0","165","2022-05-19T16:22:00.000Z","1652977320",
"2551","22b77d7829c68dcd","E2:1F:7B:35:CC:08","9.696969696969697","0","0.5208333333333334","0","165","2022-05-19T16:23:00.000Z","1652977380",
"2551","22b77d7829c68dcd","E2:1F:7B:35:CC:08","18.181818181818183","0","0.48828125","4","165","2022-05-19T16:24:00.000Z","1652977440",
"2551","22b77d7829c68dcd","E2:1F:7B:35:CC:08","29.09090909090909","1","0.45955882352941174","0","165","2022-05-19T16:25:00.000Z","1652977500",
"2551","22b77d7829c68dcd","E2:1F:7B:35:CC:08","24.242424242424242","1","0.5040322580645161","0","165","2022-05-19T16:26:00.000Z","1652977560",
"2551","22b77d7829c68dcd","E2:1F:7B:35:CC:08","24.242424242424242","0","0.4734848484848485","1","165","2022-05-19T16:27:00.000Z","1652977620",
"2551","22b77d7829c68dcd","E2:1F:7B:35:CC:08","19.393939393939394","1","0.4734848484848485","0","165","2022-05-19T16:28:00.000Z","1652977680",
"2551","22b77d7829c68dcd","E2:1F:7B:35:CC:08","25.454545454545453","5","0.23674242424242425","0","165","2022-05-19T16:29:00.000Z","1652977740",
"2551","22b77d7829c68dcd","E2:1F:7B:35:CC:08","47.27272727272727","7","0.27901785714285715","0","165","2022-05-19T16:30:00.000Z","1652977800",
"2551","22b77d7829c68dcd","E2:1F:7B:35:CC:08","50.90909090909091","8","0.35511363636363635","12","165","2022-05-19T16:31:00.000Z","1652977860",
"2551","22b77d7829c68dcd","E2:1F:7B:35:CC:08","50.90909090909091","4","0.5040322580645161","12","165","2022-05-19T16:32:00.000Z","1652977920",
"2551","22b77d7829c68dcd","E2:1F:7B:35:CC:08","52.121212121212125","4","0.2648305084745763","22","165","2022-05-19T16:33:00.000Z","1652977980",
"2551","22b77d7829c68dcd","E2:1F:7B:35:CC:08","32.72727272727273","0","0.2604166666666667","67","165","2022-05-19T16:34:00.000Z","1652978040",
"2551","22b77d7829c68dcd","E2:1F:7B:35:CC:08","20.606060606060606","2","0.25614754098360654","70","165","2022-05-19T16:35:00.000Z","1652978100",
"2551","22b77d7829c68dcd","E2:1F:7B:35:CC:08","13.333333333333334","0","0.25614754098360654","68","165","2022-05-19T16:36:00.000Z","1652978160",
"2551","22b77d7829c68dcd","E2:1F:7B:35:CC:08","15.757575757575758","0","0.2403846153846154","30","165","2022-05-19T16:37:00.000Z","1652978220",
"2551","22b77d7829c68dcd","E2:1F:7B:35:CC:08","50.90909090909091","8","0.3255208333333333","0","165","2022-05-19T16:38:00.000Z","1652978280",
"2551","22b77d7829c68dcd","E2:1F:7B:35:CC:08","100","10","0.8223684210526315","0","165","2022-05-19T16:39:00.000Z","1652978340",
"2551","22b77d7829c68dcd","E2:1F:7B:35:CC:08","100","10","1.0416666666666667","1","165","2022-05-19T16:40:00.000Z","1652978400",
"2551","22b77d7829c68dcd","E2:1F:7B:35:CC:08","100","6","0.8680555555555556","2","165","2022-05-19T16:41:00.000Z","1652978460",
"2551","22b77d7829c68dcd","E2:1F:7B:35:CC:08","100","4","1.2019230769230769","1","165","2022-05-19T16:42:00.000Z","1652978520",
"2551","22b77d7829c68dcd","E2:1F:7B:35:CC:08","100","6","1.7361111111111112","0","165","2022-05-19T16:43:00.000Z","1652978580",
"2551","22b77d7829c68dcd","E2:1F:7B:35:CC:08","100","6","1.2019230769230769","0","165","2022-05-19T16:44:00.000Z","1652978640",
"2551","22b77d7829c68dcd","E2:1F:7B:35:CC:08","100","4","0.7102272727272727","0","165","2022-05-19T16:45:00.000Z","1652978700",
"2551","22b77d7829c68dcd","E2:1F:7B:35:CC:08","100","10","1.2019230769230769","1","165","2022-05-19T16:46:00.000Z","1652978760",
"2551","22b77d7829c68dcd","E2:1F:7B:35:CC:08","93.33333333333333","5","1.2019230769230769","0","165","2022-05-19T16:47:00.000Z","1652978820",
"2551","22b77d7829c68dcd","E2:1F:7B:35:CC:08","96.96969696969697","3","1.0416666666666667","0","165","2022-05-19T16:48:00.000Z","1652978880",
"2551","22b77d7829c68dcd","E2:1F:7B:35:CC:08","77.57575757575758","4","0.9191176470588235","0","165","2022-05-19T16:49:00.000Z","1652978940",
"2551","22b77d7829c68dcd","E2:1F:7B:35:CC:08","64.24242424242425","1","1.0416666666666667","0","165","2022-05-19T16:50:00.000Z","1652979000",
"2551","22b77d7829c68dcd","E2:1F:7B:35:CC:08","64.24242424242425","4","0.8680555555555556","0","165","2022-05-19T16:51:00.000Z","1652979060",
"2551","22b77d7829c68dcd","E2:1F:7B:35:CC:08","86.06060606060606","3","0.9191176470588235","0","165","2022-05-19T16:52:00.000Z","1652979120",
"2551","22b77d7829c68dcd","E2:1F:7B:35:CC:08","100","6","0.38109756097560976","9","165","2022-05-19T16:53:00.000Z","1652979180",
"2551","22b77d7829c68dcd","E2:1F:7B:35:CC:08","100","5","0.78125","4","165","2022-05-19T16:54:00.000Z","1652979240",
"2551","22b77d7829c68dcd","E2:1F:7B:35:CC:08","100","9","1.0416666666666667","7","165","2022-05-19T16:55:00.000Z","1652979300",
"2551","22b77d7829c68dcd","E2:1F:7B:35:CC:08","95.75757575757575","5","1.3020833333333333","0","165","2022-05-19T16:56:00.000Z","1652979360",
"2551","22b77d7829c68dcd","E2:1F:7B:35:CC:08","100","6","1.4204545454545454","4","165","2022-05-19T16:57:00.000Z","1652979420",
"2551","22b77d7829c68dcd","E2:1F:7B:35:CC:08","100","5","1.7361111111111112","18","165","2022-05-19T16:58:00.000Z","1652979480",
"2551","22b77d7829c68dcd","E2:1F:7B:35:CC:08","100","2","0.8680555555555556","11","165","2022-05-19T16:59:00.000Z","1652979540",
"2551","22b77d7829c68dcd","E2:1F:7B:35:CC:08","100","7","0.5040322580645161","19","165","2022-05-19T17:00:00.000Z","1652979600",
"2551","22b77d7829c68dcd","E2:1F:7B:35:CC:08","100","1","0.41118421052631576","16","165","2022-05-19T17:01:00.000Z","1652979660",
"2551","22b77d7829c68dcd","E2:1F:7B:35:CC:08","100","9","0.45955882352941174","23","165","2022-05-19T17:02:00.000Z","1652979720",
"2551","22b77d7829c68dcd","E2:1F:7B:35:CC:08","92.12121212121212","8","0.40064102564102566","18","165","2022-05-19T17:03:00.000Z","1652979780",
"2551","22b77d7829c68dcd","E2:1F:7B:35:CC:08","88.48484848484848","2","0.41118421052631576","7","165","2022-05-19T17:04:00.000Z","1652979840",
"2551","22b77d7829c68dcd","E2:1F:7B:35:CC:08","60.60606060606061","1","0.41118421052631576","16","165","2022-05-19T17:05:00.000Z","1652979900",
"2551","22b77d7829c68dcd","E2:1F:7B:35:CC:08","44.84848484848485","5","0.4340277777777778","1","165","2022-05-19T17:06:00.000Z","1652979960",
"2551","22b77d7829c68dcd","E2:1F:7B:35:CC:08","66.66666666666667","7","0.41118421052631576","4","165","2022-05-19T17:07:00.000Z","1652980020",
"2551","22b77d7829c68dcd","E2:1F:7B:35:CC:08","69.0909090909091","6","0.45955882352941174","1","165","2022-05-19T17:08:00.000Z","1652980080",
"2551","22b77d7829c68dcd","E2:1F:7B:35:CC:08","58.18181818181818","6","0.3472222222222222","0","165","2022-05-19T17:09:00.000Z","1652980140",
"2551","22b77d7829c68dcd","E2:1F:7B:35:CC:08","60.60606060606061","7","0.3633720930232558","7","165","2022-05-19T17:10:00.000Z","1652980200",
"2551","22b77d7829c68dcd","E2:1F:7B:35:CC:08","60.60606060606061","2","0.35511363636363635","5","165","2022-05-19T17:11:00.000Z","1652980260",
"2551","22b77d7829c68dcd","E2:1F:7B:35:CC:08","56.96969696969697","0","0.35511363636363635","1","165","2022-05-19T17:12:00.000Z","1652980320",
"2551","22b77d7829c68dcd","E2:1F:7B:35:CC:08","86.06060606060606","10","0.40064102564102566","4","165","2022-05-19T17:13:00.000Z","1652980380",
"2551","22b77d7829c68dcd","E2:1F:7B:35:CC:08","100","8","0.5208333333333334","11","165","2022-05-19T17:14:00.000Z","1652980440",
"2551","22b77d7829c68dcd","E2:1F:7B:35:CC:08","100","8","0.625","5","165","2022-05-19T17:15:00.000Z","1652980500",
"2551","22b77d7829c68dcd","E2:1F:7B:35:CC:08","100","7","0.78125","15","165","2022-05-19T17:16:00.000Z","1652980560",
"2551","22b77d7829c68dcd","E2:1F:7B:35:CC:08","100","5","0.625","15","165","2022-05-19T17:17:00.000Z","1652980620",
"2551","22b77d7829c68dcd","E2:1F:7B:35:CC:08","93.33333333333333","2","0.6510416666666666","0","165","2022-05-19T17:18:00.000Z","1652980680",
"2551","22b77d7829c68dcd","E2:1F:7B:35:CC:08","60.60606060606061","2","0.7102272727272727","0","165","2022-05-19T17:19:00.000Z","1652980740",
"2551","22b77d7829c68dcd","E2:1F:7B:35:CC:08","72.72727272727273","7","0.6510416666666666","5","165","2022-05-19T17:20:00.000Z","1652980800",
"2551","22b77d7829c68dcd","E2:1F:7B:35:CC:08","93.33333333333333","9","0.9191176470588235","9","165","2022-05-19T17:21:00.000Z","1652980860",
"2551","22b77d7829c68dcd","E2:1F:7B:35:CC:08","100","2","1.2019230769230769","0","165","2022-05-19T17:22:00.000Z","1652980920",
"2551","22b77d7829c68dcd","E2:1F:7B:35:CC:08","100","11","1.1160714285714286","0","165","2022-05-19T17:23:00.000Z","1652980980",
"2551","22b77d7829c68dcd","E2:1F:7B:35:CC:08","100","3","0.9191176470588235","1","165","2022-05-19T17:24:00.000Z","1652981040",
"2551","22b77d7829c68dcd","E2:1F:7B:35:CC:08","89.6969696969697","1","0.8223684210526315","1","165","2022-05-19T17:25:00.000Z","1652981100",
"2551","22b77d7829c68dcd","E2:1F:7B:35:CC:08","73.93939393939394","1","0.78125","0","165","2022-05-19T17:26:00.000Z","1652981160",
"2551","22b77d7829c68dcd","E2:1F:7B:35:CC:08","64.24242424242425","1","0.7102272727272727","5","165","2022-05-19T17:27:00.000Z","1652981220",
"2551","22b77d7829c68dcd","E2:1F:7B:35:CC:08","100","7","0.8680555555555556","2","165","2022-05-19T17:43:00.000Z","1652982180",
"2551","22b77d7829c68dcd","E2:1F:7B:35:CC:08","100","6","1.2019230769230769","1","165","2022-05-19T17:44:00.000Z","1652982240",
"2551","22b77d7829c68dcd","E2:1F:7B:35:CC:08","100","4","1.2019230769230769","1","165","2022-05-19T17:45:00.000Z","1652982300",
"2551","22b77d7829c68dcd","E2:1F:7B:35:CC:08","84.84848484848484","6","1.2019230769230769","8","165","2022-05-19T17:46:00.000Z","1652982360",
"2551","22b77d7829c68dcd","E2:1F:7B:35:CC:08","75.15151515151516","1","1.1160714285714286","1","165","2022-05-19T17:47:00.000Z","1652982420",
"2551","22b77d7829c68dcd","E2:1F:7B:35:CC:08","65.45454545454545","0","0.9191176470588235","0","165","2022-05-19T17:48:00.000Z","1652982480",
"2551","22b77d7829c68dcd","E2:1F:7B:35:CC:08","49.696969696969695","0","0.8223684210526315","0","165","2022-05-19T17:49:00.000Z","1652982540",
"2551","22b77d7829c68dcd","E2:1F:7B:35:CC:08","35.15151515151515","0","0.7440476190476191","0","165","2022-05-19T17:50:00.000Z","1652982600",
"2551","22b77d7829c68dcd","E2:1F:7B:35:CC:08","26.666666666666668","0","0.6793478260869565","1","165","2022-05-19T17:51:00.000Z","1652982660",
"2551","22b77d7829c68dcd","E2:1F:7B:35:CC:08","19.393939393939394","0","0.6793478260869565","0","165","2022-05-19T17:52:00.000Z","1652982720",
"2551","22b77d7829c68dcd","E2:1F:7B:35:CC:08","18.181818181818183","0","0.6793478260869565","0","165","2022-05-19T17:53:00.000Z","1652982780",
"2551","22b77d7829c68dcd","E2:1F:7B:35:CC:08","32.72727272727273","6","0.78125","0","165","2022-05-19T17:54:00.000Z","1652982840",
"2551","22b77d7829c68dcd","E2:1F:7B:35:CC:08","46.06060606060606","4","0.9191176470588235","0","165","2022-05-19T17:55:00.000Z","1652982900",
"2551","22b77d7829c68dcd","E2:1F:7B:35:CC:08","42.42424242424242","2","0.9765625","0","165","2022-05-19T17:56:00.000Z","1652982960",
"2551","22b77d7829c68dcd","E2:1F:7B:35:CC:08","41.21212121212121","4","1.1160714285714286","0","165","2022-05-19T17:57:00.000Z","1652983020",
"2551","22b77d7829c68dcd","E2:1F:7B:35:CC:08","54.54545454545455","5","1.2019230769230769","0","165","2022-05-19T17:58:00.000Z","1652983080",
"2551","22b77d7829c68dcd","E2:1F:7B:35:CC:08","67.87878787878788","3","1.1160714285714286","0","165","2022-05-19T17:59:00.000Z","1652983140",
"2551","22b77d7829c68dcd","E2:1F:7B:35:CC:08","38.78787878787879","0","0.9765625","1","165","2022-05-19T18:00:00.000Z","1652983200",
"2551","22b77d7829c68dcd","E2:1F:7B:35:CC:08","30.303030303030305","0","0.9191176470588235","11","165","2022-05-19T18:01:00.000Z","1652983260",
"2551","22b77d7829c68dcd","E2:1F:7B:35:CC:08","24.242424242424242","0","0.9191176470588235","4","165","2022-05-19T18:02:00.000Z","1652983320",
"2551","22b77d7829c68dcd","E2:1F:7B:35:CC:08","23.03030303030303","0","0.8680555555555556","4","165","2022-05-19T18:03:00.000Z","1652983380",
"2551","22b77d7829c68dcd","E2:1F:7B:35:CC:08","25.454545454545453","0","0.8680555555555556","4","165","2022-05-19T18:04:00.000Z","1652983440",
"2551","22b77d7829c68dcd","E2:1F:7B:35:CC:08","20.606060606060606","2","0.8680555555555556","0","165","2022-05-19T18:05:00.000Z","1652983500",
"2551","22b77d7829c68dcd","E2:1F:7B:35:CC:08","16.96969696969697","0","0.7440476190476191","0","165","2022-05-19T18:06:00.000Z","1652983560",
"2551","22b77d7829c68dcd","E2:1F:7B:35:CC:08","20.606060606060606","2","0.7102272727272727","12","165","2022-05-19T18:07:00.000Z","1652983620",
"2551","22b77d7829c68dcd","E2:1F:7B:35:CC:08","21.818181818181817","0","0.7102272727272727","4","165","2022-05-19T18:08:00.000Z","1652983680",
"2551","22b77d7829c68dcd","E2:1F:7B:35:CC:08","14.545454545454545","0","0.6793478260869565","0","165","2022-05-19T18:09:00.000Z","1652983740",
"2551","22b77d7829c68dcd","E2:1F:7B:35:CC:08","29.09090909090909","0","0.7102272727272727","0","165","2022-05-19T18:10:00.000Z","1652983800",
"2551","22b77d7829c68dcd","E2:1F:7B:35:CC:08","24.242424242424242","0","0.6510416666666666","0","165","2022-05-19T18:11:00.000Z","1652983860",
"2551","22b77d7829c68dcd","E2:1F:7B:35:CC:08","24.242424242424242","1","0.5580357142857143","2","165","2022-05-19T18:12:00.000Z","1652983920",
"2551","22b77d7829c68dcd","E2:1F:7B:35:CC:08","25.454545454545453","1","0.5040322580645161","0","165","2022-05-19T18:13:00.000Z","1652983980",
"2551","22b77d7829c68dcd","E2:1F:7B:35:CC:08","18.181818181818183","0","0.3472222222222222","0","165","2022-05-19T18:14:00.000Z","1652984040",
"2551","22b77d7829c68dcd","E2:1F:7B:35:CC:08","27.87878787878788","4","0.38109756097560976","0","165","2022-05-19T18:15:00.000Z","1652984100",
"2551","22b77d7829c68dcd","E2:1F:7B:35:CC:08","20.606060606060606","0","0.40064102564102566","0","165","2022-05-19T18:16:00.000Z","1652984160",
"2551","22b77d7829c68dcd","E2:1F:7B:35:CC:08","24.242424242424242","2","0.45955882352941174","2","165","2022-05-19T18:17:00.000Z","1652984220",
"2551","22b77d7829c68dcd","E2:1F:7B:35:CC:08","49.696969696969695","8","0.44642857142857145","2","165","2022-05-19T18:18:00.000Z","1652984280",
"2551","22b77d7829c68dcd","E2:1F:7B:35:CC:08","40","1","0.48828125","1","165","2022-05-19T18:19:00.000Z","1652984340",
"2551","22b77d7829c68dcd","E2:1F:7B:35:CC:08","41.21212121212121","1","0.40064102564102566","8","165","2022-05-19T18:20:00.000Z","1652984400",
"2551","22b77d7829c68dcd","E2:1F:7B:35:CC:08","42.42424242424242","1","0.48828125","5","165","2022-05-19T18:21:00.000Z","1652984460",
"2551","22b77d7829c68dcd","E2:1F:7B:35:CC:08","52.121212121212125","1","0.44642857142857145","2","165","2022-05-19T18:22:00.000Z","1652984520",
"2551","22b77d7829c68dcd","E2:1F:7B:35:CC:08","52.121212121212125","1","0.4734848484848485","1","165","2022-05-19T18:23:00.000Z","1652984580",
"2551","22b77d7829c68dcd","E2:1F:7B:35:CC:08","23.03030303030303","0","0.4734848484848485","1","165","2022-05-19T18:24:00.000Z","1652984640",
"2551","22b77d7829c68dcd","E2:1F:7B:35:CC:08","10.909090909090908","0","0.45955882352941174","4","165","2022-05-19T18:25:00.000Z","1652984700",
"2551","22b77d7829c68dcd","E2:1F:7B:35:CC:08","16.96969696969697","8","0.12703252032520326","9","165","2022-05-19T18:29:00.000Z","1652984940",
"2551","22b77d7829c68dcd","E2:1F:7B:35:CC:08","35.15151515151515","6","0.12600806451612903","14","165","2022-05-19T18:30:00.000Z","1652985000",
"2551","22b77d7829c68dcd","E2:1F:7B:35:CC:08","73.93939393939394","7","0.09889240506329114","0","165","2022-05-19T18:31:00.000Z","1652985060",
"2551","22b77d7829c68dcd","E2:1F:7B:35:CC:08","88.48484848484848","13","0.11405109489051095","0","165","2022-05-19T18:34:00.000Z","1652985240",
"2551","22b77d7829c68dcd","E2:1F:7B:35:CC:08","100","5","0.12807377049180327","0","165","2022-05-20T09:24:00.000Z","1653038640",
"2551","22b77d7829c68dcd","E2:1F:7B:35:CC:08","100","5","0.15943877551020408","1","165","2022-05-20T09:25:00.000Z","1653038700",
"2551","22b77d7829c68dcd","E2:1F:7B:35:CC:08","100","7","0.16801075268817203","1","165","2022-05-20T09:26:00.000Z","1653038760",
"2551","22b77d7829c68dcd","E2:1F:7B:35:CC:08","100","9","0.20833333333333334","2","165","2022-05-20T09:27:00.000Z","1653038820",
"2551","22b77d7829c68dcd","E2:1F:7B:35:CC:08","89.6969696969697","10","0.25201612903225806","4","165","2022-05-20T09:28:00.000Z","1653038880",
"2551","22b77d7829c68dcd","E2:1F:7B:35:CC:08","56.96969696969697","2","0.31887755102040816","4","165","2022-05-20T09:29:00.000Z","1653038940",
"2551","22b77d7829c68dcd","E2:1F:7B:35:CC:08","58.18181818181818","5","0.26939655172413796","4","165","2022-05-20T09:30:00.000Z","1653039000",
"2551","22b77d7829c68dcd","E2:1F:7B:35:CC:08","78.78787878787878","1","0.25614754098360654","1","165","2022-05-20T09:31:00.000Z","1653039060",
"2551","22b77d7829c68dcd","E2:1F:7B:35:CC:08","66.66666666666667","9","0.18601190476190477","1","165","2022-05-20T09:32:00.000Z","1653039120",
"2551","22b77d7829c68dcd","E2:1F:7B:35:CC:08","67.87878787878788","5","0.3472222222222222","0","165","2022-05-20T09:33:00.000Z","1653039180",
"2551","22b77d7829c68dcd","E2:1F:7B:35:CC:08","59.39393939393939","5","0.33967391304347827","9","165","2022-05-20T09:34:00.000Z","1653039240",
"2551","22b77d7829c68dcd","E2:1F:7B:35:CC:08","67.87878787878788","8","0.2741228070175439","30","165","2022-05-20T09:35:00.000Z","1653039300",
"2551","22b77d7829c68dcd","E2:1F:7B:35:CC:08","72.72727272727273","11","0.1358695652173913","19","165","2022-05-20T09:40:00.000Z","1653039600",
"2551","22b77d7829c68dcd","E2:1F:7B:35:CC:08","87.27272727272727","4","0.1201923076923077","37","165","2022-05-20T09:41:00.000Z","1653039660",
"2551","22b77d7829c68dcd","E2:1F:7B:35:CC:08","100","5","0.16622340425531915","64","165","2022-05-20T09:42:00.000Z","1653039720",
"2551","22b77d7829c68dcd","E2:1F:7B:35:CC:08","84.84848484848484","6","0.16108247422680413","79","165","2022-05-20T09:43:00.000Z","1653039780",
"2551","22b77d7829c68dcd","E2:1F:7B:35:CC:08","66.66666666666667","4","0.1736111111111111","89","165","2022-05-20T09:44:00.000Z","1653039840",
"2551","22b77d7829c68dcd","E2:1F:7B:35:CC:08","37.57575757575758","2","0.16983695652173914","95","165","2022-05-20T09:45:00.000Z","1653039900",
"2551","22b77d7829c68dcd","E2:1F:7B:35:CC:08","44.84848484848485","4","0.16983695652173914","92","165","2022-05-20T09:46:00.000Z","1653039960",
"2551","22b77d7829c68dcd","E2:1F:7B:35:CC:08","44.84848484848485","0","0.09191176470588236","16","165","2022-05-20T09:47:00.000Z","1653040020",
"2551","22b77d7829c68dcd","E2:1F:7B:35:CC:08","59.39393939393939","10","0.12400793650793651","7","165","2022-05-20T09:48:00.000Z","1653040080",
"2551","22b77d7829c68dcd","E2:1F:7B:35:CC:08","63.03030303030303","8","0.12112403100775193","42","165","2022-05-20T09:49:00.000Z","1653040140",
"2551","22b77d7829c68dcd","E2:1F:7B:35:CC:08","67.87878787878788","6","0.062250996015936255","71","165","2022-05-20T09:50:00.000Z","1653040200",
"2551","22b77d7829c68dcd","E2:1F:7B:35:CC:08","60.60606060606061","7","0.11003521126760564","86","165","2022-05-20T09:52:00.000Z","1653040320",
"2551","22b77d7829c68dcd","E2:1F:7B:35:CC:08","63.03030303030303","3","0.0882768361581921","43","165","2022-05-20T09:53:00.000Z","1653040380",
"2551","22b77d7829c68dcd","E2:1F:7B:35:CC:08","76.36363636363636","13","0.16276041666666666","21","165","2022-05-20T09:54:00.000Z","1653040440",
"2551","22b77d7829c68dcd","E2:1F:7B:35:CC:08","90.9090909090909","9","0.175561797752809","0","165","2022-05-20T09:55:00.000Z","1653040500",
"2551","22b77d7829c68dcd","E2:1F:7B:35:CC:08","93.33333333333333","5","0.19778481012658228","0","165","2022-05-20T09:56:00.000Z","1653040560",
"2551","22b77d7829c68dcd","E2:1F:7B:35:CC:08","83.63636363636364","7","0.22644927536231885","1","165","2022-05-20T09:57:00.000Z","1653040620",
"2551","22b77d7829c68dcd","E2:1F:7B:35:CC:08","88.48484848484848","5","0.22321428571428573","1","165","2022-05-20T09:58:00.000Z","1653040680",
"2551","22b77d7829c68dcd","E2:1F:7B:35:CC:08","58.18181818181818","3","0.22977941176470587","1","165","2022-05-20T09:59:00.000Z","1653040740",
"2551","22b77d7829c68dcd","E2:1F:7B:35:CC:08","55.75757575757576","3","0.18825301204819278","0","165","2022-05-20T10:00:00.000Z","1653040800",
"2551","22b77d7829c68dcd","E2:1F:7B:35:CC:08","58.18181818181818","3","0.16447368421052633","1","165","2022-05-20T10:01:00.000Z","1653040860",
"2551","22b77d7829c68dcd","E2:1F:7B:35:CC:08","58.18181818181818","0","0.1953125","4","165","2022-05-20T10:02:00.000Z","1653040920",
"2551","22b77d7829c68dcd","E2:1F:7B:35:CC:08","60.60606060606061","5","0.16801075268817203","2","165","2022-05-20T10:03:00.000Z","1653040980",
"2551","22b77d7829c68dcd","E2:1F:7B:35:CC:08","59.39393939393939","6","0.2170138888888889","0","165","2022-05-20T10:05:00.000Z","1653041100",
"2551","22b77d7829c68dcd","E2:1F:7B:35:CC:08","37.57575757575758","2","0.20559210526315788","0","165","2022-05-20T10:07:00.000Z","1653041220",
"2551","22b77d7829c68dcd","E2:1F:7B:35:CC:08","38.78787878787879","5","0.19290123456790123","0","165","2022-05-20T10:08:00.000Z","1653041280",
"2551","22b77d7829c68dcd","E2:1F:7B:35:CC:08","46.06060606060606","6","0.16447368421052633","8","165","2022-05-20T10:09:00.000Z","1653041340",
"2551","22b77d7829c68dcd","E2:1F:7B:35:CC:08","53.333333333333336","4","0.15625","71","165","2022-05-20T10:11:00.000Z","1653041460",
"2551","22b77d7829c68dcd","E2:1F:7B:35:CC:08","60.60606060606061","8","0.1547029702970297","71","165","2022-05-20T10:12:00.000Z","1653041520",
"2551","22b77d7829c68dcd","E2:1F:7B:35:CC:08","63.03030303030303","6","0.16801075268817203","60","165","2022-05-20T10:13:00.000Z","1653041580",
"2551","22b77d7829c68dcd","E2:1F:7B:35:CC:08","60.60606060606061","6","0.1953125","81","165","2022-05-20T10:14:00.000Z","1653041640",
"2551","22b77d7829c68dcd","E2:1F:7B:35:CC:08","55.75757575757576","3","0.20833333333333334","72","165","2022-05-20T10:15:00.000Z","1653041700",
"2551","22b77d7829c68dcd","E2:1F:7B:35:CC:08","49.696969696969695","3","0.19778481012658228","57","165","2022-05-20T10:16:00.000Z","1653041760",
"2551","22b77d7829c68dcd","E2:1F:7B:35:CC:08","55.75757575757576","9","0.22321428571428573","9","165","2022-05-20T10:17:00.000Z","1653041820",
"2551","22b77d7829c68dcd","E2:1F:7B:35:CC:08","66.66666666666667","3","0.22977941176470587","14","165","2022-05-20T10:18:00.000Z","1653041880",
"2551","22b77d7829c68dcd","E2:1F:7B:35:CC:08","76.36363636363636","6","0.25201612903225806","9","165","2022-05-20T10:19:00.000Z","1653041940",
"2551","22b77d7829c68dcd","E2:1F:7B:35:CC:08","72.72727272727273","6","0.30637254901960786","14","165","2022-05-20T10:20:00.000Z","1653042000",
"2551","22b77d7829c68dcd","E2:1F:7B:35:CC:08","60.60606060606061","3","0.2604166666666667","14","165","2022-05-20T10:21:00.000Z","1653042060",
"2551","22b77d7829c68dcd","E2:1F:7B:35:CC:08","71.51515151515152","10","0.19290123456790123","1","165","2022-05-20T10:23:00.000Z","1653042180",
"2551","22b77d7829c68dcd","E2:1F:7B:35:CC:08","55.75757575757576","4","0.16801075268817203","36","165","2022-05-20T10:24:00.000Z","1653042240",
"2551","22b77d7829c68dcd","E2:1F:7B:35:CC:08","61.81818181818182","9","0.20559210526315788","7","165","2022-05-20T10:25:00.000Z","1653042300",
"2551","22b77d7829c68dcd","E2:1F:7B:35:CC:08","56.96969696969697","6","0.2403846153846154","0","165","2022-05-20T10:26:00.000Z","1653042360",
"2551","22b77d7829c68dcd","E2:1F:7B:35:CC:08","41.21212121212121","2","0.2741228070175439","0","165","2022-05-20T10:27:00.000Z","1653042420",
"2551","22b77d7829c68dcd","E2:1F:7B:35:CC:08","37.57575757575758","2","0.2741228070175439","0","165","2022-05-20T10:28:00.000Z","1653042480",
"2551","22b77d7829c68dcd","E2:1F:7B:35:CC:08","27.87878787878788","0","0.2741228070175439","0","165","2022-05-20T10:29:00.000Z","1653042540",
"2551","22b77d7829c68dcd","E2:1F:7B:35:CC:08","27.87878787878788","0","0.3004807692307692","0","165","2022-05-20T10:30:00.000Z","1653042600",
"2551","22b77d7829c68dcd","E2:1F:7B:35:CC:08","35.15151515151515","3","0.2741228070175439","0","165","2022-05-20T10:31:00.000Z","1653042660",
"2551","22b77d7829c68dcd","E2:1F:7B:35:CC:08","32.72727272727273","0","0.294811320754717","0","165","2022-05-20T10:32:00.000Z","1653042720",
"2551","22b77d7829c68dcd","E2:1F:7B:35:CC:08","16.96969696969697","0","0.3125","0","165","2022-05-20T10:33:00.000Z","1653042780",
"2551","22b77d7829c68dcd","E2:1F:7B:35:CC:08","21.818181818181817","1","0.3255208333333333","0","165","2022-05-20T10:34:00.000Z","1653042840",
"2551","22b77d7829c68dcd","E2:1F:7B:35:CC:08","18.181818181818183","0","0.3255208333333333","0","165","2022-05-20T10:35:00.000Z","1653042900",
"2551","22b77d7829c68dcd","E2:1F:7B:35:CC:08","18.181818181818183","1","0.30637254901960786","0","165","2022-05-20T10:36:00.000Z","1653042960",
"2551","22b77d7829c68dcd","E2:1F:7B:35:CC:08","21.818181818181817","1","0.3324468085106383","0","165","2022-05-20T10:37:00.000Z","1653043020",
"2551","22b77d7829c68dcd","E2:1F:7B:35:CC:08","16.96969696969697","0","0.2741228070175439","2","165","2022-05-20T10:38:00.000Z","1653043080",
"2551","22b77d7829c68dcd","E2:1F:7B:35:CC:08","36.36363636363637","3","0.31887755102040816","0","165","2022-05-20T10:39:00.000Z","1653043140",
"2551","22b77d7829c68dcd","E2:1F:7B:35:CC:08","23.03030303030303","0","0.3324468085106383","0","165","2022-05-20T10:40:00.000Z","1653043200",
"2551","22b77d7829c68dcd","E2:1F:7B:35:CC:08","18.181818181818183","0","0.3324468085106383","0","165","2022-05-20T10:41:00.000Z","1653043260",
"2551","22b77d7829c68dcd","E2:1F:7B:35:CC:08","23.03030303030303","0","0.31887755102040816","0","165","2022-05-20T10:42:00.000Z","1653043320",
"2551","22b77d7829c68dcd","E2:1F:7B:35:CC:08","25.454545454545453","0","0.31887755102040816","0","165","2022-05-20T10:43:00.000Z","1653043380",
"2551","22b77d7829c68dcd","E2:1F:7B:35:CC:08","25.454545454545453","0","0.3125","8","165","2022-05-20T10:44:00.000Z","1653043440",
"2551","22b77d7829c68dcd","E2:1F:7B:35:CC:08","20.606060606060606","0","0.3324468085106383","0","165","2022-05-20T10:45:00.000Z","1653043500",
"2551","22b77d7829c68dcd","E2:1F:7B:35:CC:08","16.96969696969697","0","0.3324468085106383","0","165","2022-05-20T10:46:00.000Z","1653043560",
"2551","22b77d7829c68dcd","E2:1F:7B:35:CC:08","18.181818181818183","1","0.3472222222222222","0","165","2022-05-20T10:47:00.000Z","1653043620",
"2551","22b77d7829c68dcd","E2:1F:7B:35:CC:08","15.757575757575758","0","0.3472222222222222","0","165","2022-05-20T10:48:00.000Z","1653043680",
"2551","22b77d7829c68dcd","E2:1F:7B:35:CC:08","16.96969696969697","0","0.3472222222222222","0","165","2022-05-20T10:49:00.000Z","1653043740",
"2551","22b77d7829c68dcd","E2:1F:7B:35:CC:08","9.696969696969697","0","0.3472222222222222","0","165","2022-05-20T10:50:00.000Z","1653043800",
"2551","22b77d7829c68dcd","E2:1F:7B:35:CC:08","16.96969696969697","0","0.35511363636363635","0","165","2022-05-20T10:51:00.000Z","1653043860",
"2551","22b77d7829c68dcd","E2:1F:7B:35:CC:08","13.333333333333334","0","0.35511363636363635","0","165","2022-05-20T10:52:00.000Z","1653043920",
"2551","22b77d7829c68dcd","E2:1F:7B:35:CC:08","12.121212121212121","0","0.35511363636363635","0","165","2022-05-20T10:53:00.000Z","1653043980",
"2551","22b77d7829c68dcd","E2:1F:7B:35:CC:08","8.484848484848484","0","0.3633720930232558","0","165","2022-05-20T10:54:00.000Z","1653044040",
"2551","22b77d7829c68dcd","E2:1F:7B:35:CC:08","9.696969696969697","0","0.3633720930232558","0","165","2022-05-20T10:55:00.000Z","1653044100",
"2551","22b77d7829c68dcd","E2:1F:7B:35:CC:08","9.696969696969697","0","0.37202380952380953","0","165","2022-05-20T10:56:00.000Z","1653044160",
"2551","22b77d7829c68dcd","E2:1F:7B:35:CC:08","10.909090909090908","0","0.37202380952380953","0","165","2022-05-20T10:57:00.000Z","1653044220",
"2551","22b77d7829c68dcd","E2:1F:7B:35:CC:08","16.96969696969697","0","0.390625","0","165","2022-05-20T10:58:00.000Z","1653044280",
"2551","22b77d7829c68dcd","E2:1F:7B:35:CC:08","20.606060606060606","0","0.38109756097560976","1","165","2022-05-20T10:59:00.000Z","1653044340",
"2551","22b77d7829c68dcd","E2:1F:7B:35:CC:08","38.78787878787879","0","0.35511363636363635","1","165","2022-05-20T11:00:00.000Z","1653044400",
"2551","22b77d7829c68dcd","E2:1F:7B:35:CC:08","35.15151515151515","0","0.38109756097560976","0","165","2022-05-20T11:01:00.000Z","1653044460",
"2551","22b77d7829c68dcd","E2:1F:7B:35:CC:08","24.242424242424242","2","0.37202380952380953","0","165","2022-05-20T11:02:00.000Z","1653044520",
"2551","22b77d7829c68dcd","E2:1F:7B:35:CC:08","20.606060606060606","0","0.40064102564102566","0","165","2022-05-20T11:03:00.000Z","1653044580",
"2551","22b77d7829c68dcd","E2:1F:7B:35:CC:08","29.09090909090909","0","0.38109756097560976","0","165","2022-05-20T11:04:00.000Z","1653044640",
"2551","22b77d7829c68dcd","E2:1F:7B:35:CC:08","38.78787878787879","2","0.3633720930232558","1","165","2022-05-20T11:05:00.000Z","1653044700",
"2551","22b77d7829c68dcd","E2:1F:7B:35:CC:08","29.09090909090909","0","0.37202380952380953","0","165","2022-05-20T11:06:00.000Z","1653044760",
"2551","22b77d7829c68dcd","E2:1F:7B:35:CC:08","30.303030303030305","0","0.38109756097560976","0","165","2022-05-20T11:07:00.000Z","1653044820",
"2551","22b77d7829c68dcd","E2:1F:7B:35:CC:08","20.606060606060606","0","0.37202380952380953","0","165","2022-05-20T11:08:00.000Z","1653044880",
"2551","22b77d7829c68dcd","E2:1F:7B:35:CC:08","14.545454545454545","0","0.390625","0","165","2022-05-20T11:09:00.000Z","1653044940",
"2551","22b77d7829c68dcd","E2:1F:7B:35:CC:08","16.96969696969697","0","0.390625","0","165","2022-05-20T11:10:00.000Z","1653045000",
"2551","22b77d7829c68dcd","E2:1F:7B:35:CC:08","10.909090909090908","0","0.40064102564102566","0","165","2022-05-20T11:11:00.000Z","1653045060",
"2551","22b77d7829c68dcd","E2:1F:7B:35:CC:08","16.96969696969697","0","0.390625","0","165","2022-05-20T11:12:00.000Z","1653045120",
"2551","22b77d7829c68dcd","E2:1F:7B:35:CC:08","14.545454545454545","0","0.37202380952380953","0","165","2022-05-20T11:13:00.000Z","1653045180",
"2551","22b77d7829c68dcd","E2:1F:7B:35:CC:08","12.121212121212121","0","0.390625","0","165","2022-05-20T11:14:00.000Z","1653045240",
"2551","22b77d7829c68dcd","E2:1F:7B:35:CC:08","18.181818181818183","1","0.38109756097560976","0","165","2022-05-20T11:15:00.000Z","1653045300",
"2551","22b77d7829c68dcd","E2:1F:7B:35:CC:08","31.515151515151516","1","0.38109756097560976","0","165","2022-05-20T11:16:00.000Z","1653045360",
"2551","22b77d7829c68dcd","E2:1F:7B:35:CC:08","25.454545454545453","0","0.40064102564102566","0","165","2022-05-20T11:17:00.000Z","1653045420",
"2551","22b77d7829c68dcd","E2:1F:7B:35:CC:08","31.515151515151516","0","0.38109756097560976","0","165","2022-05-20T11:18:00.000Z","1653045480",
"2551","22b77d7829c68dcd","E2:1F:7B:35:CC:08","23.03030303030303","0","0.37202380952380953","0","165","2022-05-20T11:19:00.000Z","1653045540",
"2551","22b77d7829c68dcd","E2:1F:7B:35:CC:08","26.666666666666668","2","0.390625","0","165","2022-05-20T11:20:00.000Z","1653045600",
"2551","22b77d7829c68dcd","E2:1F:7B:35:CC:08","20.606060606060606","1","0.35511363636363635","0","165","2022-05-20T11:21:00.000Z","1653045660",
"2551","22b77d7829c68dcd","E2:1F:7B:35:CC:08","19.393939393939394","0","0.390625","0","165","2022-05-20T11:22:00.000Z","1653045720",
"2551","22b77d7829c68dcd","E2:1F:7B:35:CC:08","36.36363636363637","3","0.41118421052631576","4","165","2022-05-20T11:23:00.000Z","1653045780",
"2551","22b77d7829c68dcd","E2:1F:7B:35:CC:08","32.72727272727273","1","0.3633720930232558","0","165","2022-05-20T11:24:00.000Z","1653045840",
"2551","22b77d7829c68dcd","E2:1F:7B:35:CC:08","19.393939393939394","0","0.3633720930232558","0","165","2022-05-20T11:25:00.000Z","1653045900",
"2551","22b77d7829c68dcd","E2:1F:7B:35:CC:08","23.03030303030303","1","0.40064102564102566","0","165","2022-05-20T11:26:00.000Z","1653045960",
"2551","22b77d7829c68dcd","E2:1F:7B:35:CC:08","27.87878787878788","0","0.3004807692307692","16","165","2022-05-20T11:27:00.000Z","1653046020",
"2551","22b77d7829c68dcd","E2:1F:7B:35:CC:08","40","6","0.25614754098360654","28","165","2022-05-20T11:28:00.000Z","1653046080",
"2551","22b77d7829c68dcd","E2:1F:7B:35:CC:08","67.87878787878788","5","0.31887755102040816","42","165","2022-05-20T11:29:00.000Z","1653046140",
"2551","22b77d7829c68dcd","E2:1F:7B:35:CC:08","60.60606060606061","3","0.35511363636363635","54","165","2022-05-20T11:30:00.000Z","1653046200",
"2551","22b77d7829c68dcd","E2:1F:7B:35:CC:08","33.93939393939394","0","0.37202380952380953","71","165","2022-05-20T11:31:00.000Z","1653046260",
"2551","22b77d7829c68dcd","E2:1F:7B:35:CC:08","49.696969696969695","2","0.44642857142857145","25","165","2022-05-20T11:32:00.000Z","1653046320",
"2551","22b77d7829c68dcd","E2:1F:7B:35:CC:08","95.75757575757575","8","0.6793478260869565","5","165","2022-05-20T11:33:00.000Z","1653046380",
"2551","22b77d7829c68dcd","E2:1F:7B:35:CC:08","77.57575757575758","4","0.78125","0","165","2022-05-20T11:34:00.000Z","1653046440",
"2551","22b77d7829c68dcd","E2:1F:7B:35:CC:08","52.121212121212125","7","0.6510416666666666","0","165","2022-05-20T11:35:00.000Z","1653046500",
"2551","22b77d7829c68dcd","E2:1F:7B:35:CC:08","67.87878787878788","7","0.7440476190476191","2","165","2022-05-20T11:36:00.000Z","1653046560",
"2551","22b77d7829c68dcd","E2:1F:7B:35:CC:08","82.42424242424242","5","0.9191176470588235","0","165","2022-05-20T11:37:00.000Z","1653046620",
"2551","22b77d7829c68dcd","E2:1F:7B:35:CC:08","93.33333333333333","7","1.0416666666666667","1","165","2022-05-20T11:38:00.000Z","1653046680",
"2551","22b77d7829c68dcd","E2:1F:7B:35:CC:08","82.42424242424242","8","1.0416666666666667","0","165","2022-05-20T11:39:00.000Z","1653046740",
"2551","22b77d7829c68dcd","E2:1F:7B:35:CC:08","71.51515151515152","5","1.1160714285714286","1","165","2022-05-20T11:40:00.000Z","1653046800",
"2551","22b77d7829c68dcd","E2:1F:7B:35:CC:08","67.87878787878788","5","0.9191176470588235","2","165","2022-05-20T11:41:00.000Z","1653046860",
"2551","22b77d7829c68dcd","E2:1F:7B:35:CC:08","67.87878787878788","3","0.625","23","165","2022-05-20T11:42:00.000Z","1653046920",
"2551","22b77d7829c68dcd","E2:1F:7B:35:CC:08","58.18181818181818","3","0.7102272727272727","1","165","2022-05-20T11:43:00.000Z","1653046980",
"2551","22b77d7829c68dcd","E2:1F:7B:35:CC:08","43.63636363636363","2","0.6793478260869565","44","165","2022-05-20T11:44:00.000Z","1653047040",
"2551","22b77d7829c68dcd","E2:1F:7B:35:CC:08","48.484848484848484","16","1.1160714285714286","40","165","2022-05-20T11:45:00.000Z","1653047100",
"2551","22b77d7829c68dcd","E2:1F:7B:35:CC:08","95.75757575757575","6","1.5625","8","165","2022-05-20T11:46:00.000Z","1653047160",
"2551","22b77d7829c68dcd","E2:1F:7B:35:CC:08","100","7","1.7361111111111112","0","165","2022-05-20T11:47:00.000Z","1653047220",
"2551","22b77d7829c68dcd","E2:1F:7B:35:CC:08","100","4","1.5625","4","165","2022-05-20T11:48:00.000Z","1653047280",
"2551","22b77d7829c68dcd","E2:1F:7B:35:CC:08","99.39393939393939","4","1.5625","1","165","2022-05-20T11:49:00.000Z","1653047340",
"2551","22b77d7829c68dcd","E2:1F:7B:35:CC:08","82.42424242424242","4","1.953125","29","165","2022-05-20T11:50:00.000Z","1653047400",
"2551","22b77d7829c68dcd","E2:1F:7B:35:CC:08","86.06060606060606","2","1.5625","8","165","2022-05-20T11:51:00.000Z","1653047460",
"2551","22b77d7829c68dcd","E2:1F:7B:35:CC:08","100","3","1.5625","0","165","2022-05-20T11:52:00.000Z","1653047520",
"2551","22b77d7829c68dcd","E2:1F:7B:35:CC:08","89.6969696969697","0","1.4204545454545454","0","165","2022-05-20T11:53:00.000Z","1653047580",
"2551","22b77d7829c68dcd","E2:1F:7B:35:CC:08","96.96969696969697","2","1.5625","0","165","2022-05-20T11:54:00.000Z","1653047640",
"2551","22b77d7829c68dcd","E2:1F:7B:35:CC:08","88.48484848484848","5","1.5625","0","165","2022-05-20T11:55:00.000Z","1653047700",
"2551","22b77d7829c68dcd","E2:1F:7B:35:CC:08","100","4","1.7361111111111112","4","165","2022-05-20T11:56:00.000Z","1653047760",
"2551","22b77d7829c68dcd","E2:1F:7B:35:CC:08","100","7","1.7361111111111112","2","165","2022-05-20T11:57:00.000Z","1653047820",
"2551","22b77d7829c68dcd","E2:1F:7B:35:CC:08","100","2","2.232142857142857","1","165","2022-05-20T11:58:00.000Z","1653047880",
"2551","22b77d7829c68dcd","E2:1F:7B:35:CC:08","100","11","2.232142857142857","1","165","2022-05-20T11:59:00.000Z","1653047940",
"2551","22b77d7829c68dcd","E2:1F:7B:35:CC:08","100","8","2.6041666666666665","1","165","2022-05-20T12:00:00.000Z","1653048000",
"2551","22b77d7829c68dcd","E2:1F:7B:35:CC:08","92.12121212121212","6","2.6041666666666665","0","165","2022-05-20T12:01:00.000Z","1653048060",
"2551","22b77d7829c68dcd","E2:1F:7B:35:CC:08","95.75757575757575","5","2.6041666666666665","2","165","2022-05-20T12:02:00.000Z","1653048120",
"2551","22b77d7829c68dcd","E2:1F:7B:35:CC:08","89.6969696969697","4","1.7361111111111112","1","165","2022-05-20T12:03:00.000Z","1653048180",
"2551","22b77d7829c68dcd","E2:1F:7B:35:CC:08","89.6969696969697","7","2.232142857142857","0","165","2022-05-20T12:04:00.000Z","1653048240",
"2551","22b77d7829c68dcd","E2:1F:7B:35:CC:08","100","7","2.232142857142857","5","165","2022-05-20T12:05:00.000Z","1653048300",
"2551","22b77d7829c68dcd","E2:1F:7B:35:CC:08","81.21212121212122","3","2.232142857142857","1","165","2022-05-20T12:06:00.000Z","1653048360",
"2551","22b77d7829c68dcd","E2:1F:7B:35:CC:08","60.60606060606061","2","2.232142857142857","1","165","2022-05-20T12:07:00.000Z","1653048420",
"2551","22b77d7829c68dcd","E2:1F:7B:35:CC:08","81.21212121212122","8","2.6041666666666665","0","165","2022-05-20T12:08:00.000Z","1653048480",
"2551","22b77d7829c68dcd","E2:1F:7B:35:CC:08","100","2","2.232142857142857","0","165","2022-05-20T12:09:00.000Z","1653048540",
"2551","22b77d7829c68dcd","E2:1F:7B:35:CC:08","82.42424242424242","4","2.232142857142857","1","165","2022-05-20T12:10:00.000Z","1653048600",
"2551","22b77d7829c68dcd","E2:1F:7B:35:CC:08","98.18181818181819","4","1.953125","0","165","2022-05-20T12:11:00.000Z","1653048660",
"2551","22b77d7829c68dcd","E2:1F:7B:35:CC:08","100","6","2.6041666666666665","2","165","2022-05-20T12:12:00.000Z","1653048720",
"2551","22b77d7829c68dcd","E2:1F:7B:35:CC:08","100","2","2.232142857142857","0","165","2022-05-20T12:13:00.000Z","1653048780",
"2551","22b77d7829c68dcd","E2:1F:7B:35:CC:08","88.48484848484848","5","2.232142857142857","1","165","2022-05-20T12:14:00.000Z","1653048840",
"2551","22b77d7829c68dcd","E2:1F:7B:35:CC:08","70.3030303030303","3","1.953125","0","165","2022-05-20T12:15:00.000Z","1653048900",
"2551","22b77d7829c68dcd","E2:1F:7B:35:CC:08","63.03030303030303","2","2.232142857142857","0","165","2022-05-20T12:16:00.000Z","1653048960",
"2551","22b77d7829c68dcd","E2:1F:7B:35:CC:08","77.57575757575758","5","2.232142857142857","1","165","2022-05-20T12:17:00.000Z","1653049020",
"2551","22b77d7829c68dcd","E2:1F:7B:35:CC:08","64.24242424242425","5","1.953125","0","165","2022-05-20T12:18:00.000Z","1653049080",
"2551","22b77d7829c68dcd","E2:1F:7B:35:CC:08","70.3030303030303","6","1.953125","1","165","2022-05-20T12:19:00.000Z","1653049140",
"2551","22b77d7829c68dcd","E2:1F:7B:35:CC:08","84.84848484848484","7","2.232142857142857","0","165","2022-05-20T12:20:00.000Z","1653049200",
"2551","22b77d7829c68dcd","E2:1F:7B:35:CC:08","81.21212121212122","2","2.6041666666666665","9","165","2022-05-20T12:21:00.000Z","1653049260",
"2551","22b77d7829c68dcd","E2:1F:7B:35:CC:08","100","3","2.232142857142857","2","165","2022-05-20T12:22:00.000Z","1653049320",
"2551","22b77d7829c68dcd","E2:1F:7B:35:CC:08","86.06060606060606","3","1.953125","1","165","2022-05-20T12:25:00.000Z","1653049500",
"2551","22b77d7829c68dcd","E2:1F:7B:35:CC:08","59.39393939393939","3","1.7361111111111112","1","165","2022-05-20T12:26:00.000Z","1653049560",
"2551","22b77d7829c68dcd","E2:1F:7B:35:CC:08","36.36363636363637","1","1.4204545454545454","0","165","2022-05-20T12:27:00.000Z","1653049620",
"2551","22b77d7829c68dcd","E2:1F:7B:35:CC:08","31.515151515151516","5","1.7361111111111112","1","165","2022-05-20T12:28:00.000Z","1653049680",
"2551","22b77d7829c68dcd","E2:1F:7B:35:CC:08","54.54545454545455","3","1.5625","0","165","2022-05-20T12:29:00.000Z","1653049740",
"2551","22b77d7829c68dcd","E2:1F:7B:35:CC:08","42.42424242424242","1","1.4204545454545454","2","165","2022-05-20T12:30:00.000Z","1653049800",
"2551","22b77d7829c68dcd","E2:1F:7B:35:CC:08","52.121212121212125","6","1.5625","4","165","2022-05-20T12:31:00.000Z","1653049860",
"2551","22b77d7829c68dcd","E2:1F:7B:35:CC:08","50.90909090909091","2","1.5625","0","165","2022-05-20T12:32:00.000Z","1653049920",
"2551","22b77d7829c68dcd","E2:1F:7B:35:CC:08","53.333333333333336","6","1.953125","1","165","2022-05-20T12:33:00.000Z","1653049980",
"2551","22b77d7829c68dcd","E2:1F:7B:35:CC:08","56.96969696969697","5","1.7361111111111112","0","165","2022-05-20T12:34:00.000Z","1653050040",
"2551","22b77d7829c68dcd","E2:1F:7B:35:CC:08","64.24242424242425","8","3.125","4","165","2022-05-20T12:35:00.000Z","1653050100",
"2551","22b77d7829c68dcd","E2:1F:7B:35:CC:08","80","4","2.6041666666666665","1","165","2022-05-20T12:36:00.000Z","1653050160",
"2551","22b77d7829c68dcd","E2:1F:7B:35:CC:08","80","3","2.232142857142857","1","165","2022-05-20T12:37:00.000Z","1653050220",
"2551","22b77d7829c68dcd","E2:1F:7B:35:CC:08","76.36363636363636","2","2.6041666666666665","0","165","2022-05-20T12:38:00.000Z","1653050280",
"2551","22b77d7829c68dcd","E2:1F:7B:35:CC:08","75.15151515151516","1","1.953125","1","165","2022-05-20T12:39:00.000Z","1653050340",
"2551","22b77d7829c68dcd","E2:1F:7B:35:CC:08","66.66666666666667","4","2.232142857142857","2","165","2022-05-20T12:40:00.000Z","1653050400",
"2551","22b77d7829c68dcd","E2:1F:7B:35:CC:08","70.3030303030303","4","2.6041666666666665","0","165","2022-05-20T12:41:00.000Z","1653050460",
"2551","22b77d7829c68dcd","E2:1F:7B:35:CC:08","64.24242424242425","5","2.6041666666666665","8","165","2022-05-20T12:42:00.000Z","1653050520",
"2551","22b77d7829c68dcd","E2:1F:7B:35:CC:08","78.3132530120482","5","2.232142857142857","2","166","2022-05-20T12:44:00.000Z","1653050640",
"2551","22b77d7829c68dcd","E2:1F:7B:35:CC:08","100","10","2.6041666666666665","5","166","2022-05-20T12:45:00.000Z","1653050700",
"2551","22b77d7829c68dcd","E2:1F:7B:35:CC:08","98.79518072289157","5","2.6041666666666665","8","166","2022-05-20T12:46:00.000Z","1653050760",
"2551","22b77d7829c68dcd","E2:1F:7B:35:CC:08","93.97590361445783","6","2.6041666666666665","8","166","2022-05-20T12:47:00.000Z","1653050820",
"2551","22b77d7829c68dcd","E2:1F:7B:35:CC:08","100","4","2.232142857142857","5","166","2022-05-20T12:48:00.000Z","1653050880",
"2551","22b77d7829c68dcd","E2:1F:7B:35:CC:08","91.56626506024097","6","2.6041666666666665","7","166","2022-05-20T12:49:00.000Z","1653050940",
"2551","22b77d7829c68dcd","E2:1F:7B:35:CC:08","100","5","2.6041666666666665","14","166","2022-05-20T12:50:00.000Z","1653051000",
"2551","22b77d7829c68dcd","E2:1F:7B:35:CC:08","100","8","2.6041666666666665","14","166","2022-05-20T12:51:00.000Z","1653051060",
"2551","22b77d7829c68dcd","E2:1F:7B:35:CC:08","100","4","3.125","1","166","2022-05-20T12:52:00.000Z","1653051120",
"2551","22b77d7829c68dcd","E2:1F:7B:35:CC:08","93.97590361445783","5","2.232142857142857","7","166","2022-05-20T12:53:00.000Z","1653051180",
"2551","22b77d7829c68dcd","E2:1F:7B:35:CC:08","91.56626506024097","7","2.232142857142857","7","166","2022-05-20T12:54:00.000Z","1653051240",
"2551","22b77d7829c68dcd","E2:1F:7B:35:CC:08","91.56626506024097","3","1.7361111111111112","8","166","2022-05-20T12:55:00.000Z","1653051300",
"2551","22b77d7829c68dcd","E2:1F:7B:35:CC:08","91.56626506024097","5","2.232142857142857","14","166","2022-05-20T12:56:00.000Z","1653051360",
"2551","22b77d7829c68dcd","E2:1F:7B:35:CC:08","83.13253012048193","3","1.5625","4","166","2022-05-20T12:57:00.000Z","1653051420",
"2551","22b77d7829c68dcd","E2:1F:7B:35:CC:08","78.3132530120482","0","1.953125","7","166","2022-05-20T12:58:00.000Z","1653051480",
"2551","22b77d7829c68dcd","E2:1F:7B:35:CC:08","84.33734939759036","5","2.232142857142857","1","166","2022-05-20T12:59:00.000Z","1653051540",
"2551","22b77d7829c68dcd","E2:1F:7B:35:CC:08","84.33734939759036","4","2.232142857142857","2","166","2022-05-20T13:00:00.000Z","1653051600",
"2551","22b77d7829c68dcd","E2:1F:7B:35:CC:08","86.74698795180723","8","2.6041666666666665","5","166","2022-05-20T13:01:00.000Z","1653051660",
"2551","22b77d7829c68dcd","E2:1F:7B:35:CC:08","95.18072289156626","5","2.6041666666666665","7","166","2022-05-20T13:02:00.000Z","1653051720",
"2551","22b77d7829c68dcd","E2:1F:7B:35:CC:08","91.56626506024097","0","1.4204545454545454","1","166","2022-05-20T13:03:00.000Z","1653051780",
"2551","22b77d7829c68dcd","E2:1F:7B:35:CC:08","89.1566265060241","0","1.1160714285714286","2","166","2022-05-20T13:04:00.000Z","1653051840",
"2551","22b77d7829c68dcd","E2:1F:7B:35:CC:08","71.08433734939759","5","1.0416666666666667","2","166","2022-05-20T13:05:00.000Z","1653051900",
"2551","22b77d7829c68dcd","E2:1F:7B:35:CC:08","57.83132530120482","7","1.0416666666666667","0","166","2022-05-20T13:06:00.000Z","1653051960",
"2551","22b77d7829c68dcd","E2:1F:7B:35:CC:08","56.626506024096386","6","1.1160714285714286","0","166","2022-05-20T13:07:00.000Z","1653052020",
"2551","22b77d7829c68dcd","E2:1F:7B:35:CC:08","51.80722891566265","6","0.9191176470588235","8","166","2022-05-20T13:08:00.000Z","1653052080",
"2551","22b77d7829c68dcd","E2:1F:7B:35:CC:08","71.08433734939759","6","1.0416666666666667","33","166","2022-05-20T13:09:00.000Z","1653052140",
"2551","22b77d7829c68dcd","E2:1F:7B:35:CC:08","67.46987951807229","5","0.7102272727272727","22","166","2022-05-20T13:10:00.000Z","1653052200",
"2551","22b77d7829c68dcd","E2:1F:7B:35:CC:08","63.855421686746986","13","0.8223684210526315","18","166","2022-05-20T13:11:00.000Z","1653052260",
"2551","22b77d7829c68dcd","E2:1F:7B:35:CC:08","68.67469879518072","10","0.8680555555555556","23","166","2022-05-20T13:12:00.000Z","1653052320",
"2551","22b77d7829c68dcd","E2:1F:7B:35:CC:08","67.46987951807229","7","1.1160714285714286","1","166","2022-05-20T13:13:00.000Z","1653052380",
"2551","22b77d7829c68dcd","E2:1F:7B:35:CC:08","84.33734939759036","9","1.3020833333333333","1","166","2022-05-20T13:14:00.000Z","1653052440",
"2551","22b77d7829c68dcd","E2:1F:7B:35:CC:08","60.24096385542169","1","1.2019230769230769","1","166","2022-05-20T13:15:00.000Z","1653052500",
"2551","22b77d7829c68dcd","E2:1F:7B:35:CC:08","50.602409638554214","4","1.4204545454545454","0","166","2022-05-20T13:16:00.000Z","1653052560",
"2551","22b77d7829c68dcd","E2:1F:7B:35:CC:08","63.855421686746986","2","1.3020833333333333","0","166","2022-05-20T13:17:00.000Z","1653052620",
"2551","22b77d7829c68dcd","E2:1F:7B:35:CC:08","50.602409638554214","2","1.3020833333333333","0","166","2022-05-20T13:18:00.000Z","1653052680",
"2551","22b77d7829c68dcd","E2:1F:7B:35:CC:08","48.19277108433735","1","1.3020833333333333","1","166","2022-05-20T13:19:00.000Z","1653052740",
"2551","22b77d7829c68dcd","E2:1F:7B:35:CC:08","54.21686746987952","5","1.4204545454545454","0","166","2022-05-20T13:20:00.000Z","1653052800",
"2551","22b77d7829c68dcd","E2:1F:7B:35:CC:08","45.78313253012048","1","1.3020833333333333","0","166","2022-05-20T13:21:00.000Z","1653052860",
"2551","22b77d7829c68dcd","E2:1F:7B:35:CC:08","39.75903614457831","1","1.3020833333333333","0","166","2022-05-20T13:22:00.000Z","1653052920",
"2551","22b77d7829c68dcd","E2:1F:7B:35:CC:08","38.55421686746988","1","1.7361111111111112","0","166","2022-05-20T13:23:00.000Z","1653052980",
"2551","22b77d7829c68dcd","E2:1F:7B:35:CC:08","27.710843373493976","1","1.953125","0","166","2022-05-20T13:24:00.000Z","1653053040",
"2551","22b77d7829c68dcd","E2:1F:7B:35:CC:08","20.481927710843372","0","1.0416666666666667","0","166","2022-05-20T13:25:00.000Z","1653053100",
"2551","22b77d7829c68dcd","E2:1F:7B:35:CC:08","45.78313253012048","4","0.9765625","0","166","2022-05-20T13:26:00.000Z","1653053160",
"2551","22b77d7829c68dcd","E2:1F:7B:35:CC:08","45.78313253012048","0","0.9765625","0","166","2022-05-20T13:27:00.000Z","1653053220",
"2551","22b77d7829c68dcd","E2:1F:7B:35:CC:08","28.91566265060241","0","0.9765625","0","166","2022-05-20T13:28:00.000Z","1653053280",
"2551","22b77d7829c68dcd","E2:1F:7B:35:CC:08","38.55421686746988","4","0.78125","1","166","2022-05-20T13:29:00.000Z","1653053340",
"2551","22b77d7829c68dcd","E2:1F:7B:35:CC:08","42.16867469879518","2","0.8680555555555556","2","166","2022-05-20T13:30:00.000Z","1653053400",
"2551","22b77d7829c68dcd","E2:1F:7B:35:CC:08","50.602409638554214","2","0.9765625","2","166","2022-05-20T13:31:00.000Z","1653053460",
"2551","22b77d7829c68dcd","E2:1F:7B:35:CC:08","50.602409638554214","6","0.5580357142857143","16","166","2022-05-20T13:32:00.000Z","1653053520",
"2551","22b77d7829c68dcd","E2:1F:7B:35:CC:08","72.28915662650603","6","0.5580357142857143","26","166","2022-05-20T13:33:00.000Z","1653053580",
"2551","22b77d7829c68dcd","E2:1F:7B:35:CC:08","84.33734939759036","6","0.7102272727272727","21","166","2022-05-20T13:34:00.000Z","1653053640",
"2551","22b77d7829c68dcd","E2:1F:7B:35:CC:08","55.42168674698795","3","0.7440476190476191","5","166","2022-05-20T13:35:00.000Z","1653053700",
"2551","22b77d7829c68dcd","E2:1F:7B:35:CC:08","48.19277108433735","5","0.5580357142857143","8","166","2022-05-20T13:36:00.000Z","1653053760",
"2551","22b77d7829c68dcd","E2:1F:7B:35:CC:08","54.21686746987952","5","0.4734848484848485","5","166","2022-05-20T13:37:00.000Z","1653053820",
"2551","22b77d7829c68dcd","E2:1F:7B:35:CC:08","60.24096385542169","9","0.5040322580645161","37","166","2022-05-20T13:38:00.000Z","1653053880",
"2551","22b77d7829c68dcd","E2:1F:7B:35:CC:08","67.46987951807229","11","0.6009615384615384","33","166","2022-05-20T13:39:00.000Z","1653053940",
"2551","22b77d7829c68dcd","E2:1F:7B:35:CC:08","59.036144578313255","5","0.6510416666666666","36","166","2022-05-20T13:40:00.000Z","1653054000",
"2551","22b77d7829c68dcd","E2:1F:7B:35:CC:08","53.01204819277108","3","0.7102272727272727","15","166","2022-05-20T13:41:00.000Z","1653054060",
"2551","22b77d7829c68dcd","E2:1F:7B:35:CC:08","49.397590361445786","4","0.5787037037037037","7","166","2022-05-20T13:42:00.000Z","1653054120",
"2551","22b77d7829c68dcd","E2:1F:7B:35:CC:08","49.397590361445786","5","0.6510416666666666","4","166","2022-05-20T13:43:00.000Z","1653054180",
"2551","22b77d7829c68dcd","E2:1F:7B:35:CC:08","62.65060240963855","9","0.6793478260869565","0","166","2022-05-20T13:44:00.000Z","1653054240",
"2551","22b77d7829c68dcd","E2:1F:7B:35:CC:08","66.26506024096386","5","0.3324468085106383","4","166","2022-05-20T13:45:00.000Z","1653054300",
"2551","22b77d7829c68dcd","E2:1F:7B:35:CC:08","68.67469879518072","6","0.6510416666666666","1","166","2022-05-20T13:46:00.000Z","1653054360",
"2551","22b77d7829c68dcd","E2:1F:7B:35:CC:08","71.08433734939759","0","0.19054878048780488","0","166","2022-05-20T13:47:00.000Z","1653054420",
"2551","22b77d7829c68dcd","E2:1F:7B:35:CC:08","72.28915662650603","0","0.4222972972972973","1","166","2022-05-20T13:48:00.000Z","1653054480",
"2551","22b77d7829c68dcd","E2:1F:7B:35:CC:08","72.28915662650603","7","0.6009615384615384","0","166","2022-05-20T13:49:00.000Z","1653054540",
"2551","22b77d7829c68dcd","E2:1F:7B:35:CC:08","73.49397590361446","9","0.30637254901960786","0","166","2022-05-20T13:50:00.000Z","1653054600",
"2551","22b77d7829c68dcd","E2:1F:7B:35:CC:08","78.3132530120482","4","0.78125","0","166","2022-05-20T13:51:00.000Z","1653054660",
"2551","22b77d7829c68dcd","E2:1F:7B:35:CC:08","80.72289156626506","2","0.41118421052631576","0","166","2022-05-20T13:52:00.000Z","1653054720",
"2551","22b77d7829c68dcd","E2:1F:7B:35:CC:08","80.72289156626506","4","0.5208333333333334","2","166","2022-05-20T13:53:00.000Z","1653054780",
"2551","22b77d7829c68dcd","E2:1F:7B:35:CC:08","69.87951807228916","6","0.44642857142857145","0","166","2022-05-20T13:54:00.000Z","1653054840",
"2551","22b77d7829c68dcd","E2:1F:7B:35:CC:08","74.6987951807229","10","0.44642857142857145","2","166","2022-05-20T13:55:00.000Z","1653054900",
"2551","22b77d7829c68dcd","E2:1F:7B:35:CC:08","81.92771084337349","8","0.5787037037037037","1","166","2022-05-20T13:56:00.000Z","1653054960",
"2551","22b77d7829c68dcd","E2:1F:7B:35:CC:08","73.49397590361446","6","0.48828125","0","166","2022-05-20T13:57:00.000Z","1653055020",
"2551","22b77d7829c68dcd","E2:1F:7B:35:CC:08","67.46987951807229","3","0.6009615384615384","0","166","2022-05-20T13:58:00.000Z","1653055080",
"2551","22b77d7829c68dcd","E2:1F:7B:35:CC:08","40.963855421686745","3","0.625","0","166","2022-05-20T13:59:00.000Z","1653055140",
"2551","22b77d7829c68dcd","E2:1F:7B:35:CC:08","37.34939759036145","3","0.5580357142857143","0","166","2022-05-20T14:00:00.000Z","1653055200",
"2551","22b77d7829c68dcd","E2:1F:7B:35:CC:08","45.78313253012048","4","0.5580357142857143","4","166","2022-05-20T14:01:00.000Z","1653055260",
"2551","22b77d7829c68dcd","E2:1F:7B:35:CC:08","49.397590361445786","3","0.5387931034482759","1","166","2022-05-20T14:02:00.000Z","1653055320",
"2551","22b77d7829c68dcd","E2:1F:7B:35:CC:08","59.036144578313255","5","0.6009615384615384","0","166","2022-05-20T14:03:00.000Z","1653055380",
"2551","22b77d7829c68dcd","E2:1F:7B:35:CC:08","71.08433734939759","10","0.5580357142857143","7","166","2022-05-20T14:04:00.000Z","1653055440",
"2551","22b77d7829c68dcd","E2:1F:7B:35:CC:08","66.26506024096386","2","0.4222972972972973","35","166","2022-05-20T14:05:00.000Z","1653055500",
"2551","22b77d7829c68dcd","E2:1F:7B:35:CC:08","61.44578313253012","5","0.390625","2","166","2022-05-20T14:06:00.000Z","1653055560",
"2551","22b77d7829c68dcd","E2:1F:7B:35:CC:08","73.49397590361446","7","0.390625","4","166","2022-05-20T14:07:00.000Z","1653055620",
"2551","22b77d7829c68dcd","E2:1F:7B:35:CC:08","72.28915662650603","4","0.6009615384615384","9","166","2022-05-20T14:08:00.000Z","1653055680",
"2551","22b77d7829c68dcd","E2:1F:7B:35:CC:08","75.90361445783132","6","0.78125","4","166","2022-05-20T14:09:00.000Z","1653055740",
"2551","22b77d7829c68dcd","E2:1F:7B:35:CC:08","59.036144578313255","4","0.6510416666666666","1","166","2022-05-20T14:10:00.000Z","1653055800",
"2551","22b77d7829c68dcd","E2:1F:7B:35:CC:08","50.602409638554214","4","0.6510416666666666","0","166","2022-05-20T14:11:00.000Z","1653055860",
"2551","22b77d7829c68dcd","E2:1F:7B:35:CC:08","46.98795180722892","3","0.7440476190476191","0","166","2022-05-20T14:12:00.000Z","1653055920",
"2551","22b77d7829c68dcd","E2:1F:7B:35:CC:08","32.53012048192771","2","0.78125","0","166","2022-05-20T14:13:00.000Z","1653055980",
"2551","22b77d7829c68dcd","E2:1F:7B:35:CC:08","27.710843373493976","2","0.78125","0","166","2022-05-20T14:14:00.000Z","1653056040",
"2551","22b77d7829c68dcd","E2:1F:7B:35:CC:08","25.301204819277107","3","0.8680555555555556","0","166","2022-05-20T14:15:00.000Z","1653056100",
"2551","22b77d7829c68dcd","E2:1F:7B:35:CC:08","36.144578313253014","6","1.0416666666666667","0","166","2022-05-20T14:16:00.000Z","1653056160",
"2551","22b77d7829c68dcd","E2:1F:7B:35:CC:08","90.36144578313252","9","1.1160714285714286","0","166","2022-05-20T14:17:00.000Z","1653056220",
"2551","22b77d7829c68dcd","E2:1F:7B:35:CC:08","86.74698795180723","6","1.1160714285714286","4","166","2022-05-20T14:18:00.000Z","1653056280",
"2551","22b77d7829c68dcd","E2:1F:7B:35:CC:08","83.13253012048193","5","0.9765625","2","166","2022-05-20T14:19:00.000Z","1653056340",
"2551","22b77d7829c68dcd","E2:1F:7B:35:CC:08","83.13253012048193","3","0.8680555555555556","4","166","2022-05-20T14:20:00.000Z","1653056400",
"2551","22b77d7829c68dcd","E2:1F:7B:35:CC:08","62.65060240963855","0","1.1160714285714286","2","166","2022-05-20T14:21:00.000Z","1653056460",
"2551","22b77d7829c68dcd","E2:1F:7B:35:CC:08","59.036144578313255","4","1.2019230769230769","1","166","2022-05-20T14:22:00.000Z","1653056520",
"2551","22b77d7829c68dcd","E2:1F:7B:35:CC:08","63.855421686746986","3","1.3020833333333333","7","166","2022-05-20T14:23:00.000Z","1653056580",
"2551","22b77d7829c68dcd","E2:1F:7B:35:CC:08","69.87951807228916","0","1.0416666666666667","7","166","2022-05-20T14:24:00.000Z","1653056640",
"2551","22b77d7829c68dcd","E2:1F:7B:35:CC:08","78.3132530120482","8","1.3020833333333333","0","166","2022-05-20T14:25:00.000Z","1653056700",
"2551","22b77d7829c68dcd","E2:1F:7B:35:CC:08","86.74698795180723","7","1.7361111111111112","0","166","2022-05-20T14:26:00.000Z","1653056760",
"2551","22b77d7829c68dcd","E2:1F:7B:35:CC:08","68.67469879518072","1","1.3020833333333333","0","166","2022-05-20T14:27:00.000Z","1653056820",
"2551","22b77d7829c68dcd","E2:1F:7B:35:CC:08","72.28915662650603","7","1.5625","5","166","2022-05-20T14:28:00.000Z","1653056880",
"2551","22b77d7829c68dcd","E2:1F:7B:35:CC:08","59.036144578313255","3","1.5625","0","166","2022-05-20T14:29:00.000Z","1653056940",
"2551","22b77d7829c68dcd","E2:1F:7B:35:CC:08","50.602409638554214","0","1.2019230769230769","2","166","2022-05-20T14:30:00.000Z","1653057000",
"2551","22b77d7829c68dcd","E2:1F:7B:35:CC:08","48.19277108433735","0","1.1160714285714286","1","166","2022-05-20T14:31:00.000Z","1653057060",
"2551","22b77d7829c68dcd","E2:1F:7B:35:CC:08","55.42168674698795","3","1.1160714285714286","5","166","2022-05-20T14:32:00.000Z","1653057120",
"2551","22b77d7829c68dcd","E2:1F:7B:35:CC:08","48.19277108433735","5","1.2019230769230769","0","166","2022-05-20T14:33:00.000Z","1653057180",
"2551","22b77d7829c68dcd","E2:1F:7B:35:CC:08","26.50602409638554","0","1.2019230769230769","0","166","2022-05-20T14:34:00.000Z","1653057240",
"2551","22b77d7829c68dcd","E2:1F:7B:35:CC:08","24.096385542168676","2","1.2019230769230769","0","166","2022-05-20T14:35:00.000Z","1653057300",
"2551","22b77d7829c68dcd","E2:1F:7B:35:CC:08","21.686746987951807","3","1.3020833333333333","1","166","2022-05-20T14:36:00.000Z","1653057360",
"2551","22b77d7829c68dcd","E2:1F:7B:35:CC:08","21.686746987951807","1","1.3020833333333333","0","166","2022-05-20T14:37:00.000Z","1653057420",
"2551","22b77d7829c68dcd","E2:1F:7B:35:CC:08","16.867469879518072","0","1.3020833333333333","0","166","2022-05-20T14:38:00.000Z","1653057480",
"2551","22b77d7829c68dcd","E2:1F:7B:35:CC:08","21.686746987951807","2","1.3020833333333333","0","166","2022-05-20T14:39:00.000Z","1653057540",
"2551","22b77d7829c68dcd","E2:1F:7B:35:CC:08","48.19277108433735","6","1.7361111111111112","5","166","2022-05-20T14:40:00.000Z","1653057600",
"2551","22b77d7829c68dcd","E2:1F:7B:35:CC:08","66.26506024096386","5","1.5625","5","166","2022-05-20T14:41:00.000Z","1653057660",
"2551","22b77d7829c68dcd","E2:1F:7B:35:CC:08","63.855421686746986","4","1.4204545454545454","5","166","2022-05-20T14:42:00.000Z","1653057720",
"2551","22b77d7829c68dcd","E2:1F:7B:35:CC:08","54.21686746987952","4","1.4204545454545454","1","166","2022-05-20T14:43:00.000Z","1653057780",
"2551","22b77d7829c68dcd","E2:1F:7B:35:CC:08","45.78313253012048","4","1.5625","1","166","2022-05-20T14:44:00.000Z","1653057840",
"2551","22b77d7829c68dcd","E2:1F:7B:35:CC:08","46.98795180722892","3","1.5625","0","166","2022-05-20T14:45:00.000Z","1653057900",
"2551","22b77d7829c68dcd","E2:1F:7B:35:CC:08","45.78313253012048","3","1.7361111111111112","0","166","2022-05-20T14:46:00.000Z","1653057960",
"2551","22b77d7829c68dcd","E2:1F:7B:35:CC:08","45.78313253012048","1","1.5625","0","166","2022-05-20T14:47:00.000Z","1653058020",
"2551","22b77d7829c68dcd","E2:1F:7B:35:CC:08","46.98795180722892","1","1.5625","0","166","2022-05-20T14:48:00.000Z","1653058080",
"2551","22b77d7829c68dcd","E2:1F:7B:35:CC:08","42.16867469879518","3","1.7361111111111112","0","166","2022-05-20T14:49:00.000Z","1653058140",
"2551","22b77d7829c68dcd","E2:1F:7B:35:CC:08","48.19277108433735","3","1.7361111111111112","1","166","2022-05-20T14:50:00.000Z","1653058200",
"2551","22b77d7829c68dcd","E2:1F:7B:35:CC:08","44.57831325301205","4","1.953125","0","166","2022-05-20T14:51:00.000Z","1653058260",
"2551","22b77d7829c68dcd","E2:1F:7B:35:CC:08","51.80722891566265","4","0.8680555555555556","1","166","2022-05-20T14:52:00.000Z","1653058320",
"2551","22b77d7829c68dcd","E2:1F:7B:35:CC:08","55.42168674698795","7","0.9765625","0","166","2022-05-20T14:53:00.000Z","1653058380",
"2551","22b77d7829c68dcd","E2:1F:7B:35:CC:08","50.602409638554214","8","1.1160714285714286","1","166","2022-05-20T14:54:00.000Z","1653058440",
"2551","22b77d7829c68dcd","E2:1F:7B:35:CC:08","30.120481927710845","0","0.9765625","0","166","2022-05-20T14:55:00.000Z","1653058500",
"2551","22b77d7829c68dcd","E2:1F:7B:35:CC:08","24.096385542168676","1","1.1160714285714286","1","166","2022-05-20T14:56:00.000Z","1653058560",
"2551","22b77d7829c68dcd","E2:1F:7B:35:CC:08","26.50602409638554","2","1.1160714285714286","0","166","2022-05-20T14:57:00.000Z","1653058620",
"2551","22b77d7829c68dcd","E2:1F:7B:35:CC:08","28.91566265060241","2","1.1160714285714286","0","166","2022-05-20T14:58:00.000Z","1653058680",
"2551","22b77d7829c68dcd","E2:1F:7B:35:CC:08","33.734939759036145","7","1.1160714285714286","4","166","2022-05-20T14:59:00.000Z","1653058740",
"2551","22b77d7829c68dcd","E2:1F:7B:35:CC:08","45.78313253012048","10","0.9765625","1","166","2022-05-20T15:00:00.000Z","1653058800",
"2551","22b77d7829c68dcd","E2:1F:7B:35:CC:08","51.80722891566265","3","1.2019230769230769","1","166","2022-05-20T15:01:00.000Z","1653058860",
"2551","22b77d7829c68dcd","E2:1F:7B:35:CC:08","55.42168674698795","5","1.2019230769230769","0","166","2022-05-20T15:02:00.000Z","1653058920",
"2551","22b77d7829c68dcd","E2:1F:7B:35:CC:08","42.16867469879518","2","1.3020833333333333","0","166","2022-05-20T15:03:00.000Z","1653058980",
"2551","22b77d7829c68dcd","E2:1F:7B:35:CC:08","37.34939759036145","3","1.4204545454545454","0","166","2022-05-20T15:04:00.000Z","1653059040",
"2551","22b77d7829c68dcd","E2:1F:7B:35:CC:08","32.53012048192771","4","1.4204545454545454","1","166","2022-05-20T15:05:00.000Z","1653059100",
"2551","22b77d7829c68dcd","E2:1F:7B:35:CC:08","32.53012048192771","0","1.3020833333333333","0","166","2022-05-20T15:06:00.000Z","1653059160",
"2551","22b77d7829c68dcd","E2:1F:7B:35:CC:08","34.93975903614458","2","1.5625","0","166","2022-05-20T15:07:00.000Z","1653059220",
"2551","22b77d7829c68dcd","E2:1F:7B:35:CC:08","42.16867469879518","7","1.5625","0","166","2022-05-20T15:08:00.000Z","1653059280",
"2551","22b77d7829c68dcd","E2:1F:7B:35:CC:08","44.57831325301205","5","1.5625","0","166","2022-05-20T15:09:00.000Z","1653059340",
"2551","22b77d7829c68dcd","E2:1F:7B:35:CC:08","42.16867469879518","1","1.5625","0","166","2022-05-20T15:10:00.000Z","1653059400",
"2551","22b77d7829c68dcd","E2:1F:7B:35:CC:08","40.963855421686745","1","1.5625","0","166","2022-05-20T15:11:00.000Z","1653059460",
"2551","22b77d7829c68dcd","E2:1F:7B:35:CC:08","50.602409638554214","4","1.953125","2","166","2022-05-20T15:12:00.000Z","1653059520",
"2551","22b77d7829c68dcd","E2:1F:7B:35:CC:08","60.24096385542169","4","1.7361111111111112","1","166","2022-05-20T15:13:00.000Z","1653059580",
"2551","22b77d7829c68dcd","E2:1F:7B:35:CC:08","57.83132530120482","4","1.953125","0","166","2022-05-20T15:14:00.000Z","1653059640",
"2551","22b77d7829c68dcd","E2:1F:7B:35:CC:08","62.65060240963855","4","1.7361111111111112","0","166","2022-05-20T15:15:00.000Z","1653059700",
"2551","22b77d7829c68dcd","E2:1F:7B:35:CC:08","65.06024096385542","4","1.7361111111111112","2","166","2022-05-20T15:16:00.000Z","1653059760",
"2551","22b77d7829c68dcd","E2:1F:7B:35:CC:08","57.83132530120482","2","1.7361111111111112","0","166","2022-05-20T15:17:00.000Z","1653059820",
"2551","22b77d7829c68dcd","E2:1F:7B:35:CC:08","63.855421686746986","4","1.5625","0","166","2022-05-20T15:18:00.000Z","1653059880",
"2551","22b77d7829c68dcd","E2:1F:7B:35:CC:08","63.855421686746986","4","1.7361111111111112","1","166","2022-05-20T15:19:00.000Z","1653059940",
"2551","22b77d7829c68dcd","E2:1F:7B:35:CC:08","63.855421686746986","5","1.953125","0","166","2022-05-20T15:20:00.000Z","1653060000",
"2551","22b77d7829c68dcd","E2:1F:7B:35:CC:08","72.28915662650603","3","1.7361111111111112","2","166","2022-05-20T15:21:00.000Z","1653060060",
"2551","22b77d7829c68dcd","E2:1F:7B:35:CC:08","72.28915662650603","2","1.4204545454545454","9","166","2022-05-20T15:22:00.000Z","1653060120",
"2551","22b77d7829c68dcd","E2:1F:7B:35:CC:08","77.10843373493977","9","1.953125","1","166","2022-05-20T15:23:00.000Z","1653060180",
"2551","22b77d7829c68dcd","E2:1F:7B:35:CC:08","65.06024096385542","4","1.7361111111111112","0","166","2022-05-20T15:24:00.000Z","1653060240",
"2551","22b77d7829c68dcd","E2:1F:7B:35:CC:08","39.75903614457831","2","1.953125","1","166","2022-05-20T15:25:00.000Z","1653060300",
"2551","22b77d7829c68dcd","E2:1F:7B:35:CC:08","26.50602409638554","1","2.232142857142857","1","166","2022-05-20T15:26:00.000Z","1653060360",
"2551","22b77d7829c68dcd","E2:1F:7B:35:CC:08","18.072289156626507","0","2.232142857142857","0","166","2022-05-20T15:27:00.000Z","1653060420",
"2551","22b77d7829c68dcd","E2:1F:7B:35:CC:08","18.072289156626507","1","2.232142857142857","0","166","2022-05-20T15:28:00.000Z","1653060480",
"2551","22b77d7829c68dcd","E2:1F:7B:35:CC:08","21.686746987951807","0","2.232142857142857","0","166","2022-05-20T15:29:00.000Z","1653060540",
"2551","22b77d7829c68dcd","E2:1F:7B:35:CC:08","18.072289156626507","1","1.953125","0","166","2022-05-20T15:30:00.000Z","1653060600",
"2551","22b77d7829c68dcd","E2:1F:7B:35:CC:08","39.75903614457831","4","2.6041666666666665","1","166","2022-05-20T15:31:00.000Z","1653060660",
"2551","22b77d7829c68dcd","E2:1F:7B:35:CC:08","40.963855421686745","3","2.6041666666666665","1","166","2022-05-20T15:32:00.000Z","1653060720",
"2551","22b77d7829c68dcd","E2:1F:7B:35:CC:08","45.78313253012048","1","2.6041666666666665","0","166","2022-05-20T15:33:00.000Z","1653060780",
"2551","22b77d7829c68dcd","E2:1F:7B:35:CC:08","37.34939759036145","2","3.125","1","166","2022-05-20T15:34:00.000Z","1653060840",
"2551","22b77d7829c68dcd","E2:1F:7B:35:CC:08","32.53012048192771","0","3.125","0","166","2022-05-20T15:35:00.000Z","1653060900",
"2551","22b77d7829c68dcd","E2:1F:7B:35:CC:08","24.096385542168676","0","3.125","0","166","2022-05-20T15:36:00.000Z","1653060960",
"2551","22b77d7829c68dcd","E2:1F:7B:35:CC:08","30.120481927710845","1","3.125","0","166","2022-05-20T15:37:00.000Z","1653061020",
"2551","22b77d7829c68dcd","E2:1F:7B:35:CC:08","26.50602409638554","1","3.125","0","166","2022-05-20T15:38:00.000Z","1653061080",
"2551","22b77d7829c68dcd","E2:1F:7B:35:CC:08","25.301204819277107","0","3.125","1","166","2022-05-20T15:39:00.000Z","1653061140",
"2551","22b77d7829c68dcd","E2:1F:7B:35:CC:08","22.89156626506024","0","3.125","1","166","2022-05-20T15:40:00.000Z","1653061200",
"2551","22b77d7829c68dcd","E2:1F:7B:35:CC:08","31.325301204819276","1","3.125","1","166","2022-05-20T15:41:00.000Z","1653061260",
"2551","22b77d7829c68dcd","E2:1F:7B:35:CC:08","30.120481927710845","1","3.125","0","166","2022-05-20T15:42:00.000Z","1653061320",
"2551","22b77d7829c68dcd","E2:1F:7B:35:CC:08","25.301204819277107","1","3.125","1","166","2022-05-20T15:43:00.000Z","1653061380",
"2551","22b77d7829c68dcd","E2:1F:7B:35:CC:08","26.50602409638554","1","3.125","2","166","2022-05-20T15:44:00.000Z","1653061440",
"2551","22b77d7829c68dcd","E2:1F:7B:35:CC:08","24.096385542168676","0","3.125","0","166","2022-05-20T15:45:00.000Z","1653061500",
"2551","22b77d7829c68dcd","E2:1F:7B:35:CC:08","53.01204819277108","2","3.125","0","166","2022-05-20T15:46:00.000Z","1653061560",
"2551","22b77d7829c68dcd","E2:1F:7B:35:CC:08","50.602409638554214","2","3.90625","0","166","2022-05-20T15:47:00.000Z","1653061620",
"2551","22b77d7829c68dcd","E2:1F:7B:35:CC:08","55.42168674698795","2","3.125","0","166","2022-05-20T15:48:00.000Z","1653061680",
"2551","22b77d7829c68dcd","E2:1F:7B:35:CC:08","57.83132530120482","0","3.125","0","166","2022-05-20T15:49:00.000Z","1653061740",
"2551","22b77d7829c68dcd","E2:1F:7B:35:CC:08","44.57831325301205","0","3.125","1","166","2022-05-20T15:50:00.000Z","1653061800",
"2551","22b77d7829c68dcd","E2:1F:7B:35:CC:08","65.06024096385542","4","3.90625","1","166","2022-05-20T15:51:00.000Z","1653061860",
"2551","22b77d7829c68dcd","E2:1F:7B:35:CC:08","63.855421686746986","1","3.90625","0","166","2022-05-20T15:52:00.000Z","1653061920",
"2551","22b77d7829c68dcd","E2:1F:7B:35:CC:08","63.855421686746986","9","3.125","2","166","2022-05-20T15:53:00.000Z","1653061980",
"2551","22b77d7829c68dcd","E2:1F:7B:35:CC:08","69.87951807228916","5","3.125","4","166","2022-05-20T15:54:00.000Z","1653062040",
"2551","22b77d7829c68dcd","E2:1F:7B:35:CC:08","48.19277108433735","3","3.125","0","166","2022-05-20T15:55:00.000Z","1653062100",
"2551","22b77d7829c68dcd","E2:1F:7B:35:CC:08","42.16867469879518","1","3.125","0","166","2022-05-20T15:56:00.000Z","1653062160",
"2551","22b77d7829c68dcd","E2:1F:7B:35:CC:08","49.397590361445786","5","3.90625","0","166","2022-05-20T15:57:00.000Z","1653062220",
"2551","22b77d7829c68dcd","E2:1F:7B:35:CC:08","42.16867469879518","2","3.90625","1","166","2022-05-20T15:58:00.000Z","1653062280",
"2551","22b77d7829c68dcd","E2:1F:7B:35:CC:08","50.602409638554214","3","3.90625","1","166","2022-05-20T15:59:00.000Z","1653062340",
"2551","22b77d7829c68dcd","E2:1F:7B:35:CC:08","50.602409638554214","2","3.90625","0","166","2022-05-20T16:00:00.000Z","1653062400",
"2551","22b77d7829c68dcd","E2:1F:7B:35:CC:08","46.98795180722892","1","3.125","0","166","2022-05-20T16:01:00.000Z","1653062460",
"2551","22b77d7829c68dcd","E2:1F:7B:35:CC:08","50.602409638554214","3","3.125","4","166","2022-05-20T16:02:00.000Z","1653062520",
"2551","22b77d7829c68dcd","E2:1F:7B:35:CC:08","44.57831325301205","1","3.125","0","166","2022-05-20T16:03:00.000Z","1653062580",
"2551","22b77d7829c68dcd","E2:1F:7B:35:CC:08","39.75903614457831","0","3.125","0","166","2022-05-20T16:04:00.000Z","1653062640",
"2551","22b77d7829c68dcd","E2:1F:7B:35:CC:08","43.373493975903614","3","3.125","1","166","2022-05-20T16:05:00.000Z","1653062700",
"2551","22b77d7829c68dcd","E2:1F:7B:35:CC:08","39.75903614457831","3","3.125","0","166","2022-05-20T16:06:00.000Z","1653062760",
"2551","22b77d7829c68dcd","E2:1F:7B:35:CC:08","53.01204819277108","5","3.90625","0","166","2022-05-20T16:07:00.000Z","1653062820",
"2551","22b77d7829c68dcd","E2:1F:7B:35:CC:08","49.397590361445786","2","3.90625","0","166","2022-05-20T16:08:00.000Z","1653062880",
"2551","22b77d7829c68dcd","E2:1F:7B:35:CC:08","44.57831325301205","1","3.125","0","166","2022-05-20T16:09:00.000Z","1653062940",
"2551","22b77d7829c68dcd","E2:1F:7B:35:CC:08","40.963855421686745","1","3.90625","0","166","2022-05-20T16:10:00.000Z","1653063000",
"2551","22b77d7829c68dcd","E2:1F:7B:35:CC:08","51.80722891566265","3","3.90625","0","166","2022-05-20T16:11:00.000Z","1653063060",
"2551","22b77d7829c68dcd","E2:1F:7B:35:CC:08","72.28915662650603","1","3.90625","1","166","2022-05-20T16:12:00.000Z","1653063120",
"2551","22b77d7829c68dcd","E2:1F:7B:35:CC:08","77.10843373493977","5","3.90625","0","166","2022-05-20T16:13:00.000Z","1653063180",
"2551","22b77d7829c68dcd","E2:1F:7B:35:CC:08","71.08433734939759","1","3.90625","4","166","2022-05-20T16:14:00.000Z","1653063240",
"2551","22b77d7829c68dcd","E2:1F:7B:35:CC:08","73.49397590361446","2","3.90625","0","166","2022-05-20T16:15:00.000Z","1653063300",
"2551","22b77d7829c68dcd","E2:1F:7B:35:CC:08","68.67469879518072","2","3.90625","0","166","2022-05-20T16:16:00.000Z","1653063360",
"2551","22b77d7829c68dcd","E2:1F:7B:35:CC:08","66.26506024096386","0","3.90625","1","166","2022-05-20T16:17:00.000Z","1653063420",
"2551","22b77d7829c68dcd","E2:1F:7B:35:CC:08","55.42168674698795","3","3.90625","0","166","2022-05-20T16:18:00.000Z","1653063480",
"2551","22b77d7829c68dcd","E2:1F:7B:35:CC:08","50.602409638554214","5","3.90625","1","166","2022-05-20T16:19:00.000Z","1653063540",
"2551","22b77d7829c68dcd","E2:1F:7B:35:CC:08","63.855421686746986","2","3.90625","0","166","2022-05-20T16:20:00.000Z","1653063600",
"2551","22b77d7829c68dcd","E2:1F:7B:35:CC:08","60.24096385542169","3","3.90625","0","166","2022-05-20T16:21:00.000Z","1653063660",
"2551","22b77d7829c68dcd","E2:1F:7B:35:CC:08","69.87951807228916","10","5.208333333333333","2","166","2022-05-20T16:22:00.000Z","1653063720",
"2551","22b77d7829c68dcd","E2:1F:7B:35:CC:08","67.46987951807229","0","3.90625","0","166","2022-05-20T16:23:00.000Z","1653063780",
"2551","22b77d7829c68dcd","E2:1F:7B:35:CC:08","65.06024096385542","2","3.90625","0","166","2022-05-20T16:24:00.000Z","1653063840",
"2551","22b77d7829c68dcd","E2:1F:7B:35:CC:08","57.83132530120482","3","3.90625","0","166","2022-05-20T16:25:00.000Z","1653063900",
"2551","22b77d7829c68dcd","E2:1F:7B:35:CC:08","55.42168674698795","0","3.90625","0","166","2022-05-20T16:26:00.000Z","1653063960",
"2551","22b77d7829c68dcd","E2:1F:7B:35:CC:08","53.01204819277108","3","3.90625","2","166","2022-05-20T16:27:00.000Z","1653064020",
"2551","22b77d7829c68dcd","E2:1F:7B:35:CC:08","55.42168674698795","4","3.90625","18","166","2022-05-20T16:28:00.000Z","1653064080",
"2551","22b77d7829c68dcd","E2:1F:7B:35:CC:08","87.95180722891567","2","3.90625","0","166","2022-05-20T16:29:00.000Z","1653064140",
"2551","22b77d7829c68dcd","E2:1F:7B:35:CC:08","89.1566265060241","3","3.90625","0","166","2022-05-20T16:30:00.000Z","1653064200",
"2551","22b77d7829c68dcd","E2:1F:7B:35:CC:08","67.46987951807229","2","3.90625","0","166","2022-05-20T16:31:00.000Z","1653064260",
"2551","22b77d7829c68dcd","E2:1F:7B:35:CC:08","60.24096385542169","1","3.90625","0","166","2022-05-20T16:32:00.000Z","1653064320",
"2551","22b77d7829c68dcd","E2:1F:7B:35:CC:08","53.01204819277108","2","3.90625","0","166","2022-05-20T16:33:00.000Z","1653064380",
"2551","22b77d7829c68dcd","E2:1F:7B:35:CC:08","45.78313253012048","3","3.90625","0","166","2022-05-20T16:34:00.000Z","1653064440",
"2551","22b77d7829c68dcd","E2:1F:7B:35:CC:08","54.21686746987952","6","5.208333333333333","0","166","2022-05-20T16:35:00.000Z","1653064500",
"2551","22b77d7829c68dcd","E2:1F:7B:35:CC:08","69.87951807228916","3","5.208333333333333","4","166","2022-05-20T16:36:00.000Z","1653064560",
"2551","22b77d7829c68dcd","E2:1F:7B:35:CC:08","80.72289156626506","2","5.208333333333333","0","166","2022-05-20T16:37:00.000Z","1653064620",
"2551","22b77d7829c68dcd","E2:1F:7B:35:CC:08","80.72289156626506","5","5.208333333333333","0","166","2022-05-20T16:38:00.000Z","1653064680",
"2551","22b77d7829c68dcd","E2:1F:7B:35:CC:08","72.28915662650603","1","3.90625","0","166","2022-05-20T16:39:00.000Z","1653064740",
"2551","22b77d7829c68dcd","E2:1F:7B:35:CC:08","67.46987951807229","4","3.90625","0","166","2022-05-20T16:40:00.000Z","1653064800",
"2551","22b77d7829c68dcd","E2:1F:7B:35:CC:08","65.06024096385542","3","3.90625","0","166","2022-05-20T16:41:00.000Z","1653064860",
"2551","22b77d7829c68dcd","E2:1F:7B:35:CC:08","62.65060240963855","1","3.90625","0","166","2022-05-20T16:42:00.000Z","1653064920",
"2551","22b77d7829c68dcd","E2:1F:7B:35:CC:08","55.42168674698795","4","5.208333333333333","1","166","2022-05-20T16:43:00.000Z","1653064980",
"2551","22b77d7829c68dcd","E2:1F:7B:35:CC:08","79.51807228915662","6","5.208333333333333","0","166","2022-05-20T16:44:00.000Z","1653065040",
"2551","22b77d7829c68dcd","E2:1F:7B:35:CC:08","90.36144578313252","5","5.208333333333333","0","166","2022-05-20T16:45:00.000Z","1653065100",
"2551","22b77d7829c68dcd","E2:1F:7B:35:CC:08","73.49397590361446","1","5.208333333333333","0","166","2022-05-20T16:46:00.000Z","1653065160",
"2551","22b77d7829c68dcd","E2:1F:7B:35:CC:08","57.83132530120482","0","3.90625","0","166","2022-05-20T16:47:00.000Z","1653065220",
"2551","22b77d7829c68dcd","E2:1F:7B:35:CC:08","68.67469879518072","3","5.208333333333333","4","166","2022-05-20T16:48:00.000Z","1653065280",
"2551","22b77d7829c68dcd","E2:1F:7B:35:CC:08","71.08433734939759","2","5.208333333333333","0","166","2022-05-20T16:49:00.000Z","1653065340",
"2551","22b77d7829c68dcd","E2:1F:7B:35:CC:08","57.83132530120482","0","3.90625","1","166","2022-05-20T16:50:00.000Z","1653065400",
"2551","22b77d7829c68dcd","E2:1F:7B:35:CC:08","62.65060240963855","2","3.90625","0","166","2022-05-20T16:51:00.000Z","1653065460",
"2551","22b77d7829c68dcd","E2:1F:7B:35:CC:08","75.90361445783132","4","5.208333333333333","0","166","2022-05-20T16:52:00.000Z","1653065520",
"2551","22b77d7829c68dcd","E2:1F:7B:35:CC:08","77.10843373493977","3","5.208333333333333","2","166","2022-05-20T16:53:00.000Z","1653065580",
"2551","22b77d7829c68dcd","E2:1F:7B:35:CC:08","91.56626506024097","0","5.208333333333333","0","166","2022-05-20T16:54:00.000Z","1653065640",
"2551","22b77d7829c68dcd","E2:1F:7B:35:CC:08","86.74698795180723","3","3.90625","1","166","2022-05-20T16:55:00.000Z","1653065700",
"2551","22b77d7829c68dcd","E2:1F:7B:35:CC:08","60.24096385542169","0","3.90625","0","166","2022-05-20T16:56:00.000Z","1653065760",
"2551","22b77d7829c68dcd","E2:1F:7B:35:CC:08","55.42168674698795","3","5.208333333333333","0","166","2022-05-20T16:57:00.000Z","1653065820",
"2551","22b77d7829c68dcd","E2:1F:7B:35:CC:08","67.46987951807229","2","5.208333333333333","0","166","2022-05-20T16:58:00.000Z","1653065880",
"2551","22b77d7829c68dcd","E2:1F:7B:35:CC:08","63.855421686746986","1","3.90625","0","166","2022-05-20T16:59:00.000Z","1653065940",
"2551","22b77d7829c68dcd","E2:1F:7B:35:CC:08","54.21686746987952","0","3.90625","2","166","2022-05-20T17:00:00.000Z","1653066000",
"2551","22b77d7829c68dcd","E2:1F:7B:35:CC:08","57.83132530120482","2","3.90625","1","166","2022-05-20T17:01:00.000Z","1653066060",
"2551","22b77d7829c68dcd","E2:1F:7B:35:CC:08","95.18072289156626","5","5.208333333333333","1","166","2022-05-20T17:02:00.000Z","1653066120",
"2551","22b77d7829c68dcd","E2:1F:7B:35:CC:08","100","1","5.208333333333333","1","166","2022-05-20T17:03:00.000Z","1653066180",
"2551","22b77d7829c68dcd","E2:1F:7B:35:CC:08","100","2","5.208333333333333","1","166","2022-05-20T17:04:00.000Z","1653066240",
"2551","22b77d7829c68dcd","E2:1F:7B:35:CC:08","77.10843373493977","6","3.90625","0","166","2022-05-20T17:05:00.000Z","1653066300",
"2551","22b77d7829c68dcd","E2:1F:7B:35:CC:08","73.49397590361446","4","5.208333333333333","1","166","2022-05-20T17:06:00.000Z","1653066360",
"2551","22b77d7829c68dcd","E2:1F:7B:35:CC:08","78.3132530120482","6","3.90625","5","166","2022-05-20T17:07:00.000Z","1653066420",
"2551","22b77d7829c68dcd","E2:1F:7B:35:CC:08","86.74698795180723","5","5.208333333333333","5","166","2022-05-20T17:08:00.000Z","1653066480",
"2551","22b77d7829c68dcd","E2:1F:7B:35:CC:08","100","1","3.90625","0","166","2022-05-20T17:09:00.000Z","1653066540",
"2551","22b77d7829c68dcd","E2:1F:7B:35:CC:08","89.1566265060241","4","3.90625","0","166","2022-05-20T17:10:00.000Z","1653066600",
"2551","22b77d7829c68dcd","E2:1F:7B:35:CC:08","90.36144578313252","2","5.208333333333333","0","166","2022-05-20T17:11:00.000Z","1653066660",
"2551","22b77d7829c68dcd","E2:1F:7B:35:CC:08","91.56626506024097","2","5.208333333333333","0","166","2022-05-20T17:12:00.000Z","1653066720",
"2551","22b77d7829c68dcd","E2:1F:7B:35:CC:08","100","6","5.208333333333333","0","166","2022-05-20T17:13:00.000Z","1653066780",
"2551","22b77d7829c68dcd","E2:1F:7B:35:CC:08","89.1566265060241","7","5.208333333333333","1","166","2022-05-20T17:14:00.000Z","1653066840",
"2551","22b77d7829c68dcd","E2:1F:7B:35:CC:08","86.74698795180723","0","5.208333333333333","7","166","2022-05-20T17:15:00.000Z","1653066900",
"2551","22b77d7829c68dcd","E2:1F:7B:35:CC:08","68.67469879518072","8","5.208333333333333","0","166","2022-05-20T17:16:00.000Z","1653066960",
"2551","22b77d7829c68dcd","E2:1F:7B:35:CC:08","68.67469879518072","2","3.90625","1","166","2022-05-20T17:17:00.000Z","1653067020",
"2551","22b77d7829c68dcd","E2:1F:7B:35:CC:08","68.67469879518072","3","3.90625","0","166","2022-05-20T17:18:00.000Z","1653067080",
"2551","22b77d7829c68dcd","E2:1F:7B:35:CC:08","73.49397590361446","3","3.90625","1","166","2022-05-20T17:19:00.000Z","1653067140",
"2551","22b77d7829c68dcd","E2:1F:7B:35:CC:08","68.67469879518072","1","3.90625","0","166","2022-05-20T17:20:00.000Z","1653067200",
"2551","22b77d7829c68dcd","E2:1F:7B:35:CC:08","53.01204819277108","0","3.125","0","166","2022-05-20T17:21:00.000Z","1653067260",
"2551","22b77d7829c68dcd","E2:1F:7B:35:CC:08","62.65060240963855","5","3.90625","2","166","2022-05-20T17:22:00.000Z","1653067320",
"2551","22b77d7829c68dcd","E2:1F:7B:35:CC:08","71.08433734939759","5","3.90625","0","166","2022-05-20T17:23:00.000Z","1653067380",
"2551","22b77d7829c68dcd","E2:1F:7B:35:CC:08","86.74698795180723","4","5.208333333333333","0","166","2022-05-20T17:24:00.000Z","1653067440",
"2551","22b77d7829c68dcd","E2:1F:7B:35:CC:08","91.56626506024097","4","5.208333333333333","0","166","2022-05-20T17:25:00.000Z","1653067500",
"2551","22b77d7829c68dcd","E2:1F:7B:35:CC:08","84.33734939759036","3","5.208333333333333","1","166","2022-05-20T17:26:00.000Z","1653067560",
"2551","22b77d7829c68dcd","E2:1F:7B:35:CC:08","87.95180722891567","4","3.90625","0","166","2022-05-20T17:27:00.000Z","1653067620",
"2551","22b77d7829c68dcd","E2:1F:7B:35:CC:08","69.87951807228916","2","5.208333333333333","0","166","2022-05-20T17:28:00.000Z","1653067680",
"2551","22b77d7829c68dcd","E2:1F:7B:35:CC:08","68.67469879518072","8","5.208333333333333","1","166","2022-05-20T17:29:00.000Z","1653067740",
"2551","22b77d7829c68dcd","E2:1F:7B:35:CC:08","63.855421686746986","2","5.208333333333333","0","166","2022-05-20T17:30:00.000Z","1653067800",
"2551","22b77d7829c68dcd","E2:1F:7B:35:CC:08","86.74698795180723","0","3.90625","1","166","2022-05-20T17:31:00.000Z","1653067860",
"2551","22b77d7829c68dcd","E2:1F:7B:35:CC:08","100","2","5.208333333333333","0","166","2022-05-20T17:32:00.000Z","1653067920",
"2551","22b77d7829c68dcd","E2:1F:7B:35:CC:08","96.3855421686747","2","3.90625","1","166","2022-05-20T17:33:00.000Z","1653067980",
"2551","22b77d7829c68dcd","E2:1F:7B:35:CC:08","96.3855421686747","4","3.90625","0","166","2022-05-20T17:34:00.000Z","1653068040",
"2551","22b77d7829c68dcd","E2:1F:7B:35:CC:08","96.3855421686747","3","3.90625","0","166","2022-05-20T17:35:00.000Z","1653068100",
"2551","22b77d7829c68dcd","E2:1F:7B:35:CC:08","89.1566265060241","4","5.208333333333333","0","166","2022-05-20T17:36:00.000Z","1653068160",
"2551","22b77d7829c68dcd","E2:1F:7B:35:CC:08","96.3855421686747","2","5.208333333333333","0","166","2022-05-20T17:37:00.000Z","1653068220",
"2551","22b77d7829c68dcd","E2:1F:7B:35:CC:08","95.18072289156626","1","5.208333333333333","0","166","2022-05-20T17:38:00.000Z","1653068280",
"2551","22b77d7829c68dcd","E2:1F:7B:35:CC:08","86.74698795180723","4","5.208333333333333","0","166","2022-05-20T17:39:00.000Z","1653068340",
"2551","22b77d7829c68dcd","E2:1F:7B:35:CC:08","75.90361445783132","1","3.90625","0","166","2022-05-20T17:40:00.000Z","1653068400",
"2551","22b77d7829c68dcd","E2:1F:7B:35:CC:08","57.83132530120482","4","5.208333333333333","0","166","2022-05-20T17:41:00.000Z","1653068460",
"2551","22b77d7829c68dcd","E2:1F:7B:35:CC:08","65.06024096385542","2","5.208333333333333","1","166","2022-05-20T17:42:00.000Z","1653068520",
"2551","22b77d7829c68dcd","E2:1F:7B:35:CC:08","100","3","5.208333333333333","4","166","2022-05-20T17:43:00.000Z","1653068580",
"2551","22b77d7829c68dcd","E2:1F:7B:35:CC:08","100","5","2.6041666666666665","7","166","2022-05-20T17:44:00.000Z","1653068640",
"2551","22b77d7829c68dcd","E2:1F:7B:35:CC:08","100","0","3.125","7","166","2022-05-20T17:46:00.000Z","1653068760",
"2551","22b77d7829c68dcd","E2:1F:7B:35:CC:08","100","3","2.232142857142857","7","166","2022-05-20T17:47:00.000Z","1653068820",
"2551","22b77d7829c68dcd","E2:1F:7B:35:CC:08","84.33734939759036","2","1.5625","0","166","2022-05-20T17:48:00.000Z","1653068880",
"2551","22b77d7829c68dcd","E2:1F:7B:35:CC:08","60.24096385542169","1","1.5625","5","166","2022-05-20T17:49:00.000Z","1653068940",
"2551","22b77d7829c68dcd","E2:1F:7B:35:CC:08","49.397590361445786","4","1.4204545454545454","4","166","2022-05-20T17:50:00.000Z","1653069000",
"2551","22b77d7829c68dcd","E2:1F:7B:35:CC:08","48.19277108433735","2","1.4204545454545454","0","166","2022-05-20T17:51:00.000Z","1653069060",
"2551","22b77d7829c68dcd","E2:1F:7B:35:CC:08","74.6987951807229","3","1.4204545454545454","0","166","2022-05-20T17:52:00.000Z","1653069120",
"2551","22b77d7829c68dcd","E2:1F:7B:35:CC:08","68.67469879518072","4","1.4204545454545454","1","166","2022-05-20T17:53:00.000Z","1653069180",
"2551","22b77d7829c68dcd","E2:1F:7B:35:CC:08","95.18072289156626","6","1.953125","0","166","2022-05-20T17:54:00.000Z","1653069240",
"2551","22b77d7829c68dcd","E2:1F:7B:35:CC:08","85.5421686746988","9","2.232142857142857","0","166","2022-05-20T17:55:00.000Z","1653069300",
"2551","22b77d7829c68dcd","E2:1F:7B:35:CC:08","81.92771084337349","7","2.232142857142857","1","166","2022-05-20T17:56:00.000Z","1653069360",
"2551","22b77d7829c68dcd","E2:1F:7B:35:CC:08","69.87951807228916","5","2.232142857142857","1","166","2022-05-20T17:57:00.000Z","1653069420",
"2551","22b77d7829c68dcd","E2:1F:7B:35:CC:08","80.72289156626506","2","1.953125","0","166","2022-05-20T17:58:00.000Z","1653069480",
"2551","22b77d7829c68dcd","E2:1F:7B:35:CC:08","69.87951807228916","2","1.7361111111111112","0","166","2022-05-20T17:59:00.000Z","1653069540",
"2551","22b77d7829c68dcd","E2:1F:7B:35:CC:08","55.42168674698795","2","1.4204545454545454","0","166","2022-05-20T18:00:00.000Z","1653069600",
"2551","22b77d7829c68dcd","E2:1F:7B:35:CC:08","73.49397590361446","5","1.5625","0","166","2022-05-20T18:01:00.000Z","1653069660",
"2551","22b77d7829c68dcd","E2:1F:7B:35:CC:08","60.24096385542169","2","1.4204545454545454","0","166","2022-05-20T18:02:00.000Z","1653069720",
"2551","22b77d7829c68dcd","E2:1F:7B:35:CC:08","53.01204819277108","4","1.4204545454545454","0","166","2022-05-20T18:03:00.000Z","1653069780",
"2551","22b77d7829c68dcd","E2:1F:7B:35:CC:08","67.46987951807229","5","1.4204545454545454","1","166","2022-05-20T18:04:00.000Z","1653069840",
"2551","22b77d7829c68dcd","E2:1F:7B:35:CC:08","87.95180722891567","2","1.5625","2","166","2022-05-20T18:05:00.000Z","1653069900",
"2551","22b77d7829c68dcd","E2:1F:7B:35:CC:08","91.56626506024097","5","1.7361111111111112","0","166","2022-05-20T18:06:00.000Z","1653069960",
"2551","22b77d7829c68dcd","E2:1F:7B:35:CC:08","87.95180722891567","6","1.7361111111111112","0","166","2022-05-20T18:07:00.000Z","1653070020",
"2551","22b77d7829c68dcd","E2:1F:7B:35:CC:08","75.90361445783132","1","1.4204545454545454","0","166","2022-05-20T18:08:00.000Z","1653070080",
"2551","22b77d7829c68dcd","E2:1F:7B:35:CC:08","56.626506024096386","5","1.5625","0","166","2022-05-20T18:09:00.000Z","1653070140",
"2551","22b77d7829c68dcd","E2:1F:7B:35:CC:08","61.44578313253012","3","1.5625","1","166","2022-05-20T18:10:00.000Z","1653070200",
"2551","22b77d7829c68dcd","E2:1F:7B:35:CC:08","59.036144578313255","3","1.5625","0","166","2022-05-20T18:11:00.000Z","1653070260",
"2551","22b77d7829c68dcd","E2:1F:7B:35:CC:08","54.21686746987952","4","0.7440476190476191","2","166","2022-05-20T18:12:00.000Z","1653070320",
"2551","22b77d7829c68dcd","E2:1F:7B:35:CC:08","83.13253012048193","6","1.0416666666666667","1","166","2022-05-20T18:13:00.000Z","1653070380",
"2551","22b77d7829c68dcd","E2:1F:7B:35:CC:08","100","8","1.4204545454545454","1","166","2022-05-20T18:14:00.000Z","1653070440",
"2551","22b77d7829c68dcd","E2:1F:7B:35:CC:08","100","7","1.7361111111111112","1","166","2022-05-20T18:15:00.000Z","1653070500",
"2551","22b77d7829c68dcd","E2:1F:7B:35:CC:08","81.92771084337349","6","1.7361111111111112","0","166","2022-05-20T18:16:00.000Z","1653070560",
"2551","22b77d7829c68dcd","E2:1F:7B:35:CC:08","78.3132530120482","2","1.7361111111111112","0","166","2022-05-20T18:17:00.000Z","1653070620",
"2551","22b77d7829c68dcd","E2:1F:7B:35:CC:08","78.3132530120482","5","1.4204545454545454","0","166","2022-05-20T18:18:00.000Z","1653070680",
"2551","22b77d7829c68dcd","E2:1F:7B:35:CC:08","83.13253012048193","2","1.3020833333333333","12","166","2022-05-20T18:19:00.000Z","1653070740",
"2551","22b77d7829c68dcd","E2:1F:7B:35:CC:08","71.08433734939759","3","1.1160714285714286","0","166","2022-05-20T18:20:00.000Z","1653070800",
"2551","22b77d7829c68dcd","E2:1F:7B:35:CC:08","74.6987951807229","5","1.2019230769230769","2","166","2022-05-20T18:21:00.000Z","1653070860",
"2551","22b77d7829c68dcd","E2:1F:7B:35:CC:08","86.74698795180723","4","1.3020833333333333","1","166","2022-05-20T18:22:00.000Z","1653070920",
"2551","22b77d7829c68dcd","E2:1F:7B:35:CC:08","83.13253012048193","1","1.3020833333333333","1","166","2022-05-20T18:23:00.000Z","1653070980",
"2551","22b77d7829c68dcd","E2:1F:7B:35:CC:08","75.90361445783132","3","1.3020833333333333","0","166","2022-05-20T18:24:00.000Z","1653071040",
"2551","22b77d7829c68dcd","E2:1F:7B:35:CC:08","80.72289156626506","7","1.2019230769230769","11","166","2022-05-20T18:25:00.000Z","1653071100",
"2551","22b77d7829c68dcd","E2:1F:7B:35:CC:08","100","3","1.2019230769230769","0","166","2022-05-20T18:26:00.000Z","1653071160",
"2551","22b77d7829c68dcd","E2:1F:7B:35:CC:08","100","6","1.3020833333333333","1","166","2022-05-20T18:27:00.000Z","1653071220",
"2551","22b77d7829c68dcd","E2:1F:7B:35:CC:08","100","4","1.5625","0","166","2022-05-20T18:28:00.000Z","1653071280",
"2551","22b77d7829c68dcd","E2:1F:7B:35:CC:08","93.97590361445783","5","1.4204545454545454","0","166","2022-05-20T18:29:00.000Z","1653071340",
"2551","22b77d7829c68dcd","E2:1F:7B:35:CC:08","100","4","1.7361111111111112","0","166","2022-05-20T18:30:00.000Z","1653071400",
"2551","22b77d7829c68dcd","E2:1F:7B:35:CC:08","93.97590361445783","4","1.5625","0","166","2022-05-20T18:31:00.000Z","1653071460",
"2551","22b77d7829c68dcd","E2:1F:7B:35:CC:08","100","7","1.953125","11","167","2022-05-20T18:33:00.000Z","1653071580",
"2551","22b77d7829c68dcd","E2:1F:7B:35:CC:08","100","3","1.7361111111111112","0","167","2022-05-20T18:34:00.000Z","1653071640",
"2551","22b77d7829c68dcd","E2:1F:7B:35:CC:08","100","2","1.4204545454545454","0","167","2022-05-20T18:35:00.000Z","1653071700",
"2551","22b77d7829c68dcd","E2:1F:7B:35:CC:08","85.02994011976048","0","1.1160714285714286","1","167","2022-05-20T18:36:00.000Z","1653071760",
"2551","22b77d7829c68dcd","E2:1F:7B:35:CC:08","58.68263473053892","0","1.0416666666666667","0","167","2022-05-20T18:37:00.000Z","1653071820",
"2551","22b77d7829c68dcd","E2:1F:7B:35:CC:08","94.61077844311377","4","1.1160714285714286","1","167","2022-05-20T18:38:00.000Z","1653071880",
"2551","22b77d7829c68dcd","E2:1F:7B:35:CC:08","67.06586826347305","3","1.1160714285714286","0","167","2022-05-20T18:39:00.000Z","1653071940",
"2551","22b77d7829c68dcd","E2:1F:7B:35:CC:08","67.06586826347305","3","1.2019230769230769","0","167","2022-05-20T18:40:00.000Z","1653072000",
"2551","22b77d7829c68dcd","E2:1F:7B:35:CC:08","62.275449101796404","2","1.0416666666666667","0","167","2022-05-20T18:41:00.000Z","1653072060",
"2551","22b77d7829c68dcd","E2:1F:7B:35:CC:08","71.8562874251497","8","1.1160714285714286","4","167","2022-05-20T18:42:00.000Z","1653072120",
"2551","22b77d7829c68dcd","E2:1F:7B:35:CC:08","80.23952095808383","4","1.4204545454545454","0","167","2022-05-20T18:43:00.000Z","1653072180",
"2551","22b77d7829c68dcd","E2:1F:7B:35:CC:08","75.44910179640719","1","1.3020833333333333","0","167","2022-05-20T18:44:00.000Z","1653072240",
"2551","22b77d7829c68dcd","E2:1F:7B:35:CC:08","79.04191616766467","6","1.5625","0","167","2022-05-20T18:45:00.000Z","1653072300",
"2551","22b77d7829c68dcd","E2:1F:7B:35:CC:08","67.06586826347305","2","1.4204545454545454","0","167","2022-05-20T18:46:00.000Z","1653072360",
"2551","22b77d7829c68dcd","E2:1F:7B:35:CC:08","75.44910179640719","3","1.4204545454545454","0","167","2022-05-20T18:47:00.000Z","1653072420",
"2551","22b77d7829c68dcd","E2:1F:7B:35:CC:08","73.05389221556887","3","1.5625","0","167","2022-05-20T18:48:00.000Z","1653072480",
"2551","22b77d7829c68dcd","E2:1F:7B:35:CC:08","79.04191616766467","0","1.4204545454545454","0","167","2022-05-20T18:49:00.000Z","1653072540",
"2551","22b77d7829c68dcd","E2:1F:7B:35:CC:08","69.46107784431138","1","1.1160714285714286","0","167","2022-05-20T18:50:00.000Z","1653072600",
"2551","22b77d7829c68dcd","E2:1F:7B:35:CC:08","50.29940119760479","0","0.9765625","0","167","2022-05-20T18:51:00.000Z","1653072660",
"2551","22b77d7829c68dcd","E2:1F:7B:35:CC:08","49.10179640718563","3","0.8680555555555556","0","167","2022-05-20T18:52:00.000Z","1653072720",
"2551","22b77d7829c68dcd","E2:1F:7B:35:CC:08","43.11377245508982","4","0.8223684210526315","2","167","2022-05-20T18:53:00.000Z","1653072780",
"2551","22b77d7829c68dcd","E2:1F:7B:35:CC:08","69.46107784431138","6","1.0416666666666667","0","167","2022-05-20T18:54:00.000Z","1653072840",
"2551","22b77d7829c68dcd","E2:1F:7B:35:CC:08","58.68263473053892","1","0.9765625","0","167","2022-05-20T18:55:00.000Z","1653072900",
"2551","22b77d7829c68dcd","E2:1F:7B:35:CC:08","50.29940119760479","4","1.0416666666666667","0","167","2022-05-20T18:56:00.000Z","1653072960",
"2551","22b77d7829c68dcd","E2:1F:7B:35:CC:08","64.67065868263474","5","0.9191176470588235","0","167","2022-05-20T18:57:00.000Z","1653073020",
"2551","22b77d7829c68dcd","E2:1F:7B:35:CC:08","89.82035928143712","2","1.3020833333333333","0","167","2022-05-20T18:58:00.000Z","1653073080",
"2551","22b77d7829c68dcd","E2:1F:7B:35:CC:08","88.62275449101796","5","1.3020833333333333","1","167","2022-05-20T18:59:00.000Z","1653073140",
"2551","22b77d7829c68dcd","E2:1F:7B:35:CC:08","99.40119760479043","0","1.5625","2","167","2022-05-20T19:00:00.000Z","1653073200",
"2551","22b77d7829c68dcd","E2:1F:7B:35:CC:08","100","3","1.3020833333333333","9","167","2022-05-20T19:01:00.000Z","1653073260",
"2551","22b77d7829c68dcd","E2:1F:7B:35:CC:08","95.80838323353294","3","1.1160714285714286","0","167","2022-05-20T19:02:00.000Z","1653073320",
"2551","22b77d7829c68dcd","E2:1F:7B:35:CC:08","100","2","1.2019230769230769","8","167","2022-05-20T19:03:00.000Z","1653073380",
"2551","22b77d7829c68dcd","E2:1F:7B:35:CC:08","100","10","1.1160714285714286","4","167","2022-05-20T19:04:00.000Z","1653073440",
"2551","22b77d7829c68dcd","E2:1F:7B:35:CC:08","100","5","1.4204545454545454","2","167","2022-05-20T19:05:00.000Z","1653073500",
"2551","22b77d7829c68dcd","E2:1F:7B:35:CC:08","97.0059880239521","4","1.7361111111111112","7","167","2022-05-20T19:06:00.000Z","1653073560",
"2551","22b77d7829c68dcd","E2:1F:7B:35:CC:08","100","7","1.2019230769230769","7","167","2022-05-20T19:07:00.000Z","1653073620",
"2551","22b77d7829c68dcd","E2:1F:7B:35:CC:08","99.40119760479043","10","1.7361111111111112","19","167","2022-05-20T19:08:00.000Z","1653073680",
"2551","22b77d7829c68dcd","E2:1F:7B:35:CC:08","85.02994011976048","1","1.4204545454545454","2","167","2022-05-20T19:09:00.000Z","1653073740",
"2551","22b77d7829c68dcd","E2:1F:7B:35:CC:08","100","12","1.953125","22","167","2022-05-20T19:10:00.000Z","1653073800",
"2551","22b77d7829c68dcd","E2:1F:7B:35:CC:08","100","7","1.4204545454545454","2","167","2022-05-20T19:11:00.000Z","1653073860",
"2551","22b77d7829c68dcd","E2:1F:7B:35:CC:08","100","8","1.7361111111111112","8","167","2022-05-20T19:12:00.000Z","1653073920",
"2551","22b77d7829c68dcd","E2:1F:7B:35:CC:08","100","5","1.5625","7","167","2022-05-20T19:13:00.000Z","1653073980",
"2551","22b77d7829c68dcd","E2:1F:7B:35:CC:08","94.61077844311377","5","1.5625","11","167","2022-05-20T19:14:00.000Z","1653074040",
"2551","22b77d7829c68dcd","E2:1F:7B:35:CC:08","85.02994011976048","2","0.9191176470588235","8","167","2022-05-20T19:15:00.000Z","1653074100",
"2551","22b77d7829c68dcd","E2:1F:7B:35:CC:08","76.64670658682634","8","1.1160714285714286","7","167","2022-05-20T19:16:00.000Z","1653074160",
"2551","22b77d7829c68dcd","E2:1F:7B:35:CC:08","69.46107784431138","5","1.1160714285714286","8","167","2022-05-20T19:17:00.000Z","1653074220",
"2551","22b77d7829c68dcd","E2:1F:7B:35:CC:08","67.06586826347305","4","1.1160714285714286","5","167","2022-05-20T19:18:00.000Z","1653074280",
"2551","22b77d7829c68dcd","E2:1F:7B:35:CC:08","76.64670658682634","8","1.3020833333333333","7","167","2022-05-20T19:19:00.000Z","1653074340",
"2551","22b77d7829c68dcd","E2:1F:7B:35:CC:08","45.50898203592814","0","1.3020833333333333","0","167","2022-05-20T19:20:00.000Z","1653074400",
"2551","22b77d7829c68dcd","E2:1F:7B:35:CC:08","31.137724550898202","0","0.9191176470588235","0","167","2022-05-20T19:21:00.000Z","1653074460",
"2551","22b77d7829c68dcd","E2:1F:7B:35:CC:08","64.67065868263474","3","1.2019230769230769","0","167","2022-05-20T19:22:00.000Z","1653074520",
"2551","22b77d7829c68dcd","E2:1F:7B:35:CC:08","38.32335329341317","0","0.9765625","0","167","2022-05-20T19:23:00.000Z","1653074580",
"2551","22b77d7829c68dcd","E2:1F:7B:35:CC:08","26.347305389221557","2","0.8223684210526315","0","167","2022-05-20T19:24:00.000Z","1653074640",
"2551","22b77d7829c68dcd","E2:1F:7B:35:CC:08","26.347305389221557","1","0.8223684210526315","0","167","2022-05-20T19:25:00.000Z","1653074700",
"2551","22b77d7829c68dcd","E2:1F:7B:35:CC:08","27.54491017964072","3","0.8680555555555556","5","167","2022-05-20T19:26:00.000Z","1653074760",
"2551","22b77d7829c68dcd","E2:1F:7B:35:CC:08","28.74251497005988","0","0.8223684210526315","0","167","2022-05-20T19:27:00.000Z","1653074820",
"2551","22b77d7829c68dcd","E2:1F:7B:35:CC:08","35.92814371257485","5","0.78125","15","167","2022-05-20T19:28:00.000Z","1653074880",
"2551","22b77d7829c68dcd","E2:1F:7B:35:CC:08","56.287425149700596","4","0.7440476190476191","5","167","2022-05-20T19:29:00.000Z","1653074940",
"2551","22b77d7829c68dcd","E2:1F:7B:35:CC:08","100","8","1.5625","0","167","2022-05-20T19:30:00.000Z","1653075000",
"2551","22b77d7829c68dcd","E2:1F:7B:35:CC:08","100","1","1.3020833333333333","0","167","2022-05-20T19:31:00.000Z","1653075060",
"2551","22b77d7829c68dcd","E2:1F:7B:35:CC:08","93.41317365269461","3","1.4204545454545454","0","167","2022-05-20T19:32:00.000Z","1653075120",
"2551","22b77d7829c68dcd","E2:1F:7B:35:CC:08","82.63473053892216","4","1.4204545454545454","1","167","2022-05-20T19:33:00.000Z","1653075180",
"2551","22b77d7829c68dcd","E2:1F:7B:35:CC:08","56.287425149700596","1","1.3020833333333333","0","167","2022-05-20T19:34:00.000Z","1653075240",
"2551","22b77d7829c68dcd","E2:1F:7B:35:CC:08","46.706586826347305","1","1.2019230769230769","0","167","2022-05-20T19:35:00.000Z","1653075300",
"2551","22b77d7829c68dcd","E2:1F:7B:35:CC:08","43.11377245508982","1","1.2019230769230769","0","167","2022-05-20T19:36:00.000Z","1653075360",
"2551","22b77d7829c68dcd","E2:1F:7B:35:CC:08","34.73053892215569","1","1.1160714285714286","0","167","2022-05-20T19:37:00.000Z","1653075420",
"2551","22b77d7829c68dcd","E2:1F:7B:35:CC:08","34.73053892215569","0","1.0416666666666667","0","167","2022-05-20T19:38:00.000Z","1653075480",
"2551","22b77d7829c68dcd","E2:1F:7B:35:CC:08","57.48502994011976","5","1.2019230769230769","1","167","2022-05-20T19:39:00.000Z","1653075540",
"2551","22b77d7829c68dcd","E2:1F:7B:35:CC:08","56.287425149700596","1","1.1160714285714286","1","167","2022-05-20T19:40:00.000Z","1653075600",
"2551","22b77d7829c68dcd","E2:1F:7B:35:CC:08","57.48502994011976","1","0.9765625","1","167","2022-05-20T19:41:00.000Z","1653075660",
"2551","22b77d7829c68dcd","E2:1F:7B:35:CC:08","50.29940119760479","1","1.2019230769230769","15","167","2022-05-20T19:42:00.000Z","1653075720",
"2551","22b77d7829c68dcd","E2:1F:7B:35:CC:08","62.275449101796404","4","1.1160714285714286","0","167","2022-05-20T19:43:00.000Z","1653075780",
"2551","22b77d7829c68dcd","E2:1F:7B:35:CC:08","74.25149700598803","5","1.3020833333333333","0","167","2022-05-20T19:44:00.000Z","1653075840",
"2551","22b77d7829c68dcd","E2:1F:7B:35:CC:08","67.06586826347305","2","1.3020833333333333","0","167","2022-05-20T19:45:00.000Z","1653075900",
"2551","22b77d7829c68dcd","E2:1F:7B:35:CC:08","56.287425149700596","1","1.1160714285714286","0","167","2022-05-20T19:46:00.000Z","1653075960",
"2551","22b77d7829c68dcd","E2:1F:7B:35:CC:08","51.49700598802395","3","1.2019230769230769","2","167","2022-05-20T19:47:00.000Z","1653076020",
"2551","22b77d7829c68dcd","E2:1F:7B:35:CC:08","50.29940119760479","3","1.3020833333333333","0","167","2022-05-20T19:48:00.000Z","1653076080",
"2551","22b77d7829c68dcd","E2:1F:7B:35:CC:08","52.69461077844311","0","1.3020833333333333","0","167","2022-05-20T19:49:00.000Z","1653076140",
"2551","22b77d7829c68dcd","E2:1F:7B:35:CC:08","58.68263473053892","2","1.2019230769230769","0","167","2022-05-20T19:50:00.000Z","1653076200",
"2551","22b77d7829c68dcd","E2:1F:7B:35:CC:08","57.48502994011976","2","1.4204545454545454","0","167","2022-05-20T19:51:00.000Z","1653076260",
"2551","22b77d7829c68dcd","E2:1F:7B:35:CC:08","77.8443113772455","2","1.5625","0","167","2022-05-20T19:52:00.000Z","1653076320",
"2551","22b77d7829c68dcd","E2:1F:7B:35:CC:08","100","7","2.232142857142857","0","167","2022-05-20T19:53:00.000Z","1653076380",
"2551","22b77d7829c68dcd","E2:1F:7B:35:CC:08","100","7","0.40064102564102566","4","167","2022-05-20T19:54:00.000Z","1653076440",
"2551","22b77d7829c68dcd","E2:1F:7B:35:CC:08","85.02994011976048","1","1.0416666666666667","0","167","2022-05-20T19:55:00.000Z","1653076500",
"2551","22b77d7829c68dcd","E2:1F:7B:35:CC:08","86.22754491017965","6","0.9191176470588235","0","167","2022-05-20T19:56:00.000Z","1653076560",
"2551","22b77d7829c68dcd","E2:1F:7B:35:CC:08","87.42514970059881","5","0.9765625","0","167","2022-05-20T19:57:00.000Z","1653076620",
"2551","22b77d7829c68dcd","E2:1F:7B:35:CC:08","59.880239520958085","2","1.0416666666666667","0","167","2022-05-20T19:58:00.000Z","1653076680",
"2551","22b77d7829c68dcd","E2:1F:7B:35:CC:08","44.31137724550898","0","0.8223684210526315","0","167","2022-05-20T19:59:00.000Z","1653076740",
"2551","22b77d7829c68dcd","E2:1F:7B:35:CC:08","39.52095808383233","4","0.8223684210526315","0","167","2022-05-20T20:00:00.000Z","1653076800",
"2551","22b77d7829c68dcd","E2:1F:7B:35:CC:08","37.125748502994014","1","0.7440476190476191","0","167","2022-05-20T20:01:00.000Z","1653076860",
"2551","22b77d7829c68dcd","E2:1F:7B:35:CC:08","71.8562874251497","5","1.1160714285714286","0","167","2022-05-20T20:02:00.000Z","1653076920",
"2551","22b77d7829c68dcd","E2:1F:7B:35:CC:08","77.8443113772455","2","1.0416666666666667","0","167","2022-05-20T20:03:00.000Z","1653076980",
"2551","22b77d7829c68dcd","E2:1F:7B:35:CC:08","57.48502994011976","4","0.9765625","0","167","2022-05-20T20:04:00.000Z","1653077040",
"2551","22b77d7829c68dcd","E2:1F:7B:35:CC:08","37.125748502994014","0","0.9765625","0","167","2022-05-20T20:05:00.000Z","1653077100",
"2551","22b77d7829c68dcd","E2:1F:7B:35:CC:08","49.10179640718563","5","1.2019230769230769","0","167","2022-05-20T20:06:00.000Z","1653077160",
"2551","22b77d7829c68dcd","E2:1F:7B:35:CC:08","81.437125748503","4","1.4204545454545454","0","167","2022-05-20T20:07:00.000Z","1653077220",
"2551","22b77d7829c68dcd","E2:1F:7B:35:CC:08","92.21556886227545","6","1.7361111111111112","1","167","2022-05-20T20:08:00.000Z","1653077280",
"2551","22b77d7829c68dcd","E2:1F:7B:35:CC:08","89.82035928143712","3","1.7361111111111112","0","167","2022-05-20T20:09:00.000Z","1653077340",
"2551","22b77d7829c68dcd","E2:1F:7B:35:CC:08","92.21556886227545","5","1.7361111111111112","4","167","2022-05-20T20:10:00.000Z","1653077400",
"2551","22b77d7829c68dcd","E2:1F:7B:35:CC:08","99.40119760479043","6","1.7361111111111112","0","167","2022-05-20T20:11:00.000Z","1653077460",
"2551","22b77d7829c68dcd","E2:1F:7B:35:CC:08","92.21556886227545","3","1.5625","0","167","2022-05-20T20:12:00.000Z","1653077520",
"2551","22b77d7829c68dcd","E2:1F:7B:35:CC:08","82.63473053892216","2","1.5625","0","167","2022-05-20T20:13:00.000Z","1653077580",
"2551","22b77d7829c68dcd","E2:1F:7B:35:CC:08","79.04191616766467","4","1.4204545454545454","1","167","2022-05-20T20:14:00.000Z","1653077640",
"2551","22b77d7829c68dcd","E2:1F:7B:35:CC:08","75.44910179640719","7","0.9191176470588235","15","167","2022-05-20T20:15:00.000Z","1653077700",
"2551","22b77d7829c68dcd","E2:1F:7B:35:CC:08","61.07784431137725","2","0.2741228070175439","0","167","2022-05-20T20:16:00.000Z","1653077760",
"2551","22b77d7829c68dcd","E2:1F:7B:35:CC:08","61.07784431137725","4","0.40064102564102566","9","167","2022-05-20T20:17:00.000Z","1653077820",
"2551","22b77d7829c68dcd","E2:1F:7B:35:CC:08","62.275449101796404","2","0.48828125","4","167","2022-05-20T20:18:00.000Z","1653077880",
"2551","22b77d7829c68dcd","E2:1F:7B:35:CC:08","59.880239520958085","8","0.5387931034482759","5","167","2022-05-20T20:19:00.000Z","1653077940",
"2551","22b77d7829c68dcd","E2:1F:7B:35:CC:08","61.07784431137725","6","0.5040322580645161","0","167","2022-05-20T20:20:00.000Z","1653078000",
"2551","22b77d7829c68dcd","E2:1F:7B:35:CC:08","68.26347305389221","7","0.4734848484848485","0","167","2022-05-20T20:21:00.000Z","1653078060",
"2551","22b77d7829c68dcd","E2:1F:7B:35:CC:08","56.287425149700596","3","0.4734848484848485","0","167","2022-05-20T20:22:00.000Z","1653078120",
"2551","22b77d7829c68dcd","E2:1F:7B:35:CC:08","49.10179640718563","1","0.45955882352941174","0","167","2022-05-20T20:23:00.000Z","1653078180",
"2551","22b77d7829c68dcd","E2:1F:7B:35:CC:08","41.91616766467066","1","0.2170138888888889","2","167","2022-05-20T20:24:00.000Z","1653078240",
"2551","22b77d7829c68dcd","E2:1F:7B:35:CC:08","53.89221556886228","9","0.30637254901960786","0","167","2022-05-20T20:25:00.000Z","1653078300",
"2551","22b77d7829c68dcd","E2:1F:7B:35:CC:08","55.08982035928144","7","0.31887755102040816","1","167","2022-05-20T20:26:00.000Z","1653078360",
"2551","22b77d7829c68dcd","E2:1F:7B:35:CC:08","52.69461077844311","9","0.31887755102040816","0","167","2022-05-20T20:27:00.000Z","1653078420",
"2551","22b77d7829c68dcd","E2:1F:7B:35:CC:08","52.69461077844311","5","0.3633720930232558","0","167","2022-05-20T20:28:00.000Z","1653078480",
"2551","22b77d7829c68dcd","E2:1F:7B:35:CC:08","59.880239520958085","10","0.38109756097560976","0","167","2022-05-20T20:29:00.000Z","1653078540",
"2551","22b77d7829c68dcd","E2:1F:7B:35:CC:08","55.08982035928144","3","0.37202380952380953","0","167","2022-05-20T20:30:00.000Z","1653078600",
"2551","22b77d7829c68dcd","E2:1F:7B:35:CC:08","45.50898203592814","4","0.38109756097560976","0","167","2022-05-20T20:31:00.000Z","1653078660",
"2551","22b77d7829c68dcd","E2:1F:7B:35:CC:08","38.32335329341317","3","0.38109756097560976","0","167","2022-05-20T20:32:00.000Z","1653078720",
"2551","22b77d7829c68dcd","E2:1F:7B:35:CC:08","46.706586826347305","7","0.37202380952380953","0","167","2022-05-20T20:33:00.000Z","1653078780",
"2551","22b77d7829c68dcd","E2:1F:7B:35:CC:08","55.08982035928144","11","0.38109756097560976","0","167","2022-05-20T20:34:00.000Z","1653078840",
"2551","22b77d7829c68dcd","E2:1F:7B:35:CC:08","50.29940119760479","4","0.40064102564102566","0","167","2022-05-20T20:35:00.000Z","1653078900",
"2551","22b77d7829c68dcd","E2:1F:7B:35:CC:08","47.90419161676647","5","0.38109756097560976","0","167","2022-05-20T20:36:00.000Z","1653078960",
"2551","22b77d7829c68dcd","E2:1F:7B:35:CC:08","52.69461077844311","6","0.3472222222222222","0","167","2022-05-20T20:37:00.000Z","1653079020",
"2551","22b77d7829c68dcd","E2:1F:7B:35:CC:08","50.29940119760479","7","0.37202380952380953","0","167","2022-05-20T20:38:00.000Z","1653079080",
"2551","22b77d7829c68dcd","E2:1F:7B:35:CC:08","59.880239520958085","4","0.31887755102040816","0","167","2022-05-20T20:39:00.000Z","1653079140",
"2551","22b77d7829c68dcd","E2:1F:7B:35:CC:08","64.67065868263474","4","0.3255208333333333","0","167","2022-05-20T20:40:00.000Z","1653079200",
"2551","22b77d7829c68dcd","E2:1F:7B:35:CC:08","57.48502994011976","4","0.41118421052631576","0","167","2022-05-20T20:41:00.000Z","1653079260",
"2551","22b77d7829c68dcd","E2:1F:7B:35:CC:08","62.275449101796404","9","0.3125","12","167","2022-05-20T20:42:00.000Z","1653079320",
"2551","22b77d7829c68dcd","E2:1F:7B:35:CC:08","62.275449101796404","3","0.244140625","2","167","2022-05-20T20:43:00.000Z","1653079380",
"2551","22b77d7829c68dcd","E2:1F:7B:35:CC:08","68.26347305389221","6","0.23674242424242425","2","167","2022-05-20T20:44:00.000Z","1653079440",
"2551","22b77d7829c68dcd","E2:1F:7B:35:CC:08","76.64670658682634","5","0.26939655172413796","1","167","2022-05-20T20:45:00.000Z","1653079500",
"2551","22b77d7829c68dcd","E2:1F:7B:35:CC:08","80.23952095808383","4","0.2604166666666667","14","167","2022-05-20T20:46:00.000Z","1653079560",
"2551","22b77d7829c68dcd","E2:1F:7B:35:CC:08","73.05389221556887","9","0.294811320754717","0","167","2022-05-20T20:47:00.000Z","1653079620",
"2551","22b77d7829c68dcd","E2:1F:7B:35:CC:08","59.880239520958085","2","0.294811320754717","0","167","2022-05-20T20:48:00.000Z","1653079680",
"2551","22b77d7829c68dcd","E2:1F:7B:35:CC:08","46.706586826347305","2","0.3125","0","167","2022-05-20T20:49:00.000Z","1653079740",
"2551","22b77d7829c68dcd","E2:1F:7B:35:CC:08","41.91616766467066","4","0.3125","0","167","2022-05-20T20:50:00.000Z","1653079800",
"2551","22b77d7829c68dcd","E2:1F:7B:35:CC:08","41.91616766467066","7","0.3004807692307692","0","167","2022-05-20T20:51:00.000Z","1653079860",
"2551","22b77d7829c68dcd","E2:1F:7B:35:CC:08","38.32335329341317","3","0.3004807692307692","1","167","2022-05-20T20:52:00.000Z","1653079920",
"2551","22b77d7829c68dcd","E2:1F:7B:35:CC:08","46.706586826347305","5","0.2840909090909091","2","167","2022-05-20T20:53:00.000Z","1653079980",
"2551","22b77d7829c68dcd","E2:1F:7B:35:CC:08","69.46107784431138","2","0.19778481012658228","5","167","2022-05-20T20:54:00.000Z","1653080040",
"2551","22b77d7829c68dcd","E2:1F:7B:35:CC:08","76.64670658682634","4","0.18382352941176472","1","167","2022-05-20T20:55:00.000Z","1653080100",
"2551","22b77d7829c68dcd","E2:1F:7B:35:CC:08","89.82035928143712","6","0.30637254901960786","5","167","2022-05-20T20:56:00.000Z","1653080160",
"2551","22b77d7829c68dcd","E2:1F:7B:35:CC:08","97.0059880239521","8","0.4222972972972973","7","167","2022-05-20T20:57:00.000Z","1653080220",
"2551","22b77d7829c68dcd","E2:1F:7B:35:CC:08","94.61077844311377","11","0.41118421052631576","1","167","2022-05-20T20:58:00.000Z","1653080280",
"2551","22b77d7829c68dcd","E2:1F:7B:35:CC:08","91.01796407185628","0","0.625","1","167","2022-05-20T20:59:00.000Z","1653080340",
"2551","22b77d7829c68dcd","E2:1F:7B:35:CC:08","80.23952095808383","7","0.7102272727272727","5","167","2022-05-20T21:00:00.000Z","1653080400",
"2551","22b77d7829c68dcd","E2:1F:7B:35:CC:08","69.46107784431138","2","0.7440476190476191","7","167","2022-05-20T21:01:00.000Z","1653080460",
"2551","22b77d7829c68dcd","E2:1F:7B:35:CC:08","57.48502994011976","3","0.6793478260869565","2","167","2022-05-20T21:02:00.000Z","1653080520",
"2551","22b77d7829c68dcd","E2:1F:7B:35:CC:08","62.275449101796404","6","1.3020833333333333","15","167","2022-05-20T21:03:00.000Z","1653080580",
"2551","22b77d7829c68dcd","E2:1F:7B:35:CC:08","74.25149700598803","6","1.1160714285714286","18","167","2022-05-20T21:04:00.000Z","1653080640",
"2551","22b77d7829c68dcd","E2:1F:7B:35:CC:08","89.82035928143712","7","1.2019230769230769","21","167","2022-05-20T21:05:00.000Z","1653080700",
"2551","22b77d7829c68dcd","E2:1F:7B:35:CC:08","80.23952095808383","2","1.2019230769230769","2","167","2022-05-20T21:06:00.000Z","1653080760",
"2551","22b77d7829c68dcd","E2:1F:7B:35:CC:08","75.44910179640719","2","0.9191176470588235","2","167","2022-05-20T21:07:00.000Z","1653080820",
"2551","22b77d7829c68dcd","E2:1F:7B:35:CC:08","85.02994011976048","6","0.9191176470588235","11","167","2022-05-20T21:08:00.000Z","1653080880",
"2551","22b77d7829c68dcd","E2:1F:7B:35:CC:08","83.83233532934132","2","0.78125","29","167","2022-05-20T21:09:00.000Z","1653080940",
"2551","22b77d7829c68dcd","E2:1F:7B:35:CC:08","95.80838323353294","11","0.8223684210526315","14","167","2022-05-20T21:10:00.000Z","1653081000",
"2551","22b77d7829c68dcd","E2:1F:7B:35:CC:08","97.0059880239521","6","0.7440476190476191","9","167","2022-05-20T21:11:00.000Z","1653081060",
"2551","22b77d7829c68dcd","E2:1F:7B:35:CC:08","100","5","1.2019230769230769","11","167","2022-05-20T21:12:00.000Z","1653081120",
"2551","22b77d7829c68dcd","E2:1F:7B:35:CC:08","100","10","1.3020833333333333","11","167","2022-05-20T21:13:00.000Z","1653081180",
"2551","22b77d7829c68dcd","E2:1F:7B:35:CC:08","88.62275449101796","8","0.8680555555555556","5","167","2022-05-20T21:14:00.000Z","1653081240",
"2551","22b77d7829c68dcd","E2:1F:7B:35:CC:08","73.05389221556887","3","0.78125","0","167","2022-05-20T21:15:00.000Z","1653081300",
"2551","22b77d7829c68dcd","E2:1F:7B:35:CC:08","58.68263473053892","1","0.6793478260869565","0","167","2022-05-20T21:16:00.000Z","1653081360",
"2551","22b77d7829c68dcd","E2:1F:7B:35:CC:08","62.275449101796404","5","0.625","1","167","2022-05-20T21:17:00.000Z","1653081420",
"2551","22b77d7829c68dcd","E2:1F:7B:35:CC:08","61.07784431137725","3","0.6009615384615384","0","167","2022-05-20T21:18:00.000Z","1653081480",
"2551","22b77d7829c68dcd","E2:1F:7B:35:CC:08","58.68263473053892","6","0.5208333333333334","0","167","2022-05-20T21:19:00.000Z","1653081540",
"2551","22b77d7829c68dcd","E2:1F:7B:35:CC:08","55.08982035928144","5","0.5208333333333334","0","167","2022-05-20T21:20:00.000Z","1653081600",
"2551","22b77d7829c68dcd","E2:1F:7B:35:CC:08","57.48502994011976","6","0.5208333333333334","0","167","2022-05-20T21:21:00.000Z","1653081660",
"2551","22b77d7829c68dcd","E2:1F:7B:35:CC:08","53.89221556886228","5","0.5208333333333334","0","167","2022-05-20T21:22:00.000Z","1653081720",
"2551","22b77d7829c68dcd","E2:1F:7B:35:CC:08","47.90419161676647","6","0.5208333333333334","0","167","2022-05-20T21:23:00.000Z","1653081780",
"2551","22b77d7829c68dcd","E2:1F:7B:35:CC:08","56.287425149700596","7","0.5580357142857143","0","167","2022-05-20T21:24:00.000Z","1653081840",
"2551","22b77d7829c68dcd","E2:1F:7B:35:CC:08","56.287425149700596","5","0.5580357142857143","0","167","2022-05-20T21:25:00.000Z","1653081900",
"2551","22b77d7829c68dcd","E2:1F:7B:35:CC:08","47.90419161676647","4","0.5040322580645161","1","167","2022-05-20T21:26:00.000Z","1653081960",
"2551","22b77d7829c68dcd","E2:1F:7B:35:CC:08","45.50898203592814","5","0.48828125","0","167","2022-05-20T21:27:00.000Z","1653082020",
"2551","22b77d7829c68dcd","E2:1F:7B:35:CC:08","52.69461077844311","6","0.25614754098360654","1","167","2022-05-20T21:28:00.000Z","1653082080",
"2551","22b77d7829c68dcd","E2:1F:7B:35:CC:08","71.8562874251497","10","0.25614754098360654","0","167","2022-05-20T21:29:00.000Z","1653082140",
"2551","22b77d7829c68dcd","E2:1F:7B:35:CC:08","74.25149700598803","2","0.22321428571428573","1","167","2022-05-20T21:30:00.000Z","1653082200",
"2551","22b77d7829c68dcd","E2:1F:7B:35:CC:08","73.05389221556887","11","0.24801587301587302","1","167","2022-05-20T21:31:00.000Z","1653082260",
"2551","22b77d7829c68dcd","E2:1F:7B:35:CC:08","69.46107784431138","10","0.2648305084745763","5","167","2022-05-20T21:32:00.000Z","1653082320",
"2551","22b77d7829c68dcd","E2:1F:7B:35:CC:08","76.64670658682634","7","0.3255208333333333","1","167","2022-05-20T21:33:00.000Z","1653082380",
"2551","22b77d7829c68dcd","E2:1F:7B:35:CC:08","100","10","0.6510416666666666","1","167","2022-05-20T21:34:00.000Z","1653082440",
"2551","22b77d7829c68dcd","E2:1F:7B:35:CC:08","100","4","0.6510416666666666","0","167","2022-05-20T21:35:00.000Z","1653082500",
"2551","22b77d7829c68dcd","E2:1F:7B:35:CC:08","81.437125748503","3","0.5580357142857143","0","167","2022-05-20T21:36:00.000Z","1653082560",
"2551","22b77d7829c68dcd","E2:1F:7B:35:CC:08","57.48502994011976","4","0.5040322580645161","1","167","2022-05-20T21:37:00.000Z","1653082620",
"2551","22b77d7829c68dcd","E2:1F:7B:35:CC:08","49.10179640718563","2","0.5208333333333334","0","167","2022-05-20T21:38:00.000Z","1653082680",
"2551","22b77d7829c68dcd","E2:1F:7B:35:CC:08","56.287425149700596","9","0.5387931034482759","1","167","2022-05-20T21:39:00.000Z","1653082740",
"2551","22b77d7829c68dcd","E2:1F:7B:35:CC:08","94.61077844311377","5","0.625","0","167","2022-05-20T21:40:00.000Z","1653082800",
"2551","22b77d7829c68dcd","E2:1F:7B:35:CC:08","93.41317365269461","3","0.6009615384615384","0","167","2022-05-20T21:41:00.000Z","1653082860",
"2551","22b77d7829c68dcd","E2:1F:7B:35:CC:08","100","6","0.7102272727272727","0","167","2022-05-20T21:42:00.000Z","1653082920",
"2551","22b77d7829c68dcd","E2:1F:7B:35:CC:08","100","7","0.9765625","1","167","2022-05-20T21:43:00.000Z","1653082980",
"2551","22b77d7829c68dcd","E2:1F:7B:35:CC:08","100","2","0.8223684210526315","8","167","2022-05-20T21:44:00.000Z","1653083040",
"2551","22b77d7829c68dcd","E2:1F:7B:35:CC:08","100","0","0.6009615384615384","5","167","2022-05-20T21:45:00.000Z","1653083100",
"2551","22b77d7829c68dcd","E2:1F:7B:35:CC:08","73.05389221556887","0","0.4734848484848485","0","167","2022-05-20T21:46:00.000Z","1653083160",
"2551","22b77d7829c68dcd","E2:1F:7B:35:CC:08","58.68263473053892","1","0.40064102564102566","0","167","2022-05-20T21:47:00.000Z","1653083220",
"2551","22b77d7829c68dcd","E2:1F:7B:35:CC:08","29.940119760479043","2","0.4222972972972973","0","167","2022-05-20T21:48:00.000Z","1653083280",
"2551","22b77d7829c68dcd","E2:1F:7B:35:CC:08","21.55688622754491","0","0.25614754098360654","0","167","2022-05-20T21:49:00.000Z","1653083340",
"2551","22b77d7829c68dcd","E2:1F:7B:35:CC:08","31.137724550898202","6","0.33967391304347827","0","167","2022-05-20T21:50:00.000Z","1653083400",
"2551","22b77d7829c68dcd","E2:1F:7B:35:CC:08","45.50898203592814","5","0.3324468085106383","0","167","2022-05-20T21:51:00.000Z","1653083460",
"2551","22b77d7829c68dcd","E2:1F:7B:35:CC:08","51.49700598802395","2","0.25201612903225806","7","167","2022-05-20T21:52:00.000Z","1653083520",
"2551","22b77d7829c68dcd","E2:1F:7B:35:CC:08","63.47305389221557","8","0.294811320754717","0","167","2022-05-20T21:53:00.000Z","1653083580",
"2551","22b77d7829c68dcd","E2:1F:7B:35:CC:08","55.08982035928144","4","0.26939655172413796","4","167","2022-05-20T21:54:00.000Z","1653083640",
"2551","22b77d7829c68dcd","E2:1F:7B:35:CC:08","58.68263473053892","5","0.20292207792207792","5","167","2022-05-20T21:55:00.000Z","1653083700",
"2551","22b77d7829c68dcd","E2:1F:7B:35:CC:08","70.65868263473054","11","0.25614754098360654","7","167","2022-05-20T21:56:00.000Z","1653083760",
"2551","22b77d7829c68dcd","E2:1F:7B:35:CC:08","79.04191616766467","3","0.27901785714285715","0","167","2022-05-20T21:57:00.000Z","1653083820",
"2551","22b77d7829c68dcd","E2:1F:7B:35:CC:08","100","11","0.4734848484848485","0","167","2022-05-20T21:58:00.000Z","1653083880",
"2551","22b77d7829c68dcd","E2:1F:7B:35:CC:08","91.01796407185628","7","0.5580357142857143","0","167","2022-05-20T21:59:00.000Z","1653083940",
"2551","22b77d7829c68dcd","E2:1F:7B:35:CC:08","83.83233532934132","4","0.6793478260869565","0","167","2022-05-20T22:00:00.000Z","1653084000",
"2551","22b77d7829c68dcd","E2:1F:7B:35:CC:08","87.42514970059881","3","0.7102272727272727","0","167","2022-05-20T22:01:00.000Z","1653084060",
"2551","22b77d7829c68dcd","E2:1F:7B:35:CC:08","80.23952095808383","7","0.6793478260869565","0","167","2022-05-20T22:02:00.000Z","1653084120",
"2551","22b77d7829c68dcd","E2:1F:7B:35:CC:08","92.21556886227545","7","1.1160714285714286","5","167","2022-05-20T22:03:00.000Z","1653084180",
"2551","22b77d7829c68dcd","E2:1F:7B:35:CC:08","100","5","0.9765625","2","167","2022-05-20T22:04:00.000Z","1653084240",
"2551","22b77d7829c68dcd","E2:1F:7B:35:CC:08","100","8","0.9191176470588235","5","167","2022-05-20T22:05:00.000Z","1653084300",
"2551","22b77d7829c68dcd","E2:1F:7B:35:CC:08","86.22754491017965","5","0.8680555555555556","0","167","2022-05-20T22:06:00.000Z","1653084360",
"2551","22b77d7829c68dcd","E2:1F:7B:35:CC:08","73.05389221556887","7","1.0416666666666667","0","167","2022-05-20T22:07:00.000Z","1653084420",
"2551","22b77d7829c68dcd","E2:1F:7B:35:CC:08","76.64670658682634","3","0.9191176470588235","0","167","2022-05-20T22:08:00.000Z","1653084480",
"2551","22b77d7829c68dcd","E2:1F:7B:35:CC:08","82.63473053892216","3","0.9765625","1","167","2022-05-20T22:09:00.000Z","1653084540",
"2551","22b77d7829c68dcd","E2:1F:7B:35:CC:08","64.67065868263474","2","0.6510416666666666","0","167","2022-05-20T22:10:00.000Z","1653084600",
"2551","22b77d7829c68dcd","E2:1F:7B:35:CC:08","63.47305389221557","2","0.6009615384615384","0","167","2022-05-20T22:11:00.000Z","1653084660",
"2551","22b77d7829c68dcd","E2:1F:7B:35:CC:08","47.90419161676647","3","0.5387931034482759","7","167","2022-05-20T22:12:00.000Z","1653084720",
"2551","22b77d7829c68dcd","E2:1F:7B:35:CC:08","50.29940119760479","2","0.4340277777777778","4","167","2022-05-20T22:13:00.000Z","1653084780",
"2551","22b77d7829c68dcd","E2:1F:7B:35:CC:08","44.31137724550898","6","0.4340277777777778","0","167","2022-05-20T22:14:00.000Z","1653084840",
"2551","22b77d7829c68dcd","E2:1F:7B:35:CC:08","37.125748502994014","2","0.45955882352941174","0","167","2022-05-20T22:15:00.000Z","1653084900",
"2551","22b77d7829c68dcd","E2:1F:7B:35:CC:08","39.52095808383233","4","0.3472222222222222","7","167","2022-05-20T22:16:00.000Z","1653084960",
"2551","22b77d7829c68dcd","E2:1F:7B:35:CC:08","62.275449101796404","6","0.2170138888888889","1","167","2022-05-20T22:19:00.000Z","1653085140",
"2551","22b77d7829c68dcd","E2:1F:7B:35:CC:08","94.61077844311377","8","0.13827433628318583","0","167","2022-05-20T22:20:00.000Z","1653085200",
"2551","22b77d7829c68dcd","E2:1F:7B:35:CC:08","100","0","0.1736111111111111","0","167","2022-05-20T22:21:00.000Z","1653085260",
"2551","22b77d7829c68dcd","E2:1F:7B:35:CC:08","100","12","0.15318627450980393","7","167","2022-05-20T22:23:00.000Z","1653085380",
"2551","22b77d7829c68dcd","E2:1F:7B:35:CC:08","100","13","0.2604166666666667","0","167","2022-05-20T22:24:00.000Z","1653085440",
"2551","22b77d7829c68dcd","E2:1F:7B:35:CC:08","100","5","0.25614754098360654","1","167","2022-05-20T22:25:00.000Z","1653085500",
"2551","22b77d7829c68dcd","E2:1F:7B:35:CC:08","100","7","0.20032051282051283","7","162","2022-05-20T22:30:00.000Z","1653085800",
"2551","22b77d7829c68dcd","E2:1F:7B:35:CC:08","100","8","0.2648305084745763","0","162","2022-05-20T22:31:00.000Z","1653085860",
"2551","22b77d7829c68dcd","E2:1F:7B:35:CC:08","82.71604938271605","11","0.2840909090909091","0","162","2022-05-20T22:32:00.000Z","1653085920",
"2551","22b77d7829c68dcd","E2:1F:7B:35:CC:08","64.19753086419753","9","0.1488095238095238","4","162","2022-05-20T22:33:00.000Z","1653085980",
"2551","22b77d7829c68dcd","E2:1F:7B:35:CC:08","100","9","0.3004807692307692","0","162","2022-05-20T22:34:00.000Z","1653086040",
"2551","22b77d7829c68dcd","E2:1F:7B:35:CC:08","100","0","0.1502403846153846","2","162","2022-05-20T22:36:00.000Z","1653086160",
"2551","22b77d7829c68dcd","E2:1F:7B:35:CC:08","100","11","0.16276041666666666","1","162","2022-05-20T22:37:00.000Z","1653086220",
"2551","22b77d7829c68dcd","E2:1F:7B:35:CC:08","100","7","0.3633720930232558","4","162","2022-05-20T22:38:00.000Z","1653086280",
"2551","22b77d7829c68dcd","E2:1F:7B:35:CC:08","100","4","0.25614754098360654","0","162","2022-05-20T22:39:00.000Z","1653086340",
"2551","22b77d7829c68dcd","E2:1F:7B:35:CC:08","100","4","0.26939655172413796","12","162","2022-05-20T22:40:00.000Z","1653086400",
"2551","22b77d7829c68dcd","E2:1F:7B:35:CC:08","100","0","0.1547029702970297","21","162","2022-05-20T22:41:00.000Z","1653086460",
"2551","22b77d7829c68dcd","E2:1F:7B:35:CC:08","100","5","0.5208333333333334","16","162","2022-05-20T22:42:00.000Z","1653086520",
"2551","22b77d7829c68dcd","E2:1F:7B:35:CC:08","100","6","0.7440476190476191","0","162","2022-05-20T22:43:00.000Z","1653086580",
"2551","22b77d7829c68dcd","E2:1F:7B:35:CC:08","92.5925925925926","2","0.12807377049180327","7","162","2022-05-20T22:44:00.000Z","1653086640",
"2551","22b77d7829c68dcd","E2:1F:7B:35:CC:08","90.12345679012346","9","0.2840909090909091","0","162","2022-05-20T22:45:00.000Z","1653086700",
"2551","22b77d7829c68dcd","E2:1F:7B:35:CC:08","87.65432098765432","6","0.30637254901960786","1","162","2022-05-20T22:46:00.000Z","1653086760",
"2551","22b77d7829c68dcd","E2:1F:7B:35:CC:08","83.95061728395062","8","0.15782828282828282","0","162","2022-05-20T22:47:00.000Z","1653086820",
"2551","22b77d7829c68dcd","E2:1F:7B:35:CC:08","70.37037037037037","2","0.19290123456790123","0","162","2022-05-20T22:48:00.000Z","1653086880",
"2551","22b77d7829c68dcd","E2:1F:7B:35:CC:08","38.27160493827161","0","0.19778481012658228","0","162","2022-05-20T22:49:00.000Z","1653086940",
"2551","22b77d7829c68dcd","E2:1F:7B:35:CC:08","24.691358024691358","0","0.15943877551020408","0","162","2022-05-20T22:50:00.000Z","1653087000",
"2551","22b77d7829c68dcd","E2:1F:7B:35:CC:08","45.67901234567901","11","0.21114864864864866","0","162","2022-05-20T22:51:00.000Z","1653087060",
"2551","22b77d7829c68dcd","E2:1F:7B:35:CC:08","39.50617283950617","0","0.244140625","0","162","2022-05-20T22:52:00.000Z","1653087120",
"2551","22b77d7829c68dcd","E2:1F:7B:35:CC:08","25.925925925925927","0","0.2604166666666667","0","162","2022-05-20T22:53:00.000Z","1653087180",
"2551","22b77d7829c68dcd","E2:1F:7B:35:CC:08","17.28395061728395","0","0.2741228070175439","0","162","2022-05-20T22:54:00.000Z","1653087240",
"2551","22b77d7829c68dcd","E2:1F:7B:35:CC:08","12.345679012345679","0","0.28935185185185186","0","162","2022-05-20T22:55:00.000Z","1653087300",
"2551","22b77d7829c68dcd","E2:1F:7B:35:CC:08","13.580246913580247","0","0.3004807692307692","0","162","2022-05-20T22:56:00.000Z","1653087360",
"2551","22b77d7829c68dcd","E2:1F:7B:35:CC:08","13.580246913580247","0","0.30637254901960786","0","162","2022-05-20T22:57:00.000Z","1653087420",
"2551","22b77d7829c68dcd","E2:1F:7B:35:CC:08","9.876543209876543","0","0.31887755102040816","0","162","2022-05-20T22:58:00.000Z","1653087480",
"2551","22b77d7829c68dcd","E2:1F:7B:35:CC:08","7.407407407407407","0","0.3324468085106383","0","162","2022-05-20T22:59:00.000Z","1653087540",
"2551","22b77d7829c68dcd","E2:1F:7B:35:CC:08","6.172839506172839","0","0.33967391304347827","0","162","2022-05-20T23:00:00.000Z","1653087600",
"2551","22b77d7829c68dcd","E2:1F:7B:35:CC:08","6.172839506172839","0","0.35511363636363635","0","162","2022-05-20T23:01:00.000Z","1653087660",
"2551","22b77d7829c68dcd","E2:1F:7B:35:CC:08","6.172839506172839","0","0.3633720930232558","0","162","2022-05-20T23:02:00.000Z","1653087720",
"2551","22b77d7829c68dcd","E2:1F:7B:35:CC:08","4.938271604938271","0","0.38109756097560976","0","162","2022-05-20T23:03:00.000Z","1653087780",
"2551","22b77d7829c68dcd","E2:1F:7B:35:CC:08","4.938271604938271","0","0.390625","0","162","2022-05-20T23:04:00.000Z","1653087840",
"2551","22b77d7829c68dcd","E2:1F:7B:35:CC:08","6.172839506172839","0","0.2741228070175439","0","162","2022-05-20T23:05:00.000Z","1653087900",
"2551","22b77d7829c68dcd","E2:1F:7B:35:CC:08","16.049382716049383","0","0.294811320754717","0","162","2022-05-20T23:06:00.000Z","1653087960",
"2551","22b77d7829c68dcd","E2:1F:7B:35:CC:08","17.28395061728395","0","0.3324468085106383","0","162","2022-05-20T23:07:00.000Z","1653088020",
"2551","22b77d7829c68dcd","E2:1F:7B:35:CC:08","18.51851851851852","0","0.3472222222222222","0","162","2022-05-20T23:08:00.000Z","1653088080",
"2551","22b77d7829c68dcd","E2:1F:7B:35:CC:08","9.876543209876543","0","0.35511363636363635","0","162","2022-05-20T23:09:00.000Z","1653088140",
"2551","22b77d7829c68dcd","E2:1F:7B:35:CC:08","25.925925925925927","1","0.1953125","1","162","2022-05-20T23:10:00.000Z","1653088200",
"2551","22b77d7829c68dcd","E2:1F:7B:35:CC:08","71.60493827160494","6","0.1816860465116279","8","162","2022-05-20T23:11:00.000Z","1653088260",
"2551","22b77d7829c68dcd","E2:1F:7B:35:CC:08","80.24691358024691","8","0.23674242424242425","0","162","2022-05-20T23:12:00.000Z","1653088320",
"2551","22b77d7829c68dcd","E2:1F:7B:35:CC:08","44.44444444444444","0","0.2648305084745763","0","162","2022-05-20T23:13:00.000Z","1653088380",
"2551","22b77d7829c68dcd","E2:1F:7B:35:CC:08","25.925925925925927","0","0.2840909090909091","0","162","2022-05-20T23:14:00.000Z","1653088440",
"2551","22b77d7829c68dcd","E2:1F:7B:35:CC:08","14.814814814814815","0","0.3004807692307692","0","162","2022-05-20T23:15:00.000Z","1653088500",
"2551","22b77d7829c68dcd","E2:1F:7B:35:CC:08","11.11111111111111","0","0.3125","0","162","2022-05-20T23:16:00.000Z","1653088560",
"2551","22b77d7829c68dcd","E2:1F:7B:35:CC:08","7.407407407407407","0","0.3255208333333333","0","162","2022-05-20T23:17:00.000Z","1653088620",
"2551","22b77d7829c68dcd","E2:1F:7B:35:CC:08","7.407407407407407","0","0.33967391304347827","0","162","2022-05-20T23:18:00.000Z","1653088680",
"2551","22b77d7829c68dcd","E2:1F:7B:35:CC:08","8.641975308641975","0","0.3633720930232558","0","162","2022-05-20T23:19:00.000Z","1653088740",
"2551","22b77d7829c68dcd","E2:1F:7B:35:CC:08","7.407407407407407","0","0.37202380952380953","0","162","2022-05-20T23:20:00.000Z","1653088800",
"2551","22b77d7829c68dcd","E2:1F:7B:35:CC:08","6.172839506172839","0","0.390625","0","162","2022-05-20T23:21:00.000Z","1653088860",
"2551","22b77d7829c68dcd","E2:1F:7B:35:CC:08","7.407407407407407","0","0.41118421052631576","0","162","2022-05-20T23:22:00.000Z","1653088920",
"2551","22b77d7829c68dcd","E2:1F:7B:35:CC:08","12.345679012345679","0","0.4222972972972973","0","162","2022-05-20T23:23:00.000Z","1653088980",
"2551","22b77d7829c68dcd","E2:1F:7B:35:CC:08","11.11111111111111","0","0.44642857142857145","0","162","2022-05-20T23:24:00.000Z","1653089040",
"2551","22b77d7829c68dcd","E2:1F:7B:35:CC:08","16.049382716049383","2","0.48828125","0","162","2022-05-20T23:25:00.000Z","1653089100",
"2551","22b77d7829c68dcd","E2:1F:7B:35:CC:08","12.345679012345679","0","0.48828125","0","162","2022-05-20T23:26:00.000Z","1653089160",
"2551","22b77d7829c68dcd","E2:1F:7B:35:CC:08","9.876543209876543","0","0.5040322580645161","0","162","2022-05-20T23:27:00.000Z","1653089220",
"2551","22b77d7829c68dcd","E2:1F:7B:35:CC:08","7.407407407407407","0","0.5040322580645161","0","162","2022-05-20T23:28:00.000Z","1653089280",
"2551","22b77d7829c68dcd","E2:1F:7B:35:CC:08","7.407407407407407","0","0.5208333333333334","0","162","2022-05-20T23:29:00.000Z","1653089340",
"2551","22b77d7829c68dcd","E2:1F:7B:35:CC:08","8.641975308641975","0","0.5387931034482759","0","162","2022-05-20T23:30:00.000Z","1653089400",
"2551","22b77d7829c68dcd","E2:1F:7B:35:CC:08","16.049382716049383","5","0.5387931034482759","0","162","2022-05-20T23:31:00.000Z","1653089460",
"2551","22b77d7829c68dcd","E2:1F:7B:35:CC:08","20.987654320987655","0","0.5787037037037037","0","162","2022-05-20T23:32:00.000Z","1653089520",
"2551","22b77d7829c68dcd","E2:1F:7B:35:CC:08","16.049382716049383","0","0.625","0","162","2022-05-20T23:33:00.000Z","1653089580",
"2551","22b77d7829c68dcd","E2:1F:7B:35:CC:08","11.11111111111111","0","0.6510416666666666","0","162","2022-05-20T23:34:00.000Z","1653089640",
"2551","22b77d7829c68dcd","E2:1F:7B:35:CC:08","8.641975308641975","0","0.7102272727272727","0","162","2022-05-20T23:35:00.000Z","1653089700",
"2551","22b77d7829c68dcd","E2:1F:7B:35:CC:08","7.407407407407407","0","0.7440476190476191","0","162","2022-05-20T23:36:00.000Z","1653089760",
"2551","22b77d7829c68dcd","E2:1F:7B:35:CC:08","7.407407407407407","0","0.78125","0","162","2022-05-20T23:37:00.000Z","1653089820",
"2551","22b77d7829c68dcd","E2:1F:7B:35:CC:08","7.407407407407407","0","0.8223684210526315","0","162","2022-05-20T23:38:00.000Z","1653089880",
"2551","22b77d7829c68dcd","E2:1F:7B:35:CC:08","12.345679012345679","0","0.9191176470588235","0","162","2022-05-20T23:39:00.000Z","1653089940",
"2551","22b77d7829c68dcd","E2:1F:7B:35:CC:08","17.28395061728395","1","0.9765625","0","162","2022-05-20T23:40:00.000Z","1653090000",
"2551","22b77d7829c68dcd","E2:1F:7B:35:CC:08","22.22222222222222","4","1.0416666666666667","0","162","2022-05-20T23:41:00.000Z","1653090060",
"2551","22b77d7829c68dcd","E2:1F:7B:35:CC:08","19.753086419753085","1","1.0416666666666667","0","162","2022-05-20T23:42:00.000Z","1653090120",
"2551","22b77d7829c68dcd","E2:1F:7B:35:CC:08","13.580246913580247","0","1.1160714285714286","0","162","2022-05-20T23:43:00.000Z","1653090180",
"2551","22b77d7829c68dcd","E2:1F:7B:35:CC:08","13.580246913580247","0","1.1160714285714286","0","162","2022-05-20T23:44:00.000Z","1653090240",
"2551","22b77d7829c68dcd","E2:1F:7B:35:CC:08","13.580246913580247","0","1.2019230769230769","0","162","2022-05-20T23:45:00.000Z","1653090300",
"2551","22b77d7829c68dcd","E2:1F:7B:35:CC:08","16.049382716049383","0","1.2019230769230769","0","162","2022-05-20T23:46:00.000Z","1653090360",
"2551","22b77d7829c68dcd","E2:1F:7B:35:CC:08","20.987654320987655","3","0.78125","0","162","2022-05-20T23:47:00.000Z","1653090420",
"2551","22b77d7829c68dcd","E2:1F:7B:35:CC:08","24.691358024691358","1","0.78125","0","162","2022-05-20T23:48:00.000Z","1653090480",
"2551","22b77d7829c68dcd","E2:1F:7B:35:CC:08","29.62962962962963","4","0.78125","0","162","2022-05-20T23:49:00.000Z","1653090540",
"2551","22b77d7829c68dcd","E2:1F:7B:35:CC:08","38.27160493827161","3","0.8680555555555556","0","162","2022-05-20T23:50:00.000Z","1653090600",
"2551","22b77d7829c68dcd","E2:1F:7B:35:CC:08","49.382716049382715","4","0.8680555555555556","0","162","2022-05-20T23:51:00.000Z","1653090660",
"2551","22b77d7829c68dcd","E2:1F:7B:35:CC:08","40.74074074074074","0","0.8223684210526315","0","162","2022-05-20T23:52:00.000Z","1653090720",
"2551","22b77d7829c68dcd","E2:1F:7B:35:CC:08","51.851851851851855","8","0.78125","0","162","2022-05-20T23:53:00.000Z","1653090780",
"2551","22b77d7829c68dcd","E2:1F:7B:35:CC:08","37.03703703703704","0","0.8223684210526315","0","162","2022-05-20T23:54:00.000Z","1653090840",
"2551","22b77d7829c68dcd","E2:1F:7B:35:CC:08","17.28395061728395","0","0.8680555555555556","0","162","2022-05-20T23:55:00.000Z","1653090900",
"2551","22b77d7829c68dcd","E2:1F:7B:35:CC:08","8.641975308641975","0","0.8223684210526315","0","162","2022-05-20T23:56:00.000Z","1653090960",
"2551","22b77d7829c68dcd","E2:1F:7B:35:CC:08","8.641975308641975","0","0.8223684210526315","0","162","2022-05-20T23:57:00.000Z","1653091020",
"2551","22b77d7829c68dcd","E2:1F:7B:35:CC:08","18.51851851851852","1","0.8223684210526315","0","162","2022-05-20T23:58:00.000Z","1653091080",
"2551","22b77d7829c68dcd","E2:1F:7B:35:CC:08","12.345679012345679","0","0.8680555555555556","0","162","2022-05-20T23:59:00.000Z","1653091140",
"2551","22b77d7829c68dcd","E2:1F:7B:35:CC:08","4.938271604938271","0","0.8680555555555556","0","162","2022-05-21T00:00:00.000Z","1653091200",
"2551","22b77d7829c68dcd","E2:1F:7B:35:CC:08","3.7037037037037037","0","0.8680555555555556","0","162","2022-05-21T00:01:00.000Z","1653091260",
"2551","22b77d7829c68dcd","E2:1F:7B:35:CC:08","3.7037037037037037","0","0.9191176470588235","0","162","2022-05-21T00:02:00.000Z","1653091320",
"2551","22b77d7829c68dcd","E2:1F:7B:35:CC:08","3.7037037037037037","0","0.9191176470588235","0","162","2022-05-21T00:03:00.000Z","1653091380",
"2551","22b77d7829c68dcd","E2:1F:7B:35:CC:08","19.753086419753085","2","0.8680555555555556","0","162","2022-05-21T00:04:00.000Z","1653091440",
"2551","22b77d7829c68dcd","E2:1F:7B:35:CC:08","23.45679012345679","0","0.9191176470588235","0","162","2022-05-21T00:05:00.000Z","1653091500",
"2551","22b77d7829c68dcd","E2:1F:7B:35:CC:08","9.876543209876543","0","0.9765625","0","162","2022-05-21T00:06:00.000Z","1653091560",
"2551","22b77d7829c68dcd","E2:1F:7B:35:CC:08","4.938271604938271","0","0.9765625","0","162","2022-05-21T00:07:00.000Z","1653091620",
"2551","22b77d7829c68dcd","E2:1F:7B:35:CC:08","2.4691358024691357","0","1.0416666666666667","0","162","2022-05-21T00:08:00.000Z","1653091680",
"2551","22b77d7829c68dcd","E2:1F:7B:35:CC:08","2.4691358024691357","0","1.0416666666666667","0","162","2022-05-21T00:09:00.000Z","1653091740",
"2551","22b77d7829c68dcd","E2:1F:7B:35:CC:08","2.4691358024691357","0","1.0416666666666667","0","162","2022-05-21T00:10:00.000Z","1653091800",
"2551","22b77d7829c68dcd","E2:1F:7B:35:CC:08","2.4691358024691357","0","1.1160714285714286","0","162","2022-05-21T00:11:00.000Z","1653091860",
"2551","22b77d7829c68dcd","E2:1F:7B:35:CC:08","2.4691358024691357","0","1.1160714285714286","0","162","2022-05-21T00:12:00.000Z","1653091920",
"2551","22b77d7829c68dcd","E2:1F:7B:35:CC:08","2.4691358024691357","0","1.1160714285714286","0","162","2022-05-21T00:13:00.000Z","1653091980",
"2551","22b77d7829c68dcd","E2:1F:7B:35:CC:08","9.876543209876543","1","0.5040322580645161","0","162","2022-05-21T00:14:00.000Z","1653092040",
"2551","22b77d7829c68dcd","E2:1F:7B:35:CC:08","11.11111111111111","0","0.5208333333333334","0","162","2022-05-21T00:15:00.000Z","1653092100",
"2551","22b77d7829c68dcd","E2:1F:7B:35:CC:08","6.172839506172839","0","0.5208333333333334","0","162","2022-05-21T00:16:00.000Z","1653092160",
"2551","22b77d7829c68dcd","E2:1F:7B:35:CC:08","4.938271604938271","0","0.5208333333333334","0","162","2022-05-21T00:17:00.000Z","1653092220",
"2551","22b77d7829c68dcd","E2:1F:7B:35:CC:08","3.7037037037037037","0","0.5208333333333334","0","162","2022-05-21T00:18:00.000Z","1653092280",
"2551","22b77d7829c68dcd","E2:1F:7B:35:CC:08","4.938271604938271","0","0.5208333333333334","0","162","2022-05-21T00:19:00.000Z","1653092340",
"2551","22b77d7829c68dcd","E2:1F:7B:35:CC:08","3.7037037037037037","0","0.5208333333333334","0","162","2022-05-21T00:20:00.000Z","1653092400",
"2551","22b77d7829c68dcd","E2:1F:7B:35:CC:08","2.4691358024691357","0","0.5208333333333334","0","162","2022-05-21T00:21:00.000Z","1653092460",
"2551","22b77d7829c68dcd","E2:1F:7B:35:CC:08","2.4691358024691357","0","0.5208333333333334","0","162","2022-05-21T00:22:00.000Z","1653092520",
"2551","22b77d7829c68dcd","E2:1F:7B:35:CC:08","3.7037037037037037","0","0.5208333333333334","0","162","2022-05-21T00:23:00.000Z","1653092580",
"2551","22b77d7829c68dcd","E2:1F:7B:35:CC:08","2.4691358024691357","0","0.5208333333333334","0","162","2022-05-21T00:24:00.000Z","1653092640",
"2551","22b77d7829c68dcd","E2:1F:7B:35:CC:08","2.4691358024691357","0","0.5208333333333334","0","162","2022-05-21T00:25:00.000Z","1653092700",
"2551","22b77d7829c68dcd","E2:1F:7B:35:CC:08","3.7037037037037037","0","0.5208333333333334","0","162","2022-05-21T00:26:00.000Z","1653092760",
"2551","22b77d7829c68dcd","E2:1F:7B:35:CC:08","6.172839506172839","0","0.5208333333333334","0","162","2022-05-21T00:27:00.000Z","1653092820",
"2551","22b77d7829c68dcd","E2:1F:7B:35:CC:08","4.938271604938271","0","0.5208333333333334","0","162","2022-05-21T00:28:00.000Z","1653092880",
"2551","22b77d7829c68dcd","E2:1F:7B:35:CC:08","3.7037037037037037","0","0.5208333333333334","0","162","2022-05-21T00:29:00.000Z","1653092940",
"2551","22b77d7829c68dcd","E2:1F:7B:35:CC:08","4.938271604938271","0","0.5387931034482759","0","162","2022-05-21T00:30:00.000Z","1653093000",
"2551","22b77d7829c68dcd","E2:1F:7B:35:CC:08","4.938271604938271","0","0.5387931034482759","0","162","2022-05-21T00:31:00.000Z","1653093060",
"2551","22b77d7829c68dcd","E2:1F:7B:35:CC:08","4.938271604938271","0","0.5387931034482759","0","162","2022-05-21T00:32:00.000Z","1653093120",
"2551","22b77d7829c68dcd","E2:1F:7B:35:CC:08","6.172839506172839","1","0.5387931034482759","0","162","2022-05-21T00:33:00.000Z","1653093180",
"2551","22b77d7829c68dcd","E2:1F:7B:35:CC:08","18.51851851851852","0","0.6009615384615384","0","162","2022-05-21T00:34:00.000Z","1653093240",
"2551","22b77d7829c68dcd","E2:1F:7B:35:CC:08","55.55555555555556","0","0.48828125","0","162","2022-05-21T00:35:00.000Z","1653093300",
"2551","22b77d7829c68dcd","E2:1F:7B:35:CC:08","25.925925925925927","0","0.5040322580645161","0","162","2022-05-21T00:36:00.000Z","1653093360",
"2551","22b77d7829c68dcd","E2:1F:7B:35:CC:08","9.876543209876543","0","0.5208333333333334","0","162","2022-05-21T00:37:00.000Z","1653093420",
"2551","22b77d7829c68dcd","E2:1F:7B:35:CC:08","6.172839506172839","0","0.5208333333333334","0","162","2022-05-21T00:38:00.000Z","1653093480",
"2551","22b77d7829c68dcd","E2:1F:7B:35:CC:08","4.938271604938271","0","0.5208333333333334","0","162","2022-05-21T00:39:00.000Z","1653093540",
"2551","22b77d7829c68dcd","E2:1F:7B:35:CC:08","6.172839506172839","0","0.5387931034482759","0","162","2022-05-21T00:40:00.000Z","1653093600",
"2551","22b77d7829c68dcd","E2:1F:7B:35:CC:08","12.345679012345679","0","0.5787037037037037","0","162","2022-05-21T00:41:00.000Z","1653093660",
"2551","22b77d7829c68dcd","E2:1F:7B:35:CC:08","17.28395061728395","0","0.5787037037037037","0","162","2022-05-21T00:42:00.000Z","1653093720",
"2551","22b77d7829c68dcd","E2:1F:7B:35:CC:08","17.28395061728395","1","0.5787037037037037","0","162","2022-05-21T00:43:00.000Z","1653093780",
"2551","22b77d7829c68dcd","E2:1F:7B:35:CC:08","14.814814814814815","0","0.5580357142857143","0","162","2022-05-21T00:44:00.000Z","1653093840",
"2551","22b77d7829c68dcd","E2:1F:7B:35:CC:08","9.876543209876543","0","0.5387931034482759","0","162","2022-05-21T00:45:00.000Z","1653093900",
"2551","22b77d7829c68dcd","E2:1F:7B:35:CC:08","7.407407407407407","0","0.5387931034482759","0","162","2022-05-21T00:46:00.000Z","1653093960",
"2551","22b77d7829c68dcd","E2:1F:7B:35:CC:08","6.172839506172839","0","0.5387931034482759","0","162","2022-05-21T00:47:00.000Z","1653094020",
"2551","22b77d7829c68dcd","E2:1F:7B:35:CC:08","7.407407407407407","0","0.5387931034482759","0","162","2022-05-21T00:48:00.000Z","1653094080",
"2551","22b77d7829c68dcd","E2:1F:7B:35:CC:08","6.172839506172839","0","0.5208333333333334","0","162","2022-05-21T00:49:00.000Z","1653094140",
"2551","22b77d7829c68dcd","E2:1F:7B:35:CC:08","4.938271604938271","0","0.5208333333333334","0","162","2022-05-21T00:50:00.000Z","1653094200",
"2551","22b77d7829c68dcd","E2:1F:7B:35:CC:08","24.691358024691358","4","0.1816860465116279","2","162","2022-05-21T00:51:00.000Z","1653094260",
"2551","22b77d7829c68dcd","E2:1F:7B:35:CC:08","53.08641975308642","2","0.22007042253521128","0","162","2022-05-21T00:52:00.000Z","1653094320",
"2551","22b77d7829c68dcd","E2:1F:7B:35:CC:08","29.62962962962963","0","0.22644927536231885","0","162","2022-05-21T00:53:00.000Z","1653094380",
"2551","22b77d7829c68dcd","E2:1F:7B:35:CC:08","18.51851851851852","0","0.23674242424242425","0","162","2022-05-21T00:54:00.000Z","1653094440",
"2551","22b77d7829c68dcd","E2:1F:7B:35:CC:08","11.11111111111111","0","0.244140625","0","162","2022-05-21T00:55:00.000Z","1653094500",
"2551","22b77d7829c68dcd","E2:1F:7B:35:CC:08","7.407407407407407","0","0.24801587301587302","0","162","2022-05-21T00:56:00.000Z","1653094560",
"2551","22b77d7829c68dcd","E2:1F:7B:35:CC:08","8.641975308641975","0","0.24801587301587302","0","162","2022-05-21T00:57:00.000Z","1653094620",
"2551","22b77d7829c68dcd","E2:1F:7B:35:CC:08","8.641975308641975","0","0.24801587301587302","0","162","2022-05-21T00:58:00.000Z","1653094680",
"2551","22b77d7829c68dcd","E2:1F:7B:35:CC:08","7.407407407407407","0","0.25201612903225806","0","162","2022-05-21T00:59:00.000Z","1653094740",
"2551","22b77d7829c68dcd","E2:1F:7B:35:CC:08","7.407407407407407","0","0.25201612903225806","0","162","2022-05-21T01:00:00.000Z","1653094800",
"2551","22b77d7829c68dcd","E2:1F:7B:35:CC:08","7.407407407407407","0","0.25201612903225806","0","162","2022-05-21T01:01:00.000Z","1653094860",
"2551","22b77d7829c68dcd","E2:1F:7B:35:CC:08","4.938271604938271","0","0.2604166666666667","0","162","2022-05-21T01:02:00.000Z","1653094920",
"2551","22b77d7829c68dcd","E2:1F:7B:35:CC:08","9.876543209876543","0","0.2648305084745763","0","162","2022-05-21T01:03:00.000Z","1653094980",
"2551","22b77d7829c68dcd","E2:1F:7B:35:CC:08","8.641975308641975","0","0.2648305084745763","0","162","2022-05-21T01:04:00.000Z","1653095040",
"2551","22b77d7829c68dcd","E2:1F:7B:35:CC:08","7.407407407407407","0","0.26939655172413796","0","162","2022-05-21T01:05:00.000Z","1653095100",
"2551","22b77d7829c68dcd","E2:1F:7B:35:CC:08","8.641975308641975","0","0.2741228070175439","0","162","2022-05-21T01:06:00.000Z","1653095160",
"2551","22b77d7829c68dcd","E2:1F:7B:35:CC:08","8.641975308641975","0","0.26939655172413796","0","162","2022-05-21T01:07:00.000Z","1653095220",
"2551","22b77d7829c68dcd","E2:1F:7B:35:CC:08","6.172839506172839","0","0.26939655172413796","0","162","2022-05-21T01:08:00.000Z","1653095280",
"2551","22b77d7829c68dcd","E2:1F:7B:35:CC:08","6.172839506172839","0","0.26939655172413796","0","162","2022-05-21T01:09:00.000Z","1653095340",
"2551","22b77d7829c68dcd","E2:1F:7B:35:CC:08","4.938271604938271","0","0.26939655172413796","0","162","2022-05-21T01:10:00.000Z","1653095400",
"2551","22b77d7829c68dcd","E2:1F:7B:35:CC:08","6.172839506172839","0","0.26939655172413796","0","162","2022-05-21T01:11:00.000Z","1653095460",
"2551","22b77d7829c68dcd","E2:1F:7B:35:CC:08","6.172839506172839","0","0.26939655172413796","0","162","2022-05-21T01:12:00.000Z","1653095520",
"2551","22b77d7829c68dcd","E2:1F:7B:35:CC:08","8.641975308641975","0","0.26939655172413796","0","162","2022-05-21T01:13:00.000Z","1653095580",
"2551","22b77d7829c68dcd","E2:1F:7B:35:CC:08","4.938271604938271","0","0.2741228070175439","0","162","2022-05-21T01:14:00.000Z","1653095640",
"2551","22b77d7829c68dcd","E2:1F:7B:35:CC:08","4.938271604938271","0","0.244140625","1","162","2022-05-21T01:15:00.000Z","1653095700",
"2551","22b77d7829c68dcd","E2:1F:7B:35:CC:08","41.97530864197531","4","0.2741228070175439","2","162","2022-05-21T01:16:00.000Z","1653095760",
"2551","22b77d7829c68dcd","E2:1F:7B:35:CC:08","61.72839506172839","8","0.37202380952380953","0","162","2022-05-21T01:17:00.000Z","1653095820",
"2551","22b77d7829c68dcd","E2:1F:7B:35:CC:08","40.74074074074074","0","0.4222972972972973","0","162","2022-05-21T01:18:00.000Z","1653095880",
"2551","22b77d7829c68dcd","E2:1F:7B:35:CC:08","29.62962962962963","0","0.4734848484848485","0","162","2022-05-21T01:19:00.000Z","1653095940",
"2551","22b77d7829c68dcd","E2:1F:7B:35:CC:08","22.22222222222222","0","0.5208333333333334","0","162","2022-05-21T01:20:00.000Z","1653096000",
"2551","22b77d7829c68dcd","E2:1F:7B:35:CC:08","18.51851851851852","0","0.5580357142857143","0","162","2022-05-21T01:21:00.000Z","1653096060",
"2551","22b77d7829c68dcd","E2:1F:7B:35:CC:08","16.049382716049383","0","0.6009615384615384","0","162","2022-05-21T01:22:00.000Z","1653096120",
"2551","22b77d7829c68dcd","E2:1F:7B:35:CC:08","14.814814814814815","0","0.6510416666666666","0","162","2022-05-21T01:23:00.000Z","1653096180",
"2551","22b77d7829c68dcd","E2:1F:7B:35:CC:08","12.345679012345679","0","0.6793478260869565","0","162","2022-05-21T01:24:00.000Z","1653096240",
"2551","22b77d7829c68dcd","E2:1F:7B:35:CC:08","11.11111111111111","0","0.7440476190476191","0","162","2022-05-21T01:25:00.000Z","1653096300",
"2551","22b77d7829c68dcd","E2:1F:7B:35:CC:08","25.925925925925927","2","0.6793478260869565","0","162","2022-05-21T01:26:00.000Z","1653096360",
"2551","22b77d7829c68dcd","E2:1F:7B:35:CC:08","12.345679012345679","0","0.6793478260869565","0","162","2022-05-21T01:27:00.000Z","1653096420",
"2551","22b77d7829c68dcd","E2:1F:7B:35:CC:08","24.691358024691358","0","0.6009615384615384","0","162","2022-05-21T01:28:00.000Z","1653096480",
"2551","22b77d7829c68dcd","E2:1F:7B:35:CC:08","12.345679012345679","0","0.625","0","162","2022-05-21T01:29:00.000Z","1653096540",
"2551","22b77d7829c68dcd","E2:1F:7B:35:CC:08","7.407407407407407","0","0.625","0","162","2022-05-21T01:30:00.000Z","1653096600",
"2551","22b77d7829c68dcd","E2:1F:7B:35:CC:08","3.7037037037037037","0","0.625","0","162","2022-05-21T01:31:00.000Z","1653096660",
"2551","22b77d7829c68dcd","E2:1F:7B:35:CC:08","2.4691358024691357","0","0.6510416666666666","0","162","2022-05-21T01:32:00.000Z","1653096720",
"2551","22b77d7829c68dcd","E2:1F:7B:35:CC:08","2.4691358024691357","0","0.6510416666666666","0","162","2022-05-21T01:33:00.000Z","1653096780",
"2551","22b77d7829c68dcd","E2:1F:7B:35:CC:08","2.4691358024691357","0","0.6510416666666666","0","162","2022-05-21T01:34:00.000Z","1653096840",
"2551","22b77d7829c68dcd","E2:1F:7B:35:CC:08","2.4691358024691357","0","0.6510416666666666","0","162","2022-05-21T01:35:00.000Z","1653096900",
"2551","22b77d7829c68dcd","E2:1F:7B:35:CC:08","2.4691358024691357","0","0.6793478260869565","0","162","2022-05-21T01:36:00.000Z","1653096960",
"2551","22b77d7829c68dcd","E2:1F:7B:35:CC:08","2.4691358024691357","0","0.6793478260869565","0","162","2022-05-21T01:37:00.000Z","1653097020",
"2551","22b77d7829c68dcd","E2:1F:7B:35:CC:08","2.4691358024691357","0","0.6793478260869565","0","162","2022-05-21T01:38:00.000Z","1653097080",
"2551","22b77d7829c68dcd","E2:1F:7B:35:CC:08","2.4691358024691357","0","0.6793478260869565","0","162","2022-05-21T01:39:00.000Z","1653097140",
"2551","22b77d7829c68dcd","E2:1F:7B:35:CC:08","2.4691358024691357","0","0.6793478260869565","0","162","2022-05-21T01:40:00.000Z","1653097200",
"2551","22b77d7829c68dcd","E2:1F:7B:35:CC:08","2.4691358024691357","0","0.6793478260869565","0","162","2022-05-21T01:41:00.000Z","1653097260",
"2551","22b77d7829c68dcd","E2:1F:7B:35:CC:08","3.7037037037037037","1","0.6009615384615384","0","162","2022-05-21T01:42:00.000Z","1653097320",
"2551","22b77d7829c68dcd","E2:1F:7B:35:CC:08","20.987654320987655","0","0.7102272727272727","0","162","2022-05-21T01:43:00.000Z","1653097380",
"2551","22b77d7829c68dcd","E2:1F:7B:35:CC:08","18.51851851851852","0","0.78125","0","162","2022-05-21T01:44:00.000Z","1653097440",
"2551","22b77d7829c68dcd","E2:1F:7B:35:CC:08","14.814814814814815","0","0.8223684210526315","0","162","2022-05-21T01:45:00.000Z","1653097500",
"2551","22b77d7829c68dcd","E2:1F:7B:35:CC:08","11.11111111111111","0","0.8680555555555556","0","162","2022-05-21T01:46:00.000Z","1653097560",
"2551","22b77d7829c68dcd","E2:1F:7B:35:CC:08","8.641975308641975","0","0.9191176470588235","0","162","2022-05-21T01:47:00.000Z","1653097620",
"2551","22b77d7829c68dcd","E2:1F:7B:35:CC:08","7.407407407407407","0","0.9765625","0","162","2022-05-21T01:48:00.000Z","1653097680",
"2551","22b77d7829c68dcd","E2:1F:7B:35:CC:08","6.172839506172839","0","0.625","0","162","2022-05-21T01:49:00.000Z","1653097740",
"2551","22b77d7829c68dcd","E2:1F:7B:35:CC:08","16.049382716049383","0","1.0416666666666667","0","162","2022-05-21T01:50:00.000Z","1653097800",
"2551","22b77d7829c68dcd","E2:1F:7B:35:CC:08","13.580246913580247","0","0.625","8","162","2022-05-21T01:51:00.000Z","1653097860",
"2551","22b77d7829c68dcd","E2:1F:7B:35:CC:08","35.80246913580247","4","0.8680555555555556","2","162","2022-05-21T01:52:00.000Z","1653097920",
"2551","22b77d7829c68dcd","E2:1F:7B:35:CC:08","18.51851851851852","0","0.8680555555555556","0","162","2022-05-21T01:53:00.000Z","1653097980",
"2551","22b77d7829c68dcd","E2:1F:7B:35:CC:08","32.098765432098766","7","0.5787037037037037","1","162","2022-05-21T01:54:00.000Z","1653098040",
"2551","22b77d7829c68dcd","E2:1F:7B:35:CC:08","19.753086419753085","0","0.625","0","162","2022-05-21T01:55:00.000Z","1653098100",
"2551","22b77d7829c68dcd","E2:1F:7B:35:CC:08","9.876543209876543","0","0.625","0","162","2022-05-21T01:56:00.000Z","1653098160",
"2551","22b77d7829c68dcd","E2:1F:7B:35:CC:08","4.938271604938271","0","0.6510416666666666","0","162","2022-05-21T01:57:00.000Z","1653098220",
"2551","22b77d7829c68dcd","E2:1F:7B:35:CC:08","3.7037037037037037","0","0.6510416666666666","0","162","2022-05-21T01:58:00.000Z","1653098280",
"2551","22b77d7829c68dcd","E2:1F:7B:35:CC:08","18.51851851851852","2","0.8680555555555556","0","162","2022-05-21T01:59:00.000Z","1653098340",
"2551","22b77d7829c68dcd","E2:1F:7B:35:CC:08","27.160493827160494","0","0.9765625","0","162","2022-05-21T02:00:00.000Z","1653098400",
"2551","22b77d7829c68dcd","E2:1F:7B:35:CC:08","16.049382716049383","0","1.0416666666666667","0","162","2022-05-21T02:01:00.000Z","1653098460",
"2551","22b77d7829c68dcd","E2:1F:7B:35:CC:08","9.876543209876543","0","1.1160714285714286","0","162","2022-05-21T02:02:00.000Z","1653098520",
"2551","22b77d7829c68dcd","E2:1F:7B:35:CC:08","6.172839506172839","0","1.2019230769230769","0","162","2022-05-21T02:03:00.000Z","1653098580",
"2551","22b77d7829c68dcd","E2:1F:7B:35:CC:08","4.938271604938271","0","1.2019230769230769","0","162","2022-05-21T02:04:00.000Z","1653098640",
"2551","22b77d7829c68dcd","E2:1F:7B:35:CC:08","3.7037037037037037","0","1.3020833333333333","0","162","2022-05-21T02:05:00.000Z","1653098700",
"2551","22b77d7829c68dcd","E2:1F:7B:35:CC:08","3.7037037037037037","0","1.3020833333333333","0","162","2022-05-21T02:06:00.000Z","1653098760",
"2551","22b77d7829c68dcd","E2:1F:7B:35:CC:08","2.4691358024691357","0","1.3020833333333333","0","162","2022-05-21T02:07:00.000Z","1653098820",
"2551","22b77d7829c68dcd","E2:1F:7B:35:CC:08","9.876543209876543","0","1.2019230769230769","7","162","2022-05-21T02:08:00.000Z","1653098880",
"2551","22b77d7829c68dcd","E2:1F:7B:35:CC:08","16.049382716049383","0","1.3020833333333333","0","162","2022-05-21T02:09:00.000Z","1653098940",
"2551","22b77d7829c68dcd","E2:1F:7B:35:CC:08","9.876543209876543","0","1.4204545454545454","0","162","2022-05-21T02:10:00.000Z","1653099000",
"2551","22b77d7829c68dcd","E2:1F:7B:35:CC:08","6.172839506172839","0","1.4204545454545454","0","162","2022-05-21T02:11:00.000Z","1653099060",
"2551","22b77d7829c68dcd","E2:1F:7B:35:CC:08","11.11111111111111","4","0.78125","4","162","2022-05-21T02:12:00.000Z","1653099120",
"2551","22b77d7829c68dcd","E2:1F:7B:35:CC:08","30.864197530864196","2","0.9191176470588235","0","162","2022-05-21T02:13:00.000Z","1653099180",
"2551","22b77d7829c68dcd","E2:1F:7B:35:CC:08","18.51851851851852","0","0.7440476190476191","0","162","2022-05-21T02:14:00.000Z","1653099240",
"2551","22b77d7829c68dcd","E2:1F:7B:35:CC:08","40.74074074074074","4","1.1160714285714286","0","162","2022-05-21T02:15:00.000Z","1653099300",
"2551","22b77d7829c68dcd","E2:1F:7B:35:CC:08","25.925925925925927","0","1.2019230769230769","0","162","2022-05-21T02:16:00.000Z","1653099360",
"2551","22b77d7829c68dcd","E2:1F:7B:35:CC:08","12.345679012345679","0","1.3020833333333333","0","162","2022-05-21T02:17:00.000Z","1653099420",
"2551","22b77d7829c68dcd","E2:1F:7B:35:CC:08","6.172839506172839","0","1.3020833333333333","0","162","2022-05-21T02:18:00.000Z","1653099480",
"2551","22b77d7829c68dcd","E2:1F:7B:35:CC:08","3.7037037037037037","0","1.3020833333333333","0","162","2022-05-21T02:19:00.000Z","1653099540",
"2551","22b77d7829c68dcd","E2:1F:7B:35:CC:08","2.4691358024691357","0","1.4204545454545454","0","162","2022-05-21T02:20:00.000Z","1653099600",
"2551","22b77d7829c68dcd","E2:1F:7B:35:CC:08","2.4691358024691357","0","1.4204545454545454","0","162","2022-05-21T02:21:00.000Z","1653099660",
"2551","22b77d7829c68dcd","E2:1F:7B:35:CC:08","8.641975308641975","1","0.6793478260869565","0","162","2022-05-21T02:22:00.000Z","1653099720",
"2551","22b77d7829c68dcd","E2:1F:7B:35:CC:08","13.580246913580247","0","0.7440476190476191","0","162","2022-05-21T02:23:00.000Z","1653099780",
"2551","22b77d7829c68dcd","E2:1F:7B:35:CC:08","6.172839506172839","0","0.7440476190476191","0","162","2022-05-21T02:24:00.000Z","1653099840",
"2551","22b77d7829c68dcd","E2:1F:7B:35:CC:08","3.7037037037037037","0","0.7440476190476191","0","162","2022-05-21T02:25:00.000Z","1653099900",
"2551","22b77d7829c68dcd","E2:1F:7B:35:CC:08","2.4691358024691357","0","0.7440476190476191","0","162","2022-05-21T02:26:00.000Z","1653099960",
"2551","22b77d7829c68dcd","E2:1F:7B:35:CC:08","2.4691358024691357","0","0.78125","0","162","2022-05-21T02:27:00.000Z","1653100020",
"2551","22b77d7829c68dcd","E2:1F:7B:35:CC:08","2.4691358024691357","0","0.78125","0","162","2022-05-21T02:28:00.000Z","1653100080",
"2551","22b77d7829c68dcd","E2:1F:7B:35:CC:08","2.4691358024691357","0","0.78125","0","162","2022-05-21T02:29:00.000Z","1653100140",
"2551","22b77d7829c68dcd","E2:1F:7B:35:CC:08","2.4691358024691357","0","0.78125","0","162","2022-05-21T02:30:00.000Z","1653100200",
"2551","22b77d7829c68dcd","E2:1F:7B:35:CC:08","2.4691358024691357","0","0.78125","0","162","2022-05-21T02:31:00.000Z","1653100260",
"2551","22b77d7829c68dcd","E2:1F:7B:35:CC:08","2.4691358024691357","0","0.78125","0","162","2022-05-21T02:32:00.000Z","1653100320",
"2551","22b77d7829c68dcd","E2:1F:7B:35:CC:08","2.4691358024691357","0","0.8223684210526315","0","162","2022-05-21T02:33:00.000Z","1653100380",
"2551","22b77d7829c68dcd","E2:1F:7B:35:CC:08","2.4691358024691357","0","0.8223684210526315","0","162","2022-05-21T02:34:00.000Z","1653100440",
"2551","22b77d7829c68dcd","E2:1F:7B:35:CC:08","2.4691358024691357","0","0.8223684210526315","0","162","2022-05-21T02:35:00.000Z","1653100500",
"2551","22b77d7829c68dcd","E2:1F:7B:35:CC:08","2.4691358024691357","0","0.8223684210526315","0","162","2022-05-21T02:36:00.000Z","1653100560",
"2551","22b77d7829c68dcd","E2:1F:7B:35:CC:08","2.4691358024691357","0","0.8680555555555556","0","162","2022-05-21T02:37:00.000Z","1653100620",
"2551","22b77d7829c68dcd","E2:1F:7B:35:CC:08","2.4691358024691357","0","0.8680555555555556","0","162","2022-05-21T02:38:00.000Z","1653100680",
"2551","22b77d7829c68dcd","E2:1F:7B:35:CC:08","2.4691358024691357","0","0.8680555555555556","0","162","2022-05-21T02:39:00.000Z","1653100740",
"2551","22b77d7829c68dcd","E2:1F:7B:35:CC:08","2.4691358024691357","0","0.8680555555555556","0","162","2022-05-21T02:40:00.000Z","1653100800",
"2551","22b77d7829c68dcd","E2:1F:7B:35:CC:08","2.4691358024691357","0","0.8680555555555556","0","162","2022-05-21T02:41:00.000Z","1653100860",
"2551","22b77d7829c68dcd","E2:1F:7B:35:CC:08","2.4691358024691357","0","0.9191176470588235","0","162","2022-05-21T02:42:00.000Z","1653100920",
"2551","22b77d7829c68dcd","E2:1F:7B:35:CC:08","2.4691358024691357","0","0.9191176470588235","0","162","2022-05-21T02:43:00.000Z","1653100980",
"2551","22b77d7829c68dcd","E2:1F:7B:35:CC:08","2.4691358024691357","0","0.9191176470588235","0","162","2022-05-21T02:44:00.000Z","1653101040",
"2551","22b77d7829c68dcd","E2:1F:7B:35:CC:08","2.4691358024691357","0","0.9191176470588235","0","162","2022-05-21T02:45:00.000Z","1653101100",
"2551","22b77d7829c68dcd","E2:1F:7B:35:CC:08","2.4691358024691357","0","0.9191176470588235","0","162","2022-05-21T02:46:00.000Z","1653101160",
"2551","22b77d7829c68dcd","E2:1F:7B:35:CC:08","2.4691358024691357","0","0.9191176470588235","0","162","2022-05-21T02:47:00.000Z","1653101220",
"2551","22b77d7829c68dcd","E2:1F:7B:35:CC:08","2.4691358024691357","0","0.9765625","0","162","2022-05-21T02:48:00.000Z","1653101280",
"2551","22b77d7829c68dcd","E2:1F:7B:35:CC:08","9.876543209876543","0","0.8680555555555556","5","162","2022-05-21T02:49:00.000Z","1653101340",
"2551","22b77d7829c68dcd","E2:1F:7B:35:CC:08","16.049382716049383","0","0.9191176470588235","0","162","2022-05-21T02:50:00.000Z","1653101400",
"2551","22b77d7829c68dcd","E2:1F:7B:35:CC:08","8.641975308641975","0","0.9765625","0","162","2022-05-21T02:51:00.000Z","1653101460",
"2551","22b77d7829c68dcd","E2:1F:7B:35:CC:08","4.938271604938271","0","0.9765625","0","162","2022-05-21T02:52:00.000Z","1653101520",
"2551","22b77d7829c68dcd","E2:1F:7B:35:CC:08","3.7037037037037037","0","1.0416666666666667","0","162","2022-05-21T02:53:00.000Z","1653101580",
"2551","22b77d7829c68dcd","E2:1F:7B:35:CC:08","2.4691358024691357","0","1.0416666666666667","0","162","2022-05-21T02:54:00.000Z","1653101640",
"2551","22b77d7829c68dcd","E2:1F:7B:35:CC:08","2.4691358024691357","0","1.0416666666666667","0","162","2022-05-21T02:55:00.000Z","1653101700",
"2551","22b77d7829c68dcd","E2:1F:7B:35:CC:08","2.4691358024691357","0","1.1160714285714286","0","162","2022-05-21T02:56:00.000Z","1653101760",
"2551","22b77d7829c68dcd","E2:1F:7B:35:CC:08","2.4691358024691357","0","1.1160714285714286","0","162","2022-05-21T02:57:00.000Z","1653101820",
"2551","22b77d7829c68dcd","E2:1F:7B:35:CC:08","3.7037037037037037","0","1.1160714285714286","0","162","2022-05-21T02:58:00.000Z","1653101880",
"2551","22b77d7829c68dcd","E2:1F:7B:35:CC:08","6.172839506172839","0","0.4734848484848485","4","162","2022-05-21T02:59:00.000Z","1653101940",
"2551","22b77d7829c68dcd","E2:1F:7B:35:CC:08","29.62962962962963","4","0.5787037037037037","0","162","2022-05-21T03:00:00.000Z","1653102000",
"2551","22b77d7829c68dcd","E2:1F:7B:35:CC:08","22.22222222222222","0","0.625","0","162","2022-05-21T03:01:00.000Z","1653102060",
"2551","22b77d7829c68dcd","E2:1F:7B:35:CC:08","32.098765432098766","7","0.6793478260869565","1","162","2022-05-21T03:02:00.000Z","1653102120",
"2551","22b77d7829c68dcd","E2:1F:7B:35:CC:08","28.395061728395063","0","0.7440476190476191","0","162","2022-05-21T03:03:00.000Z","1653102180",
"2551","22b77d7829c68dcd","E2:1F:7B:35:CC:08","11.11111111111111","0","0.7440476190476191","0","162","2022-05-21T03:04:00.000Z","1653102240",
"2551","22b77d7829c68dcd","E2:1F:7B:35:CC:08","7.407407407407407","0","0.78125","0","162","2022-05-21T03:05:00.000Z","1653102300",
"2551","22b77d7829c68dcd","E2:1F:7B:35:CC:08","4.938271604938271","0","0.78125","0","162","2022-05-21T03:06:00.000Z","1653102360",
"2551","22b77d7829c68dcd","E2:1F:7B:35:CC:08","3.7037037037037037","0","0.78125","0","162","2022-05-21T03:07:00.000Z","1653102420",
"2551","22b77d7829c68dcd","E2:1F:7B:35:CC:08","3.7037037037037037","0","0.78125","0","162","2022-05-21T03:08:00.000Z","1653102480",
"2551","22b77d7829c68dcd","E2:1F:7B:35:CC:08","3.7037037037037037","0","0.78125","0","162","2022-05-21T03:09:00.000Z","1653102540",
"2551","22b77d7829c68dcd","E2:1F:7B:35:CC:08","3.7037037037037037","0","0.8223684210526315","0","162","2022-05-21T03:10:00.000Z","1653102600",
"2551","22b77d7829c68dcd","E2:1F:7B:35:CC:08","3.7037037037037037","0","0.8223684210526315","0","162","2022-05-21T03:11:00.000Z","1653102660",
"2551","22b77d7829c68dcd","E2:1F:7B:35:CC:08","4.938271604938271","0","0.8223684210526315","0","162","2022-05-21T03:12:00.000Z","1653102720",
"2551","22b77d7829c68dcd","E2:1F:7B:35:CC:08","6.172839506172839","0","0.25614754098360654","1","162","2022-05-21T03:13:00.000Z","1653102780",
"2551","22b77d7829c68dcd","E2:1F:7B:35:CC:08","51.851851851851855","10","0.35511363636363635","0","162","2022-05-21T03:14:00.000Z","1653102840",
"2551","22b77d7829c68dcd","E2:1F:7B:35:CC:08","46.91358024691358","5","0.5208333333333334","5","162","2022-05-21T03:15:00.000Z","1653102900",
"2551","22b77d7829c68dcd","E2:1F:7B:35:CC:08","59.25925925925926","7","0.6793478260869565","0","162","2022-05-21T03:16:00.000Z","1653102960",
"2551","22b77d7829c68dcd","E2:1F:7B:35:CC:08","33.333333333333336","0","0.7440476190476191","0","162","2022-05-21T03:17:00.000Z","1653103020",
"2551","22b77d7829c68dcd","E2:1F:7B:35:CC:08","17.28395061728395","0","0.78125","0","162","2022-05-21T03:18:00.000Z","1653103080",
"2551","22b77d7829c68dcd","E2:1F:7B:35:CC:08","9.876543209876543","0","0.8223684210526315","0","162","2022-05-21T03:19:00.000Z","1653103140",
"2551","22b77d7829c68dcd","E2:1F:7B:35:CC:08","6.172839506172839","0","0.8680555555555556","0","162","2022-05-21T03:20:00.000Z","1653103200",
"2551","22b77d7829c68dcd","E2:1F:7B:35:CC:08","3.7037037037037037","0","0.8680555555555556","0","162","2022-05-21T03:21:00.000Z","1653103260",
"2551","22b77d7829c68dcd","E2:1F:7B:35:CC:08","2.4691358024691357","0","0.9191176470588235","0","162","2022-05-21T03:22:00.000Z","1653103320",
"2551","22b77d7829c68dcd","E2:1F:7B:35:CC:08","2.4691358024691357","0","0.9191176470588235","0","162","2022-05-21T03:23:00.000Z","1653103380",
"2551","22b77d7829c68dcd","E2:1F:7B:35:CC:08","2.4691358024691357","0","0.9765625","0","162","2022-05-21T03:24:00.000Z","1653103440",
"2551","22b77d7829c68dcd","E2:1F:7B:35:CC:08","2.4691358024691357","0","0.9765625","0","162","2022-05-21T03:25:00.000Z","1653103500",
"2551","22b77d7829c68dcd","E2:1F:7B:35:CC:08","2.4691358024691357","0","0.9765625","0","162","2022-05-21T03:26:00.000Z","1653103560",
"2551","22b77d7829c68dcd","E2:1F:7B:35:CC:08","2.4691358024691357","0","1.0416666666666667","0","162","2022-05-21T03:27:00.000Z","1653103620",
"2551","22b77d7829c68dcd","E2:1F:7B:35:CC:08","2.4691358024691357","0","1.0416666666666667","0","162","2022-05-21T03:28:00.000Z","1653103680",
"2551","22b77d7829c68dcd","E2:1F:7B:35:CC:08","2.4691358024691357","0","1.0416666666666667","0","162","2022-05-21T03:29:00.000Z","1653103740",
"2551","22b77d7829c68dcd","E2:1F:7B:35:CC:08","2.4691358024691357","0","1.0416666666666667","0","162","2022-05-21T03:30:00.000Z","1653103800",
"2551","22b77d7829c68dcd","E2:1F:7B:35:CC:08","2.4691358024691357","0","1.1160714285714286","0","162","2022-05-21T03:31:00.000Z","1653103860",
"2551","22b77d7829c68dcd","E2:1F:7B:35:CC:08","2.4691358024691357","0","1.1160714285714286","0","162","2022-05-21T03:32:00.000Z","1653103920",
"2551","22b77d7829c68dcd","E2:1F:7B:35:CC:08","2.4691358024691357","0","1.1160714285714286","0","162","2022-05-21T03:33:00.000Z","1653103980",
"2551","22b77d7829c68dcd","E2:1F:7B:35:CC:08","2.4691358024691357","0","1.2019230769230769","0","162","2022-05-21T03:34:00.000Z","1653104040",
"2551","22b77d7829c68dcd","E2:1F:7B:35:CC:08","2.4691358024691357","0","1.2019230769230769","0","162","2022-05-21T03:35:00.000Z","1653104100",
"2551","22b77d7829c68dcd","E2:1F:7B:35:CC:08","2.4691358024691357","0","1.2019230769230769","0","162","2022-05-21T03:36:00.000Z","1653104160",
"2551","22b77d7829c68dcd","E2:1F:7B:35:CC:08","3.7037037037037037","0","1.2019230769230769","0","162","2022-05-21T03:37:00.000Z","1653104220",
"2551","22b77d7829c68dcd","E2:1F:7B:35:CC:08","3.7037037037037037","0","1.2019230769230769","0","162","2022-05-21T03:38:00.000Z","1653104280",
"2551","22b77d7829c68dcd","E2:1F:7B:35:CC:08","3.7037037037037037","0","1.3020833333333333","0","162","2022-05-21T03:39:00.000Z","1653104340",
"2551","22b77d7829c68dcd","E2:1F:7B:35:CC:08","3.7037037037037037","0","1.3020833333333333","0","162","2022-05-21T03:40:00.000Z","1653104400",
"2551","22b77d7829c68dcd","E2:1F:7B:35:CC:08","3.7037037037037037","0","1.3020833333333333","0","162","2022-05-21T03:41:00.000Z","1653104460",
"2551","22b77d7829c68dcd","E2:1F:7B:35:CC:08","3.7037037037037037","0","1.3020833333333333","0","162","2022-05-21T03:42:00.000Z","1653104520",
"2551","22b77d7829c68dcd","E2:1F:7B:35:CC:08","3.7037037037037037","0","1.3020833333333333","0","162","2022-05-21T03:43:00.000Z","1653104580",
"2551","22b77d7829c68dcd","E2:1F:7B:35:CC:08","3.7037037037037037","0","1.3020833333333333","0","162","2022-05-21T03:44:00.000Z","1653104640",
"2551","22b77d7829c68dcd","E2:1F:7B:35:CC:08","4.938271604938271","0","0.78125","4","162","2022-05-21T03:45:00.000Z","1653104700",
"2551","22b77d7829c68dcd","E2:1F:7B:35:CC:08","27.160493827160494","1","0.9191176470588235","0","162","2022-05-21T03:46:00.000Z","1653104760",
"2551","22b77d7829c68dcd","E2:1F:7B:35:CC:08","12.345679012345679","0","0.9191176470588235","0","162","2022-05-21T03:47:00.000Z","1653104820",
"2551","22b77d7829c68dcd","E2:1F:7B:35:CC:08","8.641975308641975","0","0.9191176470588235","0","162","2022-05-21T03:48:00.000Z","1653104880",
"2551","22b77d7829c68dcd","E2:1F:7B:35:CC:08","7.407407407407407","0","0.9191176470588235","0","162","2022-05-21T03:49:00.000Z","1653104940",
"2551","22b77d7829c68dcd","E2:1F:7B:35:CC:08","7.407407407407407","0","0.9191176470588235","0","162","2022-05-21T03:50:00.000Z","1653105000",
"2551","22b77d7829c68dcd","E2:1F:7B:35:CC:08","7.407407407407407","0","0.8680555555555556","0","162","2022-05-21T03:51:00.000Z","1653105060",
"2551","22b77d7829c68dcd","E2:1F:7B:35:CC:08","7.407407407407407","0","0.6009615384615384","1","162","2022-05-21T03:52:00.000Z","1653105120",
"2551","22b77d7829c68dcd","E2:1F:7B:35:CC:08","24.691358024691358","4","0.7102272727272727","0","162","2022-05-21T03:53:00.000Z","1653105180",
"2551","22b77d7829c68dcd","E2:1F:7B:35:CC:08","23.45679012345679","0","0.78125","0","162","2022-05-21T03:54:00.000Z","1653105240",
"2551","22b77d7829c68dcd","E2:1F:7B:35:CC:08","19.753086419753085","0","0.8680555555555556","0","162","2022-05-21T03:55:00.000Z","1653105300",
"2551","22b77d7829c68dcd","E2:1F:7B:35:CC:08","12.345679012345679","0","0.9191176470588235","0","162","2022-05-21T03:56:00.000Z","1653105360",
"2551","22b77d7829c68dcd","E2:1F:7B:35:CC:08","7.407407407407407","0","0.48828125","1","162","2022-05-21T03:57:00.000Z","1653105420",
"2551","22b77d7829c68dcd","E2:1F:7B:35:CC:08","20.987654320987655","2","0.9765625","0","162","2022-05-21T03:58:00.000Z","1653105480",
"2551","22b77d7829c68dcd","E2:1F:7B:35:CC:08","13.580246913580247","0","1.0416666666666667","0","162","2022-05-21T03:59:00.000Z","1653105540",
"2551","22b77d7829c68dcd","E2:1F:7B:35:CC:08","8.641975308641975","0","1.1160714285714286","0","162","2022-05-21T04:00:00.000Z","1653105600",
"2551","22b77d7829c68dcd","E2:1F:7B:35:CC:08","4.938271604938271","0","1.1160714285714286","0","162","2022-05-21T04:01:00.000Z","1653105660",
"2551","22b77d7829c68dcd","E2:1F:7B:35:CC:08","11.11111111111111","2","0.8680555555555556","0","162","2022-05-21T04:02:00.000Z","1653105720",
"2551","22b77d7829c68dcd","E2:1F:7B:35:CC:08","24.691358024691358","0","0.9765625","0","162","2022-05-21T04:03:00.000Z","1653105780",
"2551","22b77d7829c68dcd","E2:1F:7B:35:CC:08","13.580246913580247","0","1.0416666666666667","0","162","2022-05-21T04:04:00.000Z","1653105840",
"2551","22b77d7829c68dcd","E2:1F:7B:35:CC:08","7.407407407407407","0","1.1160714285714286","0","162","2022-05-21T04:05:00.000Z","1653105900",
"2551","22b77d7829c68dcd","E2:1F:7B:35:CC:08","3.7037037037037037","0","1.1160714285714286","0","162","2022-05-21T04:06:00.000Z","1653105960",
"2551","22b77d7829c68dcd","E2:1F:7B:35:CC:08","3.7037037037037037","0","0.6510416666666666","0","162","2022-05-21T04:07:00.000Z","1653106020",
"2551","22b77d7829c68dcd","E2:1F:7B:35:CC:08","40.74074074074074","5","0.625","0","162","2022-05-21T04:08:00.000Z","1653106080",
"2551","22b77d7829c68dcd","E2:1F:7B:35:CC:08","27.160493827160494","0","0.6793478260869565","0","162","2022-05-21T04:09:00.000Z","1653106140",
"2551","22b77d7829c68dcd","E2:1F:7B:35:CC:08","24.691358024691358","4","0.8680555555555556","0","162","2022-05-21T04:10:00.000Z","1653106200",
"2551","22b77d7829c68dcd","E2:1F:7B:35:CC:08","20.987654320987655","0","0.9765625","0","162","2022-05-21T04:11:00.000Z","1653106260",
"2551","22b77d7829c68dcd","E2:1F:7B:35:CC:08","8.641975308641975","0","0.9765625","0","162","2022-05-21T04:12:00.000Z","1653106320",
"2551","22b77d7829c68dcd","E2:1F:7B:35:CC:08","6.172839506172839","1","0.5387931034482759","0","162","2022-05-21T04:13:00.000Z","1653106380",
"2551","22b77d7829c68dcd","E2:1F:7B:35:CC:08","33.333333333333336","2","0.6009615384615384","4","162","2022-05-21T04:14:00.000Z","1653106440",
"2551","22b77d7829c68dcd","E2:1F:7B:35:CC:08","66.66666666666667","5","0.78125","0","162","2022-05-21T04:15:00.000Z","1653106500",
"2551","22b77d7829c68dcd","E2:1F:7B:35:CC:08","38.27160493827161","0","0.8680555555555556","0","162","2022-05-21T04:16:00.000Z","1653106560",
"2551","22b77d7829c68dcd","E2:1F:7B:35:CC:08","19.753086419753085","0","0.9765625","0","162","2022-05-21T04:17:00.000Z","1653106620",
"2551","22b77d7829c68dcd","E2:1F:7B:35:CC:08","11.11111111111111","0","0.9765625","0","162","2022-05-21T04:18:00.000Z","1653106680",
"2551","22b77d7829c68dcd","E2:1F:7B:35:CC:08","6.172839506172839","0","1.0416666666666667","0","162","2022-05-21T04:19:00.000Z","1653106740",
"2551","22b77d7829c68dcd","E2:1F:7B:35:CC:08","4.938271604938271","0","1.1160714285714286","0","162","2022-05-21T04:20:00.000Z","1653106800",
"2551","22b77d7829c68dcd","E2:1F:7B:35:CC:08","13.580246913580247","6","0.9191176470588235","0","162","2022-05-21T04:21:00.000Z","1653106860",
"2551","22b77d7829c68dcd","E2:1F:7B:35:CC:08","17.28395061728395","0","0.9765625","0","162","2022-05-21T04:22:00.000Z","1653106920",
"2551","22b77d7829c68dcd","E2:1F:7B:35:CC:08","9.876543209876543","0","1.0416666666666667","0","162","2022-05-21T04:23:00.000Z","1653106980",
"2551","22b77d7829c68dcd","E2:1F:7B:35:CC:08","4.938271604938271","0","0.9765625","0","162","2022-05-21T04:24:00.000Z","1653107040",
"2551","22b77d7829c68dcd","E2:1F:7B:35:CC:08","14.814814814814815","0","1.0416666666666667","0","162","2022-05-21T04:25:00.000Z","1653107100",
"2551","22b77d7829c68dcd","E2:1F:7B:35:CC:08","7.407407407407407","0","1.1160714285714286","0","162","2022-05-21T04:26:00.000Z","1653107160",
"2551","22b77d7829c68dcd","E2:1F:7B:35:CC:08","4.938271604938271","0","1.1160714285714286","0","162","2022-05-21T04:27:00.000Z","1653107220",
"2551","22b77d7829c68dcd","E2:1F:7B:35:CC:08","3.7037037037037037","0","1.1160714285714286","0","162","2022-05-21T04:28:00.000Z","1653107280",
"2551","22b77d7829c68dcd","E2:1F:7B:35:CC:08","2.4691358024691357","0","1.1160714285714286","0","162","2022-05-21T04:29:00.000Z","1653107340",
"2551","22b77d7829c68dcd","E2:1F:7B:35:CC:08","2.4691358024691357","0","1.2019230769230769","0","162","2022-05-21T04:30:00.000Z","1653107400",
"2551","22b77d7829c68dcd","E2:1F:7B:35:CC:08","4.938271604938271","1","1.1160714285714286","0","162","2022-05-21T04:31:00.000Z","1653107460",
"2551","22b77d7829c68dcd","E2:1F:7B:35:CC:08","16.049382716049383","0","1.2019230769230769","0","162","2022-05-21T04:32:00.000Z","1653107520",
"2551","22b77d7829c68dcd","E2:1F:7B:35:CC:08","20.987654320987655","5","0.7102272727272727","1","162","2022-05-21T04:33:00.000Z","1653107580",
"2551","22b77d7829c68dcd","E2:1F:7B:35:CC:08","24.691358024691358","0","0.78125","0","162","2022-05-21T04:34:00.000Z","1653107640",
"2551","22b77d7829c68dcd","E2:1F:7B:35:CC:08","9.876543209876543","0","0.78125","0","162","2022-05-21T04:35:00.000Z","1653107700",
"2551","22b77d7829c68dcd","E2:1F:7B:35:CC:08","4.938271604938271","0","0.8223684210526315","0","162","2022-05-21T04:36:00.000Z","1653107760",
"2551","22b77d7829c68dcd","E2:1F:7B:35:CC:08","4.938271604938271","0","0.6510416666666666","0","162","2022-05-21T04:37:00.000Z","1653107820",
"2551","22b77d7829c68dcd","E2:1F:7B:35:CC:08","8.641975308641975","0","0.6793478260869565","0","162","2022-05-21T04:38:00.000Z","1653107880",
"2551","22b77d7829c68dcd","E2:1F:7B:35:CC:08","4.938271604938271","0","0.6793478260869565","0","162","2022-05-21T04:39:00.000Z","1653107940",
"2551","22b77d7829c68dcd","E2:1F:7B:35:CC:08","16.049382716049383","1","0.6009615384615384","7","162","2022-05-21T04:40:00.000Z","1653108000",
"2551","22b77d7829c68dcd","E2:1F:7B:35:CC:08","25.925925925925927","1","0.6510416666666666","0","162","2022-05-21T04:41:00.000Z","1653108060",
"2551","22b77d7829c68dcd","E2:1F:7B:35:CC:08","12.345679012345679","0","0.6793478260869565","0","162","2022-05-21T04:42:00.000Z","1653108120",
"2551","22b77d7829c68dcd","E2:1F:7B:35:CC:08","4.938271604938271","0","0.7102272727272727","0","162","2022-05-21T04:43:00.000Z","1653108180",
"2551","22b77d7829c68dcd","E2:1F:7B:35:CC:08","2.4691358024691357","0","0.7102272727272727","0","162","2022-05-21T04:44:00.000Z","1653108240",
"2551","22b77d7829c68dcd","E2:1F:7B:35:CC:08","2.4691358024691357","0","0.7102272727272727","0","162","2022-05-21T04:45:00.000Z","1653108300",
"2551","22b77d7829c68dcd","E2:1F:7B:35:CC:08","2.4691358024691357","0","0.7440476190476191","0","162","2022-05-21T04:46:00.000Z","1653108360",
"2551","22b77d7829c68dcd","E2:1F:7B:35:CC:08","3.7037037037037037","0","0.7440476190476191","0","162","2022-05-21T04:47:00.000Z","1653108420",
"2551","22b77d7829c68dcd","E2:1F:7B:35:CC:08","2.4691358024691357","0","0.7440476190476191","0","162","2022-05-21T04:48:00.000Z","1653108480",
"2551","22b77d7829c68dcd","E2:1F:7B:35:CC:08","6.172839506172839","3","0.6510416666666666","0","162","2022-05-21T04:49:00.000Z","1653108540",
"2551","22b77d7829c68dcd","E2:1F:7B:35:CC:08","14.814814814814815","0","0.6793478260869565","0","162","2022-05-21T04:50:00.000Z","1653108600",
"2551","22b77d7829c68dcd","E2:1F:7B:35:CC:08","11.11111111111111","0","0.7440476190476191","0","162","2022-05-21T04:51:00.000Z","1653108660",
"2551","22b77d7829c68dcd","E2:1F:7B:35:CC:08","7.407407407407407","0","0.7440476190476191","0","162","2022-05-21T04:52:00.000Z","1653108720",
"2551","22b77d7829c68dcd","E2:1F:7B:35:CC:08","4.938271604938271","0","0.78125","0","162","2022-05-21T04:53:00.000Z","1653108780",
"2551","22b77d7829c68dcd","E2:1F:7B:35:CC:08","3.7037037037037037","0","0.8223684210526315","0","162","2022-05-21T04:54:00.000Z","1653108840",
"2551","22b77d7829c68dcd","E2:1F:7B:35:CC:08","3.7037037037037037","0","0.8223684210526315","0","162","2022-05-21T04:55:00.000Z","1653108900",
"2551","22b77d7829c68dcd","E2:1F:7B:35:CC:08","19.753086419753085","1","0.78125","0","162","2022-05-21T04:56:00.000Z","1653108960",
"2551","22b77d7829c68dcd","E2:1F:7B:35:CC:08","14.814814814814815","0","0.8223684210526315","0","162","2022-05-21T04:57:00.000Z","1653109020",
"2551","22b77d7829c68dcd","E2:1F:7B:35:CC:08","7.407407407407407","0","0.8680555555555556","0","162","2022-05-21T04:58:00.000Z","1653109080",
"2551","22b77d7829c68dcd","E2:1F:7B:35:CC:08","4.938271604938271","0","0.8680555555555556","0","162","2022-05-21T04:59:00.000Z","1653109140",
"2551","22b77d7829c68dcd","E2:1F:7B:35:CC:08","3.7037037037037037","0","0.9191176470588235","0","162","2022-05-21T05:00:00.000Z","1653109200",
"2551","22b77d7829c68dcd","E2:1F:7B:35:CC:08","2.4691358024691357","0","0.9765625","0","162","2022-05-21T05:01:00.000Z","1653109260",
"2551","22b77d7829c68dcd","E2:1F:7B:35:CC:08","2.4691358024691357","0","0.9765625","0","162","2022-05-21T05:02:00.000Z","1653109320",
"2551","22b77d7829c68dcd","E2:1F:7B:35:CC:08","2.4691358024691357","0","0.9765625","0","162","2022-05-21T05:03:00.000Z","1653109380",
"2551","22b77d7829c68dcd","E2:1F:7B:35:CC:08","2.4691358024691357","0","1.0416666666666667","0","162","2022-05-21T05:04:00.000Z","1653109440",
"2551","22b77d7829c68dcd","E2:1F:7B:35:CC:08","2.4691358024691357","0","1.0416666666666667","0","162","2022-05-21T05:05:00.000Z","1653109500",
"2551","22b77d7829c68dcd","E2:1F:7B:35:CC:08","2.4691358024691357","0","1.1160714285714286","0","162","2022-05-21T05:06:00.000Z","1653109560",
"2551","22b77d7829c68dcd","E2:1F:7B:35:CC:08","2.4691358024691357","0","1.1160714285714286","0","162","2022-05-21T05:07:00.000Z","1653109620",
"2551","22b77d7829c68dcd","E2:1F:7B:35:CC:08","2.4691358024691357","0","1.1160714285714286","0","162","2022-05-21T05:08:00.000Z","1653109680",
"2551","22b77d7829c68dcd","E2:1F:7B:35:CC:08","2.4691358024691357","0","1.2019230769230769","0","162","2022-05-21T05:09:00.000Z","1653109740",
"2551","22b77d7829c68dcd","E2:1F:7B:35:CC:08","2.4691358024691357","0","1.2019230769230769","0","162","2022-05-21T05:10:00.000Z","1653109800",
"2551","22b77d7829c68dcd","E2:1F:7B:35:CC:08","2.4691358024691357","0","1.2019230769230769","0","162","2022-05-21T05:11:00.000Z","1653109860",
"2551","22b77d7829c68dcd","E2:1F:7B:35:CC:08","3.7037037037037037","0","1.2019230769230769","0","162","2022-05-21T05:12:00.000Z","1653109920",
"2551","22b77d7829c68dcd","E2:1F:7B:35:CC:08","2.4691358024691357","0","1.3020833333333333","0","162","2022-05-21T05:13:00.000Z","1653109980",
"2551","22b77d7829c68dcd","E2:1F:7B:35:CC:08","2.4691358024691357","0","1.3020833333333333","0","162","2022-05-21T05:14:00.000Z","1653110040",
"2551","22b77d7829c68dcd","E2:1F:7B:35:CC:08","2.4691358024691357","0","1.3020833333333333","0","162","2022-05-21T05:15:00.000Z","1653110100",
"2551","22b77d7829c68dcd","E2:1F:7B:35:CC:08","2.4691358024691357","0","1.3020833333333333","0","162","2022-05-21T05:16:00.000Z","1653110160",
"2551","22b77d7829c68dcd","E2:1F:7B:35:CC:08","3.7037037037037037","0","1.3020833333333333","0","162","2022-05-21T05:17:00.000Z","1653110220",
"2551","22b77d7829c68dcd","E2:1F:7B:35:CC:08","2.4691358024691357","0","1.4204545454545454","0","162","2022-05-21T05:18:00.000Z","1653110280",
"2551","22b77d7829c68dcd","E2:1F:7B:35:CC:08","3.7037037037037037","0","1.4204545454545454","0","162","2022-05-21T05:19:00.000Z","1653110340",
"2551","22b77d7829c68dcd","E2:1F:7B:35:CC:08","3.7037037037037037","0","1.4204545454545454","0","162","2022-05-21T05:20:00.000Z","1653110400",
"2551","22b77d7829c68dcd","E2:1F:7B:35:CC:08","3.7037037037037037","0","1.4204545454545454","0","162","2022-05-21T05:21:00.000Z","1653110460",
"2551","22b77d7829c68dcd","E2:1F:7B:35:CC:08","3.7037037037037037","0","1.4204545454545454","0","162","2022-05-21T05:22:00.000Z","1653110520",
"2551","22b77d7829c68dcd","E2:1F:7B:35:CC:08","3.7037037037037037","0","1.5625","0","162","2022-05-21T05:23:00.000Z","1653110580",
"2551","22b77d7829c68dcd","E2:1F:7B:35:CC:08","22.22222222222222","0","1.0416666666666667","0","162","2022-05-21T05:24:00.000Z","1653110640",
"2551","22b77d7829c68dcd","E2:1F:7B:35:CC:08","35.80246913580247","2","1.0416666666666667","1","162","2022-05-21T05:25:00.000Z","1653110700",
"2551","22b77d7829c68dcd","E2:1F:7B:35:CC:08","25.925925925925927","0","1.1160714285714286","0","162","2022-05-21T05:26:00.000Z","1653110760",
"2551","22b77d7829c68dcd","E2:1F:7B:35:CC:08","13.580246913580247","0","1.2019230769230769","0","162","2022-05-21T05:27:00.000Z","1653110820",
"2551","22b77d7829c68dcd","E2:1F:7B:35:CC:08","7.407407407407407","0","1.3020833333333333","0","162","2022-05-21T05:28:00.000Z","1653110880",
"2551","22b77d7829c68dcd","E2:1F:7B:35:CC:08","3.7037037037037037","0","1.3020833333333333","0","162","2022-05-21T05:29:00.000Z","1653110940",
"2551","22b77d7829c68dcd","E2:1F:7B:35:CC:08","2.4691358024691357","0","1.3020833333333333","0","162","2022-05-21T05:30:00.000Z","1653111000",
"2551","22b77d7829c68dcd","E2:1F:7B:35:CC:08","2.4691358024691357","0","1.4204545454545454","0","162","2022-05-21T05:31:00.000Z","1653111060",
"2551","22b77d7829c68dcd","E2:1F:7B:35:CC:08","2.4691358024691357","0","1.4204545454545454","0","162","2022-05-21T05:32:00.000Z","1653111120",
"2551","22b77d7829c68dcd","E2:1F:7B:35:CC:08","9.876543209876543","2","1.4204545454545454","0","162","2022-05-21T05:33:00.000Z","1653111180",
"2551","22b77d7829c68dcd","E2:1F:7B:35:CC:08","29.62962962962963","4","0.9191176470588235","1","162","2022-05-21T05:34:00.000Z","1653111240",
"2551","22b77d7829c68dcd","E2:1F:7B:35:CC:08","17.28395061728395","0","0.9765625","0","162","2022-05-21T05:35:00.000Z","1653111300",
"2551","22b77d7829c68dcd","E2:1F:7B:35:CC:08","19.753086419753085","1","0.6510416666666666","1","162","2022-05-21T05:36:00.000Z","1653111360",
"2551","22b77d7829c68dcd","E2:1F:7B:35:CC:08","38.27160493827161","3","0.7440476190476191","0","162","2022-05-21T05:37:00.000Z","1653111420",
"2551","22b77d7829c68dcd","E2:1F:7B:35:CC:08","14.814814814814815","0","0.7440476190476191","0","162","2022-05-21T05:38:00.000Z","1653111480",
"2551","22b77d7829c68dcd","E2:1F:7B:35:CC:08","6.172839506172839","0","0.78125","0","162","2022-05-21T05:39:00.000Z","1653111540",
"2551","22b77d7829c68dcd","E2:1F:7B:35:CC:08","3.7037037037037037","0","0.78125","0","162","2022-05-21T05:40:00.000Z","1653111600",
"2551","22b77d7829c68dcd","E2:1F:7B:35:CC:08","3.7037037037037037","0","0.78125","0","162","2022-05-21T05:41:00.000Z","1653111660",
"2551","22b77d7829c68dcd","E2:1F:7B:35:CC:08","3.7037037037037037","0","0.78125","0","162","2022-05-21T05:42:00.000Z","1653111720",
"2551","22b77d7829c68dcd","E2:1F:7B:35:CC:08","3.7037037037037037","0","0.78125","0","162","2022-05-21T05:43:00.000Z","1653111780",
"2551","22b77d7829c68dcd","E2:1F:7B:35:CC:08","3.7037037037037037","0","0.78125","0","162","2022-05-21T05:44:00.000Z","1653111840",
"2551","22b77d7829c68dcd","E2:1F:7B:35:CC:08","3.7037037037037037","1","0.37202380952380953","0","162","2022-05-21T05:45:00.000Z","1653111900",
"2551","22b77d7829c68dcd","E2:1F:7B:35:CC:08","14.814814814814815","1","0.390625","2","162","2022-05-21T05:46:00.000Z","1653111960",
"2551","22b77d7829c68dcd","E2:1F:7B:35:CC:08","8.641975308641975","0","0.40064102564102566","0","162","2022-05-21T05:47:00.000Z","1653112020",
"2551","22b77d7829c68dcd","E2:1F:7B:35:CC:08","7.407407407407407","0","0.40064102564102566","0","162","2022-05-21T05:48:00.000Z","1653112080",
"2551","22b77d7829c68dcd","E2:1F:7B:35:CC:08","6.172839506172839","0","0.40064102564102566","0","162","2022-05-21T05:49:00.000Z","1653112140",
"2551","22b77d7829c68dcd","E2:1F:7B:35:CC:08","6.172839506172839","0","0.41118421052631576","0","162","2022-05-21T05:50:00.000Z","1653112200",
"2551","22b77d7829c68dcd","E2:1F:7B:35:CC:08","3.7037037037037037","0","0.4222972972972973","0","162","2022-05-21T05:51:00.000Z","1653112260",
"2551","22b77d7829c68dcd","E2:1F:7B:35:CC:08","4.938271604938271","0","0.4222972972972973","0","162","2022-05-21T05:52:00.000Z","1653112320",
"2551","22b77d7829c68dcd","E2:1F:7B:35:CC:08","12.345679012345679","2","0.3125","0","162","2022-05-21T05:53:00.000Z","1653112380",
"2551","22b77d7829c68dcd","E2:1F:7B:35:CC:08","14.814814814814815","0","0.3255208333333333","0","162","2022-05-21T05:54:00.000Z","1653112440",
"2551","22b77d7829c68dcd","E2:1F:7B:35:CC:08","7.407407407407407","0","0.3324468085106383","0","162","2022-05-21T05:55:00.000Z","1653112500",
"2551","22b77d7829c68dcd","E2:1F:7B:35:CC:08","8.641975308641975","0","0.28935185185185186","0","162","2022-05-21T05:56:00.000Z","1653112560",
"2551","22b77d7829c68dcd","E2:1F:7B:35:CC:08","24.691358024691358","5","0.4340277777777778","0","162","2022-05-21T05:57:00.000Z","1653112620",
"2551","22b77d7829c68dcd","E2:1F:7B:35:CC:08","20.987654320987655","0","0.45955882352941174","0","162","2022-05-21T05:58:00.000Z","1653112680",
"2551","22b77d7829c68dcd","E2:1F:7B:35:CC:08","9.876543209876543","0","0.4734848484848485","0","162","2022-05-21T05:59:00.000Z","1653112740",
"2551","22b77d7829c68dcd","E2:1F:7B:35:CC:08","6.172839506172839","0","0.45955882352941174","0","162","2022-05-21T06:00:00.000Z","1653112800",
"2551","22b77d7829c68dcd","E2:1F:7B:35:CC:08","11.11111111111111","0","0.48828125","0","162","2022-05-21T06:01:00.000Z","1653112860",
"2551","22b77d7829c68dcd","E2:1F:7B:35:CC:08","7.407407407407407","0","0.48828125","0","162","2022-05-21T06:02:00.000Z","1653112920",
"2551","22b77d7829c68dcd","E2:1F:7B:35:CC:08","12.345679012345679","0","0.35511363636363635","2","162","2022-05-21T06:03:00.000Z","1653112980",
"2551","22b77d7829c68dcd","E2:1F:7B:35:CC:08","11.11111111111111","0","0.35511363636363635","0","162","2022-05-21T06:04:00.000Z","1653113040",
"2551","22b77d7829c68dcd","E2:1F:7B:35:CC:08","8.641975308641975","0","0.37202380952380953","0","162","2022-05-21T06:05:00.000Z","1653113100",
"2551","22b77d7829c68dcd","E2:1F:7B:35:CC:08","9.876543209876543","0","0.3255208333333333","0","162","2022-05-21T06:06:00.000Z","1653113160",
"2551","22b77d7829c68dcd","E2:1F:7B:35:CC:08","7.407407407407407","0","0.33967391304347827","0","162","2022-05-21T06:07:00.000Z","1653113220",
"2551","22b77d7829c68dcd","E2:1F:7B:35:CC:08","4.938271604938271","0","0.3472222222222222","0","162","2022-05-21T06:08:00.000Z","1653113280",
"2551","22b77d7829c68dcd","E2:1F:7B:35:CC:08","4.938271604938271","0","0.3255208333333333","0","162","2022-05-21T06:09:00.000Z","1653113340",
"2551","22b77d7829c68dcd","E2:1F:7B:35:CC:08","13.580246913580247","0","0.3472222222222222","0","162","2022-05-21T06:10:00.000Z","1653113400",
"2551","22b77d7829c68dcd","E2:1F:7B:35:CC:08","7.407407407407407","0","0.35511363636363635","0","162","2022-05-21T06:11:00.000Z","1653113460",
"2551","22b77d7829c68dcd","E2:1F:7B:35:CC:08","4.938271604938271","0","0.3633720930232558","0","162","2022-05-21T06:12:00.000Z","1653113520",
"2551","22b77d7829c68dcd","E2:1F:7B:35:CC:08","3.7037037037037037","0","0.37202380952380953","0","162","2022-05-21T06:13:00.000Z","1653113580",
"2551","22b77d7829c68dcd","E2:1F:7B:35:CC:08","2.4691358024691357","0","0.37202380952380953","0","162","2022-05-21T06:14:00.000Z","1653113640",
"2551","22b77d7829c68dcd","E2:1F:7B:35:CC:08","2.4691358024691357","0","0.37202380952380953","0","162","2022-05-21T06:15:00.000Z","1653113700",
"2551","22b77d7829c68dcd","E2:1F:7B:35:CC:08","8.641975308641975","1","0.24801587301587302","2","162","2022-05-21T06:16:00.000Z","1653113760",
"2551","22b77d7829c68dcd","E2:1F:7B:35:CC:08","20.987654320987655","0","0.30637254901960786","1","162","2022-05-21T06:17:00.000Z","1653113820",
"2551","22b77d7829c68dcd","E2:1F:7B:35:CC:08","11.11111111111111","0","0.3125","0","162","2022-05-21T06:18:00.000Z","1653113880",
"2551","22b77d7829c68dcd","E2:1F:7B:35:CC:08","7.407407407407407","0","0.23674242424242425","0","162","2022-05-21T06:19:00.000Z","1653113940",
"2551","22b77d7829c68dcd","E2:1F:7B:35:CC:08","29.62962962962963","8","0.35511363636363635","2","162","2022-05-21T06:20:00.000Z","1653114000",
"2551","22b77d7829c68dcd","E2:1F:7B:35:CC:08","35.80246913580247","0","0.16801075268817203","5","162","2022-05-21T06:21:00.000Z","1653114060",
"2551","22b77d7829c68dcd","E2:1F:7B:35:CC:08","61.72839506172839","8","0.19290123456790123","4","162","2022-05-21T06:22:00.000Z","1653114120",
"2551","22b77d7829c68dcd","E2:1F:7B:35:CC:08","66.66666666666667","3","0.10557432432432433","2","162","2022-05-21T06:23:00.000Z","1653114180",
"2551","22b77d7829c68dcd","E2:1F:7B:35:CC:08","66.66666666666667","0","0.12400793650793651","2","162","2022-05-21T06:24:00.000Z","1653114240",
"2551","22b77d7829c68dcd","E2:1F:7B:35:CC:08","55.55555555555556","1","0.1358695652173913","0","162","2022-05-21T06:25:00.000Z","1653114300",
"2551","22b77d7829c68dcd","E2:1F:7B:35:CC:08","41.97530864197531","5","0.1547029702970297","0","162","2022-05-21T06:26:00.000Z","1653114360",
"2551","22b77d7829c68dcd","E2:1F:7B:35:CC:08","39.50617283950617","4","0.09645061728395062","1","162","2022-05-21T06:31:00.000Z","1653114660",
"2551","22b77d7829c68dcd","E2:1F:7B:35:CC:08","40.74074074074074","0","0.10486577181208054","0","162","2022-05-21T06:35:00.000Z","1653114900",
"2551","22b77d7829c68dcd","E2:1F:7B:35:CC:08","45.67901234567901","4","0.07659313725490197","4","162","2022-05-21T06:41:00.000Z","1653115260",
"2551","22b77d7829c68dcd","E2:1F:7B:35:CC:08","48.148148148148145","10","0.09137426900584796","9","162","2022-05-21T06:42:00.000Z","1653115320",
"2551","22b77d7829c68dcd","E2:1F:7B:35:CC:08","60.49382716049383","9","0.09585889570552147","15","162","2022-05-21T06:45:00.000Z","1653115500",
"2551","22b77d7829c68dcd","E2:1F:7B:35:CC:08","75.30864197530865","4","0.22644927536231885","16","162","2022-05-21T06:46:00.000Z","1653115560",
"2551","22b77d7829c68dcd","E2:1F:7B:35:CC:08","100","9","0.11574074074074074","15","162","2022-05-21T06:47:00.000Z","1653115620",
"2551","22b77d7829c68dcd","E2:1F:7B:35:CC:08","64.19753086419753","0","0.11081560283687943","0","162","2022-05-21T06:48:00.000Z","1653115680",
"2551","22b77d7829c68dcd","E2:1F:7B:35:CC:08","45.67901234567901","4","0.06823144104803494","0","162","2022-05-21T06:51:00.000Z","1653115860",
"2551","22b77d7829c68dcd","E2:1F:7B:35:CC:08","71.60493827160494","8","0.08680555555555555","0","162","2022-05-21T06:57:00.000Z","1653116220",
"2551","22b77d7829c68dcd","E2:1F:7B:35:CC:08","61.72839506172839","5","0.09356287425149701","0","162","2022-05-21T06:58:00.000Z","1653116280",
"2551","22b77d7829c68dcd","E2:1F:7B:35:CC:08","55.55555555555556","6","0.09245562130177515","0","162","2022-05-21T06:59:00.000Z","1653116340",
"2551","22b77d7829c68dcd","E2:1F:7B:35:CC:08","58.02469135802469","4","0.10629251700680271","0","162","2022-05-21T07:00:00.000Z","1653116400",
"2551","22b77d7829c68dcd","E2:1F:7B:35:CC:08","41.97530864197531","1","0.11837121212121213","0","162","2022-05-21T07:01:00.000Z","1653116460",
"2551","22b77d7829c68dcd","E2:1F:7B:35:CC:08","56.79012345679013","5","0.09356287425149701","0","162","2022-05-21T07:02:00.000Z","1653116520",
"2551","22b77d7829c68dcd","E2:1F:7B:35:CC:08","65.4320987654321","3","0.11322463768115942","0","162","2022-05-21T07:03:00.000Z","1653116580",
"2551","22b77d7829c68dcd","E2:1F:7B:35:CC:08","62.96296296296296","3","0.11322463768115942","0","162","2022-05-21T07:04:00.000Z","1653116640",
"2551","22b77d7829c68dcd","E2:1F:7B:35:CC:08","50.617283950617285","7","0.09704968944099379","0","162","2022-05-21T07:05:00.000Z","1653116700",
"2551","22b77d7829c68dcd","E2:1F:7B:35:CC:08","71.60493827160494","12","0.09952229299363058","0","162","2022-05-21T07:06:00.000Z","1653116760",
"2551","22b77d7829c68dcd","E2:1F:7B:35:CC:08","85.18518518518519","9","0.0733568075117371","7","162","2022-05-21T07:07:00.000Z","1653116820",
"2551","22b77d7829c68dcd","E2:1F:7B:35:CC:08","87.65432098765432","0","0.09765625","1","162","2022-05-21T07:08:00.000Z","1653116880",
"2551","22b77d7829c68dcd","E2:1F:7B:35:CC:08","90.12345679012346","14","0.10080645161290322","19","162","2022-05-21T07:09:00.000Z","1653116940",
"2551","22b77d7829c68dcd","E2:1F:7B:35:CC:08","91.35802469135803","0","0.08979885057471264","35","162","2022-05-21T07:10:00.000Z","1653117000",
"2551","22b77d7829c68dcd","E2:1F:7B:35:CC:08","97.53086419753086","7","0.09889240506329114","0","162","2022-05-21T07:21:00.000Z","1653117660",
"2551","22b77d7829c68dcd","E2:1F:7B:35:CC:08","64.19753086419753","8","0.10629251700680271","0","162","2022-05-21T07:22:00.000Z","1653117720",
"2551","22b77d7829c68dcd","E2:1F:7B:35:CC:08","69.1358024691358","7","0.07301401869158879","7","162","2022-05-21T07:23:00.000Z","1653117780",
"2551","22b77d7829c68dcd","E2:1F:7B:35:CC:08","64.19753086419753","10","0.13130252100840337","0","162","2022-05-21T07:28:00.000Z","1653118080",
"2551","22b77d7829c68dcd","E2:1F:7B:35:CC:08","46.91358024691358","2","0.14467592592592593","1","162","2022-05-21T07:29:00.000Z","1653118140",
"2551","22b77d7829c68dcd","E2:1F:7B:35:CC:08","39.50617283950617","2","0.16622340425531915","0","162","2022-05-21T07:30:00.000Z","1653118200",
"2551","22b77d7829c68dcd","E2:1F:7B:35:CC:08","35.80246913580247","0","0.1816860465116279","0","162","2022-05-21T07:31:00.000Z","1653118260",
"2551","22b77d7829c68dcd","E2:1F:7B:35:CC:08","34.5679012345679","1","0.20833333333333334","0","162","2022-05-21T07:32:00.000Z","1653118320",
"2551","22b77d7829c68dcd","E2:1F:7B:35:CC:08","28.395061728395063","0","0.12600806451612903","1","162","2022-05-21T07:33:00.000Z","1653118380",
"2551","22b77d7829c68dcd","E2:1F:7B:35:CC:08","23.45679012345679","0","0.13827433628318583","0","162","2022-05-21T07:34:00.000Z","1653118440",
"2551","22b77d7829c68dcd","E2:1F:7B:35:CC:08","23.45679012345679","2","0.15943877551020408","1","162","2022-05-21T07:35:00.000Z","1653118500",
"2551","22b77d7829c68dcd","E2:1F:7B:35:CC:08","33.333333333333336","3","0.20032051282051283","0","162","2022-05-21T07:36:00.000Z","1653118560",
"2551","22b77d7829c68dcd","E2:1F:7B:35:CC:08","27.160493827160494","0","0.22007042253521128","0","162","2022-05-21T07:37:00.000Z","1653118620",
"2551","22b77d7829c68dcd","E2:1F:7B:35:CC:08","17.28395061728395","0","0.2332089552238806","0","162","2022-05-21T07:38:00.000Z","1653118680",
"2551","22b77d7829c68dcd","E2:1F:7B:35:CC:08","13.580246913580247","0","0.10416666666666667","1","162","2022-05-21T07:39:00.000Z","1653118740",
"2551","22b77d7829c68dcd","E2:1F:7B:35:CC:08","28.395061728395063","7","0.1174812030075188","0","162","2022-05-21T07:40:00.000Z","1653118800",
"2551","22b77d7829c68dcd","E2:1F:7B:35:CC:08","39.50617283950617","2","0.13241525423728814","0","162","2022-05-21T07:41:00.000Z","1653118860",
"2551","22b77d7829c68dcd","E2:1F:7B:35:CC:08","55.55555555555556","1","0.12303149606299213","4","162","2022-05-21T07:42:00.000Z","1653118920",
"2551","22b77d7829c68dcd","E2:1F:7B:35:CC:08","44.44444444444444","3","0.14076576576576577","1","162","2022-05-21T07:43:00.000Z","1653118980",
"2551","22b77d7829c68dcd","E2:1F:7B:35:CC:08","45.67901234567901","5","0.15943877551020408","1","162","2022-05-21T07:44:00.000Z","1653119040",
"2551","22b77d7829c68dcd","E2:1F:7B:35:CC:08","34.5679012345679","0","0.17755681818181818","0","162","2022-05-21T07:45:00.000Z","1653119100",
"2551","22b77d7829c68dcd","E2:1F:7B:35:CC:08","32.098765432098766","1","0.20292207792207792","0","162","2022-05-21T07:46:00.000Z","1653119160",
"2551","22b77d7829c68dcd","E2:1F:7B:35:CC:08","20.987654320987655","0","0.19054878048780488","0","162","2022-05-21T07:47:00.000Z","1653119220",
"2551","22b77d7829c68dcd","E2:1F:7B:35:CC:08","11.11111111111111","0","0.19778481012658228","0","162","2022-05-21T07:48:00.000Z","1653119280",
"2551","22b77d7829c68dcd","E2:1F:7B:35:CC:08","18.51851851851852","0","0.18382352941176472","0","162","2022-05-21T07:49:00.000Z","1653119340",
"2551","22b77d7829c68dcd","E2:1F:7B:35:CC:08","13.580246913580247","1","0.18601190476190477","0","162","2022-05-21T07:50:00.000Z","1653119400",
"2551","22b77d7829c68dcd","E2:1F:7B:35:CC:08","19.753086419753085","1","0.19054878048780488","0","162","2022-05-21T07:51:00.000Z","1653119460",
"2551","22b77d7829c68dcd","E2:1F:7B:35:CC:08","12.345679012345679","0","0.20032051282051283","0","162","2022-05-21T07:52:00.000Z","1653119520",
"2551","22b77d7829c68dcd","E2:1F:7B:35:CC:08","19.753086419753085","0","0.20032051282051283","0","162","2022-05-21T07:53:00.000Z","1653119580",
"2551","22b77d7829c68dcd","E2:1F:7B:35:CC:08","14.814814814814815","0","0.143348623853211","0","162","2022-05-21T07:54:00.000Z","1653119640",
"2551","22b77d7829c68dcd","E2:1F:7B:35:CC:08","25.925925925925927","5","0.21404109589041095","0","162","2022-05-21T07:55:00.000Z","1653119700",
"2551","22b77d7829c68dcd","E2:1F:7B:35:CC:08","23.45679012345679","1","0.21404109589041095","0","162","2022-05-21T07:56:00.000Z","1653119760",
"2551","22b77d7829c68dcd","E2:1F:7B:35:CC:08","18.51851851851852","0","0.2170138888888889","0","162","2022-05-21T07:57:00.000Z","1653119820",
"2551","22b77d7829c68dcd","E2:1F:7B:35:CC:08","22.22222222222222","0","0.21114864864864866","1","162","2022-05-21T07:58:00.000Z","1653119880",
"2551","22b77d7829c68dcd","E2:1F:7B:35:CC:08","22.22222222222222","1","0.2332089552238806","0","162","2022-05-21T07:59:00.000Z","1653119940",
"2551","22b77d7829c68dcd","E2:1F:7B:35:CC:08","18.51851851851852","0","0.24801587301587302","0","162","2022-05-21T08:00:00.000Z","1653120000",
"2551","22b77d7829c68dcd","E2:1F:7B:35:CC:08","13.580246913580247","0","0.25201612903225806","0","162","2022-05-21T08:01:00.000Z","1653120060",
"2551","22b77d7829c68dcd","E2:1F:7B:35:CC:08","12.345679012345679","0","0.25614754098360654","0","162","2022-05-21T08:02:00.000Z","1653120120",
"2551","22b77d7829c68dcd","E2:1F:7B:35:CC:08","28.395061728395063","4","0.28935185185185186","1","162","2022-05-21T08:03:00.000Z","1653120180",
"2551","22b77d7829c68dcd","E2:1F:7B:35:CC:08","25.925925925925927","1","0.2840909090909091","0","162","2022-05-21T08:04:00.000Z","1653120240",
"2551","22b77d7829c68dcd","E2:1F:7B:35:CC:08","13.580246913580247","0","0.2840909090909091","0","162","2022-05-21T08:05:00.000Z","1653120300",
"2551","22b77d7829c68dcd","E2:1F:7B:35:CC:08","7.407407407407407","0","0.27901785714285715","0","162","2022-05-21T08:06:00.000Z","1653120360",
"2551","22b77d7829c68dcd","E2:1F:7B:35:CC:08","8.641975308641975","0","0.37202380952380953","0","162","2022-05-21T08:07:00.000Z","1653120420",
"2551","22b77d7829c68dcd","E2:1F:7B:35:CC:08","16.049382716049383","1","0.2840909090909091","0","162","2022-05-21T08:08:00.000Z","1653120480",
"2551","22b77d7829c68dcd","E2:1F:7B:35:CC:08","18.51851851851852","0","0.27901785714285715","0","162","2022-05-21T08:09:00.000Z","1653120540",
"2551","22b77d7829c68dcd","E2:1F:7B:35:CC:08","14.814814814814815","0","0.294811320754717","0","162","2022-05-21T08:10:00.000Z","1653120600",
"2551","22b77d7829c68dcd","E2:1F:7B:35:CC:08","8.641975308641975","0","0.294811320754717","0","162","2022-05-21T08:11:00.000Z","1653120660",
"2551","22b77d7829c68dcd","E2:1F:7B:35:CC:08","9.876543209876543","0","0.294811320754717","0","162","2022-05-21T08:12:00.000Z","1653120720",
"2551","22b77d7829c68dcd","E2:1F:7B:35:CC:08","19.753086419753085","1","0.3125","0","162","2022-05-21T08:13:00.000Z","1653120780",
"2551","22b77d7829c68dcd","E2:1F:7B:35:CC:08","14.814814814814815","0","0.31887755102040816","0","162","2022-05-21T08:14:00.000Z","1653120840",
"2551","22b77d7829c68dcd","E2:1F:7B:35:CC:08","13.580246913580247","0","0.31887755102040816","0","162","2022-05-21T08:15:00.000Z","1653120900",
"2551","22b77d7829c68dcd","E2:1F:7B:35:CC:08","12.345679012345679","0","0.31887755102040816","0","162","2022-05-21T08:16:00.000Z","1653120960",
"2551","22b77d7829c68dcd","E2:1F:7B:35:CC:08","19.753086419753085","0","0.33967391304347827","0","162","2022-05-21T08:17:00.000Z","1653121020",
"2551","22b77d7829c68dcd","E2:1F:7B:35:CC:08","17.28395061728395","0","0.35511363636363635","0","162","2022-05-21T08:18:00.000Z","1653121080",
"2551","22b77d7829c68dcd","E2:1F:7B:35:CC:08","12.345679012345679","0","0.3472222222222222","0","162","2022-05-21T08:19:00.000Z","1653121140",
"2551","22b77d7829c68dcd","E2:1F:7B:35:CC:08","19.753086419753085","0","0.31887755102040816","0","162","2022-05-21T08:20:00.000Z","1653121200",
"2551","22b77d7829c68dcd","E2:1F:7B:35:CC:08","17.28395061728395","0","0.12703252032520326","4","162","2022-05-21T08:21:00.000Z","1653121260",
"2551","22b77d7829c68dcd","E2:1F:7B:35:CC:08","69.1358024691358","7","0.15169902912621358","2","162","2022-05-21T08:22:00.000Z","1653121320",
"2551","22b77d7829c68dcd","E2:1F:7B:35:CC:08","58.02469135802469","4","0.175561797752809","4","162","2022-05-21T08:23:00.000Z","1653121380",
"2551","22b77d7829c68dcd","E2:1F:7B:35:CC:08","46.91358024691358","4","0.1953125","5","162","2022-05-21T08:24:00.000Z","1653121440",
"2551","22b77d7829c68dcd","E2:1F:7B:35:CC:08","30.864197530864196","0","0.1953125","0","162","2022-05-21T08:25:00.000Z","1653121500",
"2551","22b77d7829c68dcd","E2:1F:7B:35:CC:08","40.74074074074074","7","0.1953125","0","162","2022-05-21T08:26:00.000Z","1653121560",
"2551","22b77d7829c68dcd","E2:1F:7B:35:CC:08","32.098765432098766","2","0.21404109589041095","0","162","2022-05-21T08:27:00.000Z","1653121620",
"2551","22b77d7829c68dcd","E2:1F:7B:35:CC:08","34.5679012345679","0","0.22644927536231885","0","162","2022-05-21T08:28:00.000Z","1653121680",
"2551","22b77d7829c68dcd","E2:1F:7B:35:CC:08","30.864197530864196","1","0.23674242424242425","1","162","2022-05-21T08:29:00.000Z","1653121740",
"2551","22b77d7829c68dcd","E2:1F:7B:35:CC:08","14.814814814814815","0","0.22977941176470587","0","162","2022-05-21T08:30:00.000Z","1653121800",
"2551","22b77d7829c68dcd","E2:1F:7B:35:CC:08","6.172839506172839","0","0.22977941176470587","0","162","2022-05-21T08:31:00.000Z","1653121860",
"2551","22b77d7829c68dcd","E2:1F:7B:35:CC:08","12.345679012345679","0","0.24801587301587302","0","162","2022-05-21T08:32:00.000Z","1653121920",
"2551","22b77d7829c68dcd","E2:1F:7B:35:CC:08","9.876543209876543","0","0.25614754098360654","0","162","2022-05-21T08:33:00.000Z","1653121980",
"2551","22b77d7829c68dcd","E2:1F:7B:35:CC:08","20.987654320987655","5","0.25614754098360654","1","162","2022-05-21T08:34:00.000Z","1653122040",
"2551","22b77d7829c68dcd","E2:1F:7B:35:CC:08","38.27160493827161","4","0.3255208333333333","5","162","2022-05-21T08:35:00.000Z","1653122100",
"2551","22b77d7829c68dcd","E2:1F:7B:35:CC:08","55.55555555555556","2","0.35511363636363635","0","162","2022-05-21T08:36:00.000Z","1653122160",
"2551","22b77d7829c68dcd","E2:1F:7B:35:CC:08","33.333333333333336","4","0.2840909090909091","0","162","2022-05-21T08:37:00.000Z","1653122220",
"2551","22b77d7829c68dcd","E2:1F:7B:35:CC:08","40.74074074074074","10","0.22007042253521128","0","162","2022-05-21T08:38:00.000Z","1653122280",
"2551","22b77d7829c68dcd","E2:1F:7B:35:CC:08","46.91358024691358","3","0.15782828282828282","2","162","2022-05-21T08:39:00.000Z","1653122340",
"2551","22b77d7829c68dcd","E2:1F:7B:35:CC:08","62.96296296296296","7","0.16983695652173914","5","162","2022-05-21T08:40:00.000Z","1653122400",
"2551","22b77d7829c68dcd","E2:1F:7B:35:CC:08","62.96296296296296","2","0.11003521126760564","18","162","2022-05-21T08:43:00.000Z","1653122580",
"2551","22b77d7829c68dcd","E2:1F:7B:35:CC:08","62.96296296296296","0","0.1488095238095238","16","162","2022-05-21T08:44:00.000Z","1653122640",
"2551","22b77d7829c68dcd","E2:1F:7B:35:CC:08","58.02469135802469","5","0.24801587301587302","7","162","2022-05-21T08:45:00.000Z","1653122700",
"2551","22b77d7829c68dcd","E2:1F:7B:35:CC:08","60.49382716049383","5","0.31887755102040816","0","162","2022-05-21T08:46:00.000Z","1653122760",
"2551","22b77d7829c68dcd","E2:1F:7B:35:CC:08","56.79012345679013","6","0.40064102564102566","0","162","2022-05-21T08:47:00.000Z","1653122820",
"2551","22b77d7829c68dcd","E2:1F:7B:35:CC:08","66.66666666666667","5","0.11574074074074074","1","162","2022-05-21T08:48:00.000Z","1653122880",
"2551","22b77d7829c68dcd","E2:1F:7B:35:CC:08","54.32098765432099","2","0.1502403846153846","1","162","2022-05-21T08:49:00.000Z","1653122940",
"2551","22b77d7829c68dcd","E2:1F:7B:35:CC:08","54.32098765432099","6","0.1953125","0","162","2022-05-21T08:50:00.000Z","1653123000",
"2551","22b77d7829c68dcd","E2:1F:7B:35:CC:08","45.67901234567901","4","0.20032051282051283","0","162","2022-05-21T08:51:00.000Z","1653123060",
"2551","22b77d7829c68dcd","E2:1F:7B:35:CC:08","29.62962962962963","1","0.16801075268817203","1","162","2022-05-21T08:52:00.000Z","1653123120",
"2551","22b77d7829c68dcd","E2:1F:7B:35:CC:08","33.333333333333336","0","0.18382352941176472","0","162","2022-05-21T08:53:00.000Z","1653123180",
"2551","22b77d7829c68dcd","E2:1F:7B:35:CC:08","20.987654320987655","0","0.1953125","0","162","2022-05-21T08:54:00.000Z","1653123240",
"2551","22b77d7829c68dcd","E2:1F:7B:35:CC:08","28.395061728395063","1","0.22644927536231885","0","162","2022-05-21T08:55:00.000Z","1653123300",
"2551","22b77d7829c68dcd","E2:1F:7B:35:CC:08","40.74074074074074","3","0.18601190476190477","2","162","2022-05-21T08:56:00.000Z","1653123360",
"2551","22b77d7829c68dcd","E2:1F:7B:35:CC:08","25.925925925925927","0","0.19290123456790123","0","162","2022-05-21T08:57:00.000Z","1653123420",
"2551","22b77d7829c68dcd","E2:1F:7B:35:CC:08","9.876543209876543","0","0.19290123456790123","0","162","2022-05-21T08:58:00.000Z","1653123480",
"2551","22b77d7829c68dcd","E2:1F:7B:35:CC:08","6.172839506172839","0","0.19054878048780488","2","162","2022-05-21T08:59:00.000Z","1653123540",
"2551","22b77d7829c68dcd","E2:1F:7B:35:CC:08","24.691358024691358","2","0.22007042253521128","0","162","2022-05-21T09:00:00.000Z","1653123600",
"2551","22b77d7829c68dcd","E2:1F:7B:35:CC:08","13.580246913580247","0","0.22977941176470587","1","162","2022-05-21T09:01:00.000Z","1653123660",
"2551","22b77d7829c68dcd","E2:1F:7B:35:CC:08","23.45679012345679","2","0.22007042253521128","4","162","2022-05-21T09:02:00.000Z","1653123720",
"2551","22b77d7829c68dcd","E2:1F:7B:35:CC:08","19.753086419753085","0","0.22644927536231885","0","162","2022-05-21T09:03:00.000Z","1653123780",
"2551","22b77d7829c68dcd","E2:1F:7B:35:CC:08","17.28395061728395","1","0.2170138888888889","1","162","2022-05-21T09:04:00.000Z","1653123840",
"2551","22b77d7829c68dcd","E2:1F:7B:35:CC:08","16.049382716049383","0","0.20032051282051283","0","162","2022-05-21T09:05:00.000Z","1653123900",
"2551","22b77d7829c68dcd","E2:1F:7B:35:CC:08","23.45679012345679","3","0.25614754098360654","1","162","2022-05-21T09:06:00.000Z","1653123960",
"2551","22b77d7829c68dcd","E2:1F:7B:35:CC:08","55.55555555555556","1","0.24801587301587302","1","162","2022-05-21T09:07:00.000Z","1653124020",
"2551","22b77d7829c68dcd","E2:1F:7B:35:CC:08","48.148148148148145","2","0.2741228070175439","1","162","2022-05-21T09:08:00.000Z","1653124080",
"2551","22b77d7829c68dcd","E2:1F:7B:35:CC:08","32.098765432098766","0","0.2648305084745763","0","162","2022-05-21T09:09:00.000Z","1653124140",
"2551","22b77d7829c68dcd","E2:1F:7B:35:CC:08","22.22222222222222","0","0.2741228070175439","0","162","2022-05-21T09:10:00.000Z","1653124200",
"2551","22b77d7829c68dcd","E2:1F:7B:35:CC:08","14.814814814814815","0","0.23674242424242425","0","162","2022-05-21T09:11:00.000Z","1653124260",
"2551","22b77d7829c68dcd","E2:1F:7B:35:CC:08","20.987654320987655","1","0.25201612903225806","0","162","2022-05-21T09:12:00.000Z","1653124320",
"2551","22b77d7829c68dcd","E2:1F:7B:35:CC:08","13.580246913580247","1","0.2604166666666667","2","162","2022-05-21T09:13:00.000Z","1653124380",
"2551","22b77d7829c68dcd","E2:1F:7B:35:CC:08","30.864197530864196","2","0.244140625","1","162","2022-05-21T09:14:00.000Z","1653124440",
"2551","22b77d7829c68dcd","E2:1F:7B:35:CC:08","32.098765432098766","3","0.24801587301587302","0","162","2022-05-21T09:15:00.000Z","1653124500",
"2551","22b77d7829c68dcd","E2:1F:7B:35:CC:08","34.5679012345679","3","0.28935185185185186","2","162","2022-05-21T09:16:00.000Z","1653124560",
"2551","22b77d7829c68dcd","E2:1F:7B:35:CC:08","62.96296296296296","4","0.37202380952380953","0","162","2022-05-21T09:17:00.000Z","1653124620",
"2551","22b77d7829c68dcd","E2:1F:7B:35:CC:08","39.50617283950617","2","0.390625","0","162","2022-05-21T09:18:00.000Z","1653124680",
"2551","22b77d7829c68dcd","E2:1F:7B:35:CC:08","30.864197530864196","0","0.3633720930232558","0","162","2022-05-21T09:19:00.000Z","1653124740",
"2551","22b77d7829c68dcd","E2:1F:7B:35:CC:08","12.345679012345679","0","0.31887755102040816","0","162","2022-05-21T09:20:00.000Z","1653124800",
"2551","22b77d7829c68dcd","E2:1F:7B:35:CC:08","17.28395061728395","0","0.3004807692307692","1","162","2022-05-21T09:21:00.000Z","1653124860",
"2551","22b77d7829c68dcd","E2:1F:7B:35:CC:08","14.814814814814815","1","0.28935185185185186","1","162","2022-05-21T09:22:00.000Z","1653124920",
"2551","22b77d7829c68dcd","E2:1F:7B:35:CC:08","27.160493827160494","3","0.2840909090909091","4","162","2022-05-21T09:23:00.000Z","1653124980",
"2551","22b77d7829c68dcd","E2:1F:7B:35:CC:08","33.333333333333336","2","0.31887755102040816","0","162","2022-05-21T09:24:00.000Z","1653125040",
"2551","22b77d7829c68dcd","E2:1F:7B:35:CC:08","20.987654320987655","1","0.3324468085106383","0","162","2022-05-21T09:25:00.000Z","1653125100",
"2551","22b77d7829c68dcd","E2:1F:7B:35:CC:08","17.28395061728395","0","0.3255208333333333","1","162","2022-05-21T09:26:00.000Z","1653125160",
"2551","22b77d7829c68dcd","E2:1F:7B:35:CC:08","14.814814814814815","0","0.3324468085106383","0","162","2022-05-21T09:27:00.000Z","1653125220",
"2551","22b77d7829c68dcd","E2:1F:7B:35:CC:08","13.580246913580247","0","0.14602803738317757","1","162","2022-05-21T09:28:00.000Z","1653125280",
"2551","22b77d7829c68dcd","E2:1F:7B:35:CC:08","35.80246913580247","4","0.12913223140495866","1","162","2022-05-21T09:31:00.000Z","1653125460",
"2551","22b77d7829c68dcd","E2:1F:7B:35:CC:08","59.25925925925926","6","0.22321428571428573","2","162","2022-05-21T09:32:00.000Z","1653125520",
"2551","22b77d7829c68dcd","E2:1F:7B:35:CC:08","59.25925925925926","0","0.20833333333333334","1","162","2022-05-21T09:33:00.000Z","1653125580",
"2551","22b77d7829c68dcd","E2:1F:7B:35:CC:08","38.27160493827161","1","0.22007042253521128","0","162","2022-05-21T09:34:00.000Z","1653125640",
"2551","22b77d7829c68dcd","E2:1F:7B:35:CC:08","30.864197530864196","1","0.2170138888888889","0","162","2022-05-21T09:35:00.000Z","1653125700",
"2551","22b77d7829c68dcd","E2:1F:7B:35:CC:08","34.5679012345679","3","0.26939655172413796","0","162","2022-05-21T09:36:00.000Z","1653125760",
"2551","22b77d7829c68dcd","E2:1F:7B:35:CC:08","40.74074074074074","4","0.27901785714285715","4","162","2022-05-21T09:37:00.000Z","1653125820",
"2551","22b77d7829c68dcd","E2:1F:7B:35:CC:08","29.62962962962963","0","0.2741228070175439","0","162","2022-05-21T09:38:00.000Z","1653125880",
"2551","22b77d7829c68dcd","E2:1F:7B:35:CC:08","23.45679012345679","0","0.2170138888888889","2","162","2022-05-21T09:39:00.000Z","1653125940",
"2551","22b77d7829c68dcd","E2:1F:7B:35:CC:08","55.55555555555556","9","0.1816860465116279","0","162","2022-05-21T09:40:00.000Z","1653126000",
"2551","22b77d7829c68dcd","E2:1F:7B:35:CC:08","62.96296296296296","6","0.2840909090909091","0","162","2022-05-21T09:41:00.000Z","1653126060",
"2551","22b77d7829c68dcd","E2:1F:7B:35:CC:08","49.382716049382715","4","0.2840909090909091","0","162","2022-05-21T09:42:00.000Z","1653126120",
"2551","22b77d7829c68dcd","E2:1F:7B:35:CC:08","33.333333333333336","1","0.3125","0","162","2022-05-21T09:43:00.000Z","1653126180",
"2551","22b77d7829c68dcd","E2:1F:7B:35:CC:08","18.51851851851852","0","0.3125","0","162","2022-05-21T09:44:00.000Z","1653126240",
"2551","22b77d7829c68dcd","E2:1F:7B:35:CC:08","27.160493827160494","1","0.25201612903225806","0","162","2022-05-21T09:45:00.000Z","1653126300",
"2551","22b77d7829c68dcd","E2:1F:7B:35:CC:08","61.72839506172839","4","0.33967391304347827","1","162","2022-05-21T09:46:00.000Z","1653126360",
"2551","22b77d7829c68dcd","E2:1F:7B:35:CC:08","75.30864197530865","3","0.3125","0","162","2022-05-21T09:47:00.000Z","1653126420",
"2551","22b77d7829c68dcd","E2:1F:7B:35:CC:08","33.333333333333336","0","0.2403846153846154","1","162","2022-05-21T09:48:00.000Z","1653126480",
"2551","22b77d7829c68dcd","E2:1F:7B:35:CC:08","28.395061728395063","4","0.26939655172413796","2","162","2022-05-21T09:49:00.000Z","1653126540",
"2551","22b77d7829c68dcd","E2:1F:7B:35:CC:08","16.049382716049383","0","0.23674242424242425","0","162","2022-05-21T09:50:00.000Z","1653126600",
"2551","22b77d7829c68dcd","E2:1F:7B:35:CC:08","19.753086419753085","1","0.16276041666666666","4","162","2022-05-21T09:51:00.000Z","1653126660",
"2551","22b77d7829c68dcd","E2:1F:7B:35:CC:08","25.925925925925927","2","0.20292207792207792","4","162","2022-05-21T09:52:00.000Z","1653126720",
"2551","22b77d7829c68dcd","E2:1F:7B:35:CC:08","53.08641975308642","5","0.1953125","0","162","2022-05-21T09:53:00.000Z","1653126780",
"2551","22b77d7829c68dcd","E2:1F:7B:35:CC:08","76.54320987654322","4","0.16447368421052633","0","162","2022-05-21T09:54:00.000Z","1653126840",
"2551","22b77d7829c68dcd","E2:1F:7B:35:CC:08","85.18518518518519","6","0.15625","2","162","2022-05-21T09:55:00.000Z","1653126900",
"2551","22b77d7829c68dcd","E2:1F:7B:35:CC:08","100","8","0.13020833333333334","0","162","2022-05-21T09:56:00.000Z","1653126960",
"2551","22b77d7829c68dcd","E2:1F:7B:35:CC:08","82.71604938271605","4","0.175561797752809","0","162","2022-05-21T09:57:00.000Z","1653127020",
"2551","22b77d7829c68dcd","E2:1F:7B:35:CC:08","46.91358024691358","1","0.1953125","0","162","2022-05-21T09:58:00.000Z","1653127080",
"2551","22b77d7829c68dcd","E2:1F:7B:35:CC:08","20.987654320987655","0","0.20559210526315788","0","162","2022-05-21T09:59:00.000Z","1653127140",
"2551","22b77d7829c68dcd","E2:1F:7B:35:CC:08","13.580246913580247","0","0.2170138888888889","0","162","2022-05-21T10:00:00.000Z","1653127200",
"2551","22b77d7829c68dcd","E2:1F:7B:35:CC:08","50.617283950617285","4","0.12400793650793651","0","162","2022-05-21T10:01:00.000Z","1653127260",
"2551","22b77d7829c68dcd","E2:1F:7B:35:CC:08","28.395061728395063","0","0.13469827586206898","0","162","2022-05-21T10:02:00.000Z","1653127320",
"2551","22b77d7829c68dcd","E2:1F:7B:35:CC:08","28.395061728395063","5","0.20292207792207792","1","162","2022-05-21T10:03:00.000Z","1653127380",
"2551","22b77d7829c68dcd","E2:1F:7B:35:CC:08","50.617283950617285","1","0.1358695652173913","0","162","2022-05-21T10:04:00.000Z","1653127440",
"2551","22b77d7829c68dcd","E2:1F:7B:35:CC:08","100","9","0.2741228070175439","0","162","2022-05-21T10:05:00.000Z","1653127500",
"2551","22b77d7829c68dcd","E2:1F:7B:35:CC:08","85.18518518518519","0","0.2840909090909091","0","162","2022-05-21T10:06:00.000Z","1653127560",
"2551","22b77d7829c68dcd","E2:1F:7B:35:CC:08","41.97530864197531","0","0.25614754098360654","0","162","2022-05-21T10:07:00.000Z","1653127620",
"2551","22b77d7829c68dcd","E2:1F:7B:35:CC:08","55.55555555555556","3","0.2604166666666667","0","162","2022-05-21T10:08:00.000Z","1653127680",
"2551","22b77d7829c68dcd","E2:1F:7B:35:CC:08","44.44444444444444","1","0.3004807692307692","0","162","2022-05-21T10:09:00.000Z","1653127740",
"2551","22b77d7829c68dcd","E2:1F:7B:35:CC:08","28.395061728395063","0","0.3125","0","162","2022-05-21T10:10:00.000Z","1653127800",
"2551","22b77d7829c68dcd","E2:1F:7B:35:CC:08","13.580246913580247","0","0.31887755102040816","0","162","2022-05-21T10:11:00.000Z","1653127860",
"2551","22b77d7829c68dcd","E2:1F:7B:35:CC:08","8.641975308641975","0","0.2840909090909091","0","162","2022-05-21T10:12:00.000Z","1653127920",
"2551","22b77d7829c68dcd","E2:1F:7B:35:CC:08","4.938271604938271","0","0.27901785714285715","0","162","2022-05-21T10:13:00.000Z","1653127980",
"2551","22b77d7829c68dcd","E2:1F:7B:35:CC:08","24.691358024691358","2","0.25614754098360654","1","162","2022-05-21T10:14:00.000Z","1653128040",
"2551","22b77d7829c68dcd","E2:1F:7B:35:CC:08","38.27160493827161","0","0.30637254901960786","0","162","2022-05-21T10:15:00.000Z","1653128100",
"2551","22b77d7829c68dcd","E2:1F:7B:35:CC:08","19.753086419753085","0","0.2604166666666667","0","162","2022-05-21T10:16:00.000Z","1653128160",
"2551","22b77d7829c68dcd","E2:1F:7B:35:CC:08","16.049382716049383","0","0.26939655172413796","0","162","2022-05-21T10:17:00.000Z","1653128220",
"2551","22b77d7829c68dcd","E2:1F:7B:35:CC:08","14.814814814814815","0","0.27901785714285715","0","162","2022-05-21T10:18:00.000Z","1653128280",
"2551","22b77d7829c68dcd","E2:1F:7B:35:CC:08","19.753086419753085","0","0.2604166666666667","0","162","2022-05-21T10:19:00.000Z","1653128340",
"2551","22b77d7829c68dcd","E2:1F:7B:35:CC:08","20.987654320987655","1","0.3125","4","162","2022-05-21T10:20:00.000Z","1653128400",
"2551","22b77d7829c68dcd","E2:1F:7B:35:CC:08","75.30864197530865","1","0.22644927536231885","7","162","2022-05-21T10:21:00.000Z","1653128460",
"2551","22b77d7829c68dcd","E2:1F:7B:35:CC:08","60.49382716049383","6","0.3004807692307692","0","162","2022-05-21T10:22:00.000Z","1653128520",
"2551","22b77d7829c68dcd","E2:1F:7B:35:CC:08","46.91358024691358","4","0.3125","0","162","2022-05-21T10:23:00.000Z","1653128580",
"2551","22b77d7829c68dcd","E2:1F:7B:35:CC:08","46.91358024691358","3","0.37202380952380953","0","162","2022-05-21T10:24:00.000Z","1653128640",
"2551","22b77d7829c68dcd","E2:1F:7B:35:CC:08","22.22222222222222","0","0.37202380952380953","0","162","2022-05-21T10:25:00.000Z","1653128700",
"2551","22b77d7829c68dcd","E2:1F:7B:35:CC:08","20.987654320987655","2","0.27901785714285715","1","162","2022-05-21T10:26:00.000Z","1653128760",
"2551","22b77d7829c68dcd","E2:1F:7B:35:CC:08","60.49382716049383","1","0.35511363636363635","0","162","2022-05-21T10:27:00.000Z","1653128820",
"2551","22b77d7829c68dcd","E2:1F:7B:35:CC:08","60.49382716049383","3","0.38109756097560976","16","162","2022-05-21T10:28:00.000Z","1653128880",
"2551","22b77d7829c68dcd","E2:1F:7B:35:CC:08","51.851851851851855","0","0.3255208333333333","8","162","2022-05-21T10:29:00.000Z","1653128940",
"2551","22b77d7829c68dcd","E2:1F:7B:35:CC:08","58.02469135802469","3","0.22644927536231885","16","162","2022-05-21T10:30:00.000Z","1653129000",
"2551","22b77d7829c68dcd","E2:1F:7B:35:CC:08","50.617283950617285","2","0.2648305084745763","12","162","2022-05-21T10:31:00.000Z","1653129060",
"2551","22b77d7829c68dcd","E2:1F:7B:35:CC:08","62.96296296296296","7","0.25201612903225806","30","162","2022-05-21T10:32:00.000Z","1653129120",
"2551","22b77d7829c68dcd","E2:1F:7B:35:CC:08","69.1358024691358","5","0.2332089552238806","12","162","2022-05-21T10:33:00.000Z","1653129180",
"2551","22b77d7829c68dcd","E2:1F:7B:35:CC:08","67.90123456790124","11","0.17959770114942528","14","162","2022-05-21T10:34:00.000Z","1653129240",
"2551","22b77d7829c68dcd","E2:1F:7B:35:CC:08","77.77777777777777","4","0.28935185185185186","5","162","2022-05-21T10:35:00.000Z","1653129300",
"2551","22b77d7829c68dcd","E2:1F:7B:35:CC:08","56.79012345679013","0","0.25201612903225806","0","162","2022-05-21T10:36:00.000Z","1653129360",
"2551","22b77d7829c68dcd","E2:1F:7B:35:CC:08","48.148148148148145","5","0.1816860465116279","8","162","2022-05-21T10:37:00.000Z","1653129420",
"2551","22b77d7829c68dcd","E2:1F:7B:35:CC:08","87.65432098765432","5","0.2648305084745763","25","162","2022-05-21T10:38:00.000Z","1653129480",
"2551","22b77d7829c68dcd","E2:1F:7B:35:CC:08","95.06172839506173","9","0.26939655172413796","14","162","2022-05-21T10:39:00.000Z","1653129540",
"2551","22b77d7829c68dcd","E2:1F:7B:35:CC:08","100","3","0.22644927536231885","0","162","2022-05-21T10:40:00.000Z","1653129600",
"2551","22b77d7829c68dcd","E2:1F:7B:35:CC:08","93.82716049382717","5","0.20032051282051283","0","162","2022-05-21T10:41:00.000Z","1653129660",
"2551","22b77d7829c68dcd","E2:1F:7B:35:CC:08","87.65432098765432","8","0.22321428571428573","8","162","2022-05-21T10:42:00.000Z","1653129720",
"2551","22b77d7829c68dcd","E2:1F:7B:35:CC:08","79.01234567901234","8","0.3125","28","162","2022-05-21T10:43:00.000Z","1653129780",
"2551","22b77d7829c68dcd","E2:1F:7B:35:CC:08","98.76543209876543","4","0.625","15","162","2022-05-21T10:44:00.000Z","1653129840",
"2551","22b77d7829c68dcd","E2:1F:7B:35:CC:08","100","9","0.38109756097560976","16","162","2022-05-21T10:45:00.000Z","1653129900",
"2551","22b77d7829c68dcd","E2:1F:7B:35:CC:08","100","5","0.25614754098360654","5","162","2022-05-21T10:46:00.000Z","1653129960",
"2551","22b77d7829c68dcd","E2:1F:7B:35:CC:08","100","0","0.22977941176470587","0","162","2022-05-21T10:47:00.000Z","1653130020",
"2551","22b77d7829c68dcd","E2:1F:7B:35:CC:08","70.37037037037037","5","0.3255208333333333","2","162","2022-05-21T10:48:00.000Z","1653130080",
"2551","22b77d7829c68dcd","E2:1F:7B:35:CC:08","69.1358024691358","3","0.26939655172413796","5","162","2022-05-21T10:49:00.000Z","1653130140",
"2551","22b77d7829c68dcd","E2:1F:7B:35:CC:08","66.66666666666667","6","0.26939655172413796","5","162","2022-05-21T10:50:00.000Z","1653130200",
"2551","22b77d7829c68dcd","E2:1F:7B:35:CC:08","70.37037037037037","4","0.28935185185185186","1","162","2022-05-21T10:51:00.000Z","1653130260",
"2551","22b77d7829c68dcd","E2:1F:7B:35:CC:08","58.02469135802469","5","0.294811320754717","0","162","2022-05-21T10:52:00.000Z","1653130320",
"2551","22b77d7829c68dcd","E2:1F:7B:35:CC:08","51.851851851851855","6","0.3004807692307692","1","162","2022-05-21T10:53:00.000Z","1653130380",
"2551","22b77d7829c68dcd","E2:1F:7B:35:CC:08","40.74074074074074","2","0.3633720930232558","1","162","2022-05-21T10:54:00.000Z","1653130440",
"2551","22b77d7829c68dcd","E2:1F:7B:35:CC:08","64.19753086419753","5","0.09645061728395062","23","162","2022-05-21T10:55:00.000Z","1653130500",
"2551","22b77d7829c68dcd","E2:1F:7B:35:CC:08","66.66666666666667","0","0.31887755102040816","9","162","2022-05-21T10:56:00.000Z","1653130560",
"2551","22b77d7829c68dcd","E2:1F:7B:35:CC:08","70.37037037037037","4","0.13354700854700854","2","162","2022-05-21T10:57:00.000Z","1653130620",
"2551","22b77d7829c68dcd","E2:1F:7B:35:CC:08","100","8","0.11322463768115942","0","162","2022-05-21T10:58:00.000Z","1653130680",
"2551","22b77d7829c68dcd","E2:1F:7B:35:CC:08","100","9","0.18601190476190477","0","162","2022-05-21T10:59:00.000Z","1653130740",
"2551","22b77d7829c68dcd","E2:1F:7B:35:CC:08","100","4","0.2741228070175439","0","162","2022-05-21T11:00:00.000Z","1653130800",
"2551","22b77d7829c68dcd","E2:1F:7B:35:CC:08","100","5","0.22007042253521128","1","162","2022-05-21T11:01:00.000Z","1653130860",
"2551","22b77d7829c68dcd","E2:1F:7B:35:CC:08","97.53086419753086","1","0.1547029702970297","0","162","2022-05-21T11:02:00.000Z","1653130920",
"2551","22b77d7829c68dcd","E2:1F:7B:35:CC:08","100","6","0.11837121212121213","1","162","2022-05-21T11:03:00.000Z","1653130980",
"2551","22b77d7829c68dcd","E2:1F:7B:35:CC:08","100","8","0.18382352941176472","0","162","2022-05-21T11:04:00.000Z","1653131040",
"2551","22b77d7829c68dcd","E2:1F:7B:35:CC:08","100","6","0.09827044025157233","1","162","2022-05-21T11:05:00.000Z","1653131100",
"2551","22b77d7829c68dcd","E2:1F:7B:35:CC:08","91.35802469135803","4","0.175561797752809","0","162","2022-05-21T11:06:00.000Z","1653131160",
"2551","22b77d7829c68dcd","E2:1F:7B:35:CC:08","91.35802469135803","6","0.17755681818181818","0","162","2022-05-21T11:07:00.000Z","1653131220",
"2551","22b77d7829c68dcd","E2:1F:7B:35:CC:08","100","7","0.20292207792207792","0","162","2022-05-21T11:13:00.000Z","1653131580",
"2551","22b77d7829c68dcd","E2:1F:7B:35:CC:08","100","5","0.1717032967032967","0","162","2022-05-21T11:14:00.000Z","1653131640",
"2551","22b77d7829c68dcd","E2:1F:7B:35:CC:08","100","6","0.16801075268817203","0","162","2022-05-21T11:15:00.000Z","1653131700",
"2551","22b77d7829c68dcd","E2:1F:7B:35:CC:08","83.95061728395062","3","0.17755681818181818","0","162","2022-05-21T11:16:00.000Z","1653131760",
"2551","22b77d7829c68dcd","E2:1F:7B:35:CC:08","72.8395061728395","4","0.18601190476190477","0","162","2022-05-21T11:17:00.000Z","1653131820",
"2551","22b77d7829c68dcd","E2:1F:7B:35:CC:08","65.4320987654321","0","0.20559210526315788","0","162","2022-05-21T11:18:00.000Z","1653131880",
"2551","22b77d7829c68dcd","E2:1F:7B:35:CC:08","65.4320987654321","3","0.16801075268817203","0","162","2022-05-21T11:19:00.000Z","1653131940",
"2551","22b77d7829c68dcd","E2:1F:7B:35:CC:08","82.71604938271605","5","0.11574074074074074","0","162","2022-05-21T11:20:00.000Z","1653132000",
"2551","22b77d7829c68dcd","E2:1F:7B:35:CC:08","90.12345679012346","5","0.15782828282828282","0","162","2022-05-21T11:21:00.000Z","1653132060",
"2551","22b77d7829c68dcd","E2:1F:7B:35:CC:08","45.67901234567901","0","0.16276041666666666","0","162","2022-05-21T11:22:00.000Z","1653132120",
"2551","22b77d7829c68dcd","E2:1F:7B:35:CC:08","45.67901234567901","1","0.16276041666666666","0","162","2022-05-21T11:23:00.000Z","1653132180",
"2551","22b77d7829c68dcd","E2:1F:7B:35:CC:08","30.864197530864196","2","0.14602803738317757","0","162","2022-05-21T11:24:00.000Z","1653132240",
"2551","22b77d7829c68dcd","E2:1F:7B:35:CC:08","48.148148148148145","6","0.1358695652173913","0","162","2022-05-21T11:25:00.000Z","1653132300",
"2551","22b77d7829c68dcd","E2:1F:7B:35:CC:08","43.20987654320987","0","0.1547029702970297","0","162","2022-05-21T11:26:00.000Z","1653132360",
"2551","22b77d7829c68dcd","E2:1F:7B:35:CC:08","23.45679012345679","0","0.15943877551020408","0","162","2022-05-21T11:27:00.000Z","1653132420",
"2551","22b77d7829c68dcd","E2:1F:7B:35:CC:08","17.28395061728395","0","0.1547029702970297","0","162","2022-05-21T11:28:00.000Z","1653132480",
"2551","22b77d7829c68dcd","E2:1F:7B:35:CC:08","18.51851851851852","12","0.08680555555555555","7","162","2022-05-21T11:29:00.000Z","1653132540",
"2551","22b77d7829c68dcd","E2:1F:7B:35:CC:08","29.62962962962963","6","0.10850694444444445","1","162","2022-05-21T11:30:00.000Z","1653132600",
"2551","22b77d7829c68dcd","E2:1F:7B:35:CC:08","50.617283950617285","8","0.13706140350877194","0","162","2022-05-21T11:31:00.000Z","1653132660",
"2551","22b77d7829c68dcd","E2:1F:7B:35:CC:08","40.74074074074074","4","0.1547029702970297","0","162","2022-05-21T11:32:00.000Z","1653132720",
"2551","22b77d7829c68dcd","E2:1F:7B:35:CC:08","29.62962962962963","0","0.16447368421052633","0","162","2022-05-21T11:33:00.000Z","1653132780",
"2551","22b77d7829c68dcd","E2:1F:7B:35:CC:08","32.098765432098766","6","0.09527439024390244","0","162","2022-05-21T11:34:00.000Z","1653132840",
"2551","22b77d7829c68dcd","E2:1F:7B:35:CC:08","40.74074074074074","1","0.1174812030075188","0","162","2022-05-21T11:35:00.000Z","1653132900",
"2551","22b77d7829c68dcd","E2:1F:7B:35:CC:08","46.91358024691358","8","0.13706140350877194","0","162","2022-05-21T11:36:00.000Z","1653132960",
"2551","22b77d7829c68dcd","E2:1F:7B:35:CC:08","24.691358024691358","0","0.14467592592592593","0","162","2022-05-21T11:37:00.000Z","1653133020",
"2551","22b77d7829c68dcd","E2:1F:7B:35:CC:08","23.45679012345679","1","0.15169902912621358","0","162","2022-05-21T11:38:00.000Z","1653133080",
"2551","22b77d7829c68dcd","E2:1F:7B:35:CC:08","29.62962962962963","2","0.15169902912621358","0","162","2022-05-21T11:39:00.000Z","1653133140",
"2551","22b77d7829c68dcd","E2:1F:7B:35:CC:08","19.753086419753085","0","0.15169902912621358","0","162","2022-05-21T11:40:00.000Z","1653133200",
"2551","22b77d7829c68dcd","E2:1F:7B:35:CC:08","18.51851851851852","0","0.15943877551020408","0","162","2022-05-21T11:41:00.000Z","1653133260",
"2551","22b77d7829c68dcd","E2:1F:7B:35:CC:08","22.22222222222222","3","0.1488095238095238","0","162","2022-05-21T11:42:00.000Z","1653133320",
"2551","22b77d7829c68dcd","E2:1F:7B:35:CC:08","38.27160493827161","6","0.1953125","0","162","2022-05-21T11:43:00.000Z","1653133380",
"2551","22b77d7829c68dcd","E2:1F:7B:35:CC:08","77.77777777777777","2","0.18382352941176472","0","162","2022-05-21T11:44:00.000Z","1653133440",
"2551","22b77d7829c68dcd","E2:1F:7B:35:CC:08","91.35802469135803","1","0.15318627450980393","1","162","2022-05-21T11:45:00.000Z","1653133500",
"2551","22b77d7829c68dcd","E2:1F:7B:35:CC:08","49.382716049382715","1","0.1358695652173913","0","162","2022-05-21T11:46:00.000Z","1653133560",
"2551","22b77d7829c68dcd","E2:1F:7B:35:CC:08","77.77777777777777","3","0.16622340425531915","1","162","2022-05-21T11:47:00.000Z","1653133620",
"2551","22b77d7829c68dcd","E2:1F:7B:35:CC:08","77.77777777777777","0","0.08180628272251309","1","162","2022-05-21T11:48:00.000Z","1653133680",
"2551","22b77d7829c68dcd","E2:1F:7B:35:CC:08","69.1358024691358","2","0.10212418300653595","0","162","2022-05-21T11:49:00.000Z","1653133740",
"2551","22b77d7829c68dcd","E2:1F:7B:35:CC:08","69.1358024691358","10","0.11081560283687943","0","162","2022-05-21T11:50:00.000Z","1653133800",
"2551","22b77d7829c68dcd","E2:1F:7B:35:CC:08","71.60493827160494","12","0.10702054794520548","0","162","2022-05-21T11:51:00.000Z","1653133860",
"2551","22b77d7829c68dcd","E2:1F:7B:35:CC:08","71.60493827160494","6","0.08355614973262032","0","162","2022-05-21T11:52:00.000Z","1653133920",
"2551","22b77d7829c68dcd","E2:1F:7B:35:CC:08","100","8","0.3125","0","162","2022-05-21T11:53:00.000Z","1653133980",
"2551","22b77d7829c68dcd","E2:1F:7B:35:CC:08","100","12","0.11322463768115942","0","162","2022-05-21T11:54:00.000Z","1653134040",
"2551","22b77d7829c68dcd","E2:1F:7B:35:CC:08","95.06172839506173","7","0.1474056603773585","0","162","2022-05-21T11:55:00.000Z","1653134100",
"2551","22b77d7829c68dcd","E2:1F:7B:35:CC:08","82.71604938271605","1","0.15318627450980393","0","162","2022-05-21T11:56:00.000Z","1653134160",
"2551","22b77d7829c68dcd","E2:1F:7B:35:CC:08","72.8395061728395","3","0.11241007194244604","0","162","2022-05-21T11:57:00.000Z","1653134220",
"2551","22b77d7829c68dcd","E2:1F:7B:35:CC:08","97.53086419753086","7","0.13950892857142858","0","162","2022-05-21T11:58:00.000Z","1653134280",
"2551","22b77d7829c68dcd","E2:1F:7B:35:CC:08","100","0","0.09031791907514451","1","162","2022-05-21T11:59:00.000Z","1653134340",
"2551","22b77d7829c68dcd","E2:1F:7B:35:CC:08","96.29629629629629","5","0.1717032967032967","4","162","2022-05-21T12:00:00.000Z","1653134400",
"2551","22b77d7829c68dcd","E2:1F:7B:35:CC:08","70.37037037037037","1","0.13827433628318583","1","162","2022-05-21T12:01:00.000Z","1653134460",
"2551","22b77d7829c68dcd","E2:1F:7B:35:CC:08","79.01234567901234","7","0.16447368421052633","0","162","2022-05-21T12:02:00.000Z","1653134520",
"2551","22b77d7829c68dcd","E2:1F:7B:35:CC:08","91.35802469135803","9","0.13469827586206898","1","162","2022-05-21T12:03:00.000Z","1653134580",
"2551","22b77d7829c68dcd","E2:1F:7B:35:CC:08","72.8395061728395","1","0.15625","1","162","2022-05-21T12:04:00.000Z","1653134640",
"2551","22b77d7829c68dcd","E2:1F:7B:35:CC:08","56.79012345679013","8","0.13469827586206898","0","162","2022-05-21T12:05:00.000Z","1653134700",
"2551","22b77d7829c68dcd","E2:1F:7B:35:CC:08","65.4320987654321","5","0.15625","0","162","2022-05-21T12:06:00.000Z","1653134760",
"2551","22b77d7829c68dcd","E2:1F:7B:35:CC:08","60.49382716049383","0","0.15169902912621358","2","162","2022-05-21T12:07:00.000Z","1653134820",
"2551","22b77d7829c68dcd","E2:1F:7B:35:CC:08","45.67901234567901","6","0.13950892857142858","0","162","2022-05-21T12:08:00.000Z","1653134880",
"2551","22b77d7829c68dcd","E2:1F:7B:35:CC:08","43.20987654320987","4","0.14602803738317757","0","162","2022-05-21T12:09:00.000Z","1653134940",
"2551","22b77d7829c68dcd","E2:1F:7B:35:CC:08","39.50617283950617","0","0.14076576576576577","1","162","2022-05-21T12:10:00.000Z","1653135000",
"2551","22b77d7829c68dcd","E2:1F:7B:35:CC:08","39.50617283950617","3","0.18825301204819278","1","162","2022-05-21T12:11:00.000Z","1653135060",
"2551","22b77d7829c68dcd","E2:1F:7B:35:CC:08","50.617283950617285","3","0.2332089552238806","0","162","2022-05-21T12:12:00.000Z","1653135120",
"2551","22b77d7829c68dcd","E2:1F:7B:35:CC:08","100","7","0.25201612903225806","4","162","2022-05-21T12:13:00.000Z","1653135180",
"2551","22b77d7829c68dcd","E2:1F:7B:35:CC:08","100","12","0.143348623853211","8","162","2022-05-21T12:14:00.000Z","1653135240",
"2551","22b77d7829c68dcd","E2:1F:7B:35:CC:08","100","4","0.19290123456790123","0","162","2022-05-21T12:15:00.000Z","1653135300",
"2551","22b77d7829c68dcd","E2:1F:7B:35:CC:08","100","7","0.27901785714285715","0","162","2022-05-21T12:16:00.000Z","1653135360",
"2551","22b77d7829c68dcd","E2:1F:7B:35:CC:08","100","4","0.20833333333333334","0","162","2022-05-21T12:17:00.000Z","1653135420",
"2551","22b77d7829c68dcd","E2:1F:7B:35:CC:08","77.77777777777777","5","0.09300595238095238","0","162","2022-05-21T12:18:00.000Z","1653135480",
"2551","22b77d7829c68dcd","E2:1F:7B:35:CC:08","100","10","0.13020833333333334","0","162","2022-05-21T12:19:00.000Z","1653135540",
"2551","22b77d7829c68dcd","E2:1F:7B:35:CC:08","91.35802469135803","5","0.25201612903225806","1","162","2022-05-21T12:34:00.000Z","1653136440",
"2551","22b77d7829c68dcd","E2:1F:7B:35:CC:08","95.06172839506173","13","0.1736111111111111","2","162","2022-05-21T12:35:00.000Z","1653136500",
"2551","22b77d7829c68dcd","E2:1F:7B:35:CC:08","85.18518518518519","5","0.13706140350877194","2","162","2022-05-21T12:54:00.000Z","1653137640",
"2551","22b77d7829c68dcd","E2:1F:7B:35:CC:08","80.24691358024691","9","0.062250996015936255","0","162","2022-05-21T13:08:00.000Z","1653138480",
"2551","22b77d7829c68dcd","E2:1F:7B:35:CC:08","79.01234567901234","0","0.20292207792207792","4","162","2022-05-21T13:11:00.000Z","1653138660",
"2551","22b77d7829c68dcd","E2:1F:7B:35:CC:08","100","6","0.27901785714285715","1","162","2022-05-21T13:12:00.000Z","1653138720",
"2551","22b77d7829c68dcd","E2:1F:7B:35:CC:08","100","9","0.2840909090909091","11","162","2022-05-21T13:13:00.000Z","1653138780",
"2551","22b77d7829c68dcd","E2:1F:7B:35:CC:08","100","0","0.20032051282051283","5","162","2022-05-21T13:14:00.000Z","1653138840",
"2551","22b77d7829c68dcd","E2:1F:7B:35:CC:08","93.82716049382717","12","0.143348623853211","4","162","2022-05-21T13:15:00.000Z","1653138900",
"2551","22b77d7829c68dcd","E2:1F:7B:35:CC:08","98.76543209876543","8","0.22644927536231885","9","162","2022-05-21T13:20:00.000Z","1653139200",
"2551","22b77d7829c68dcd","E2:1F:7B:35:CC:08","100","8","0.09765625","1","162","2022-05-21T13:21:00.000Z","1653139260",
"2551","22b77d7829c68dcd","E2:1F:7B:35:CC:08","100","0","0.1816860465116279","2","162","2022-05-21T13:24:00.000Z","1653139440",
"2551","22b77d7829c68dcd","E2:1F:7B:35:CC:08","100","4","0.1953125","14","162","2022-05-21T13:30:00.000Z","1653139800",
"2551","22b77d7829c68dcd","E2:1F:7B:35:CC:08","100","5","0.28935185185185186","8","162","2022-05-21T13:31:00.000Z","1653139860",
"2551","22b77d7829c68dcd","E2:1F:7B:35:CC:08","87.65432098765432","3","0.24801587301587302","1","162","2022-05-21T13:32:00.000Z","1653139920",
"2551","22b77d7829c68dcd","E2:1F:7B:35:CC:08","72.8395061728395","4","0.2604166666666667","1","162","2022-05-21T13:33:00.000Z","1653139980",
"2551","22b77d7829c68dcd","E2:1F:7B:35:CC:08","58.02469135802469","4","0.2648305084745763","0","162","2022-05-21T13:34:00.000Z","1653140040",
"2551","22b77d7829c68dcd","E2:1F:7B:35:CC:08","56.79012345679013","6","0.30637254901960786","0","162","2022-05-21T13:35:00.000Z","1653140100",
"2551","22b77d7829c68dcd","E2:1F:7B:35:CC:08","49.382716049382715","7","0.31887755102040816","4","162","2022-05-21T13:36:00.000Z","1653140160",
"2551","22b77d7829c68dcd","E2:1F:7B:35:CC:08","41.97530864197531","1","0.3324468085106383","2","162","2022-05-21T13:37:00.000Z","1653140220",
"2551","22b77d7829c68dcd","E2:1F:7B:35:CC:08","43.20987654320987","3","0.3633720930232558","0","162","2022-05-21T13:38:00.000Z","1653140280",
"2551","22b77d7829c68dcd","E2:1F:7B:35:CC:08","27.160493827160494","1","0.38109756097560976","1","162","2022-05-21T13:39:00.000Z","1653140340",
"2551","22b77d7829c68dcd","E2:1F:7B:35:CC:08","38.27160493827161","2","0.18382352941176472","4","162","2022-05-21T13:40:00.000Z","1653140400",
"2551","22b77d7829c68dcd","E2:1F:7B:35:CC:08","46.91358024691358","5","0.21114864864864866","0","162","2022-05-21T13:41:00.000Z","1653140460",
"2551","22b77d7829c68dcd","E2:1F:7B:35:CC:08","50.617283950617285","6","0.2403846153846154","0","162","2022-05-21T13:42:00.000Z","1653140520",
"2551","22b77d7829c68dcd","E2:1F:7B:35:CC:08","28.395061728395063","0","0.25614754098360654","0","162","2022-05-21T13:43:00.000Z","1653140580",
"2551","22b77d7829c68dcd","E2:1F:7B:35:CC:08","17.28395061728395","1","0.19290123456790123","1","162","2022-05-21T13:44:00.000Z","1653140640",
"2551","22b77d7829c68dcd","E2:1F:7B:35:CC:08","18.51851851851852","0","0.175561797752809","0","162","2022-05-21T13:45:00.000Z","1653140700",
"2551","22b77d7829c68dcd","E2:1F:7B:35:CC:08","23.45679012345679","3","0.25614754098360654","8","162","2022-05-21T13:46:00.000Z","1653140760",
"2551","22b77d7829c68dcd","E2:1F:7B:35:CC:08","24.691358024691358","0","0.10416666666666667","16","162","2022-05-21T13:47:00.000Z","1653140820",
"2551","22b77d7829c68dcd","E2:1F:7B:35:CC:08","59.25925925925926","12","0.07659313725490197","0","162","2022-05-21T13:59:00.000Z","1653141540",
"2551","22b77d7829c68dcd","E2:1F:7B:35:CC:08","70.37037037037037","7","0.07548309178743962","1","162","2022-05-21T14:05:00.000Z","1653141900",
"2551","22b77d7829c68dcd","E2:1F:7B:35:CC:08","100","12","0.22644927536231885","7","162","2022-05-21T14:09:00.000Z","1653142140",
"2551","22b77d7829c68dcd","E2:1F:7B:35:CC:08","100","0","0.19054878048780488","4","162","2022-05-21T14:10:00.000Z","1653142200",
"2551","22b77d7829c68dcd","E2:1F:7B:35:CC:08","100","0","0.09889240506329114","5","162","2022-05-21T14:11:00.000Z","1653142260",
"2551","22b77d7829c68dcd","E2:1F:7B:35:CC:08","100","8","0.16447368421052633","15","162","2022-05-21T14:12:00.000Z","1653142320",
"2551","22b77d7829c68dcd","E2:1F:7B:35:CC:08","97.53086419753086","10","0.14204545454545456","0","162","2022-05-21T14:15:00.000Z","1653142500",
"2551","22b77d7829c68dcd","E2:1F:7B:35:CC:08","93.82716049382717","14","0.11405109489051095","1","162","2022-05-21T14:16:00.000Z","1653142560",
"2551","22b77d7829c68dcd","E2:1F:7B:35:CC:08","100","11","0.19778481012658228","0","162","2022-05-21T14:17:00.000Z","1653142620",
"2551","22b77d7829c68dcd","E2:1F:7B:35:CC:08","100","11","0.2741228070175439","0","162","2022-05-21T14:18:00.000Z","1653142680",
"2551","22b77d7829c68dcd","E2:1F:7B:35:CC:08","100","7","0.13706140350877194","0","162","2022-05-21T14:19:00.000Z","1653142740",
"2551","22b77d7829c68dcd","E2:1F:7B:35:CC:08","97.53086419753086","9","0.17755681818181818","2","162","2022-05-21T14:20:00.000Z","1653142800",
"2551","22b77d7829c68dcd","E2:1F:7B:35:CC:08","74.07407407407408","5","0.11927480916030535","0","162","2022-05-21T14:21:00.000Z","1653142860",
"2551","22b77d7829c68dcd","E2:1F:7B:35:CC:08","98.76543209876543","9","0.3472222222222222","0","162","2022-05-21T14:22:00.000Z","1653142920",
"2551","22b77d7829c68dcd","E2:1F:7B:35:CC:08","83.95061728395062","10","0.22321428571428573","0","162","2022-05-21T14:23:00.000Z","1653142980",
"2551","22b77d7829c68dcd","E2:1F:7B:35:CC:08","37.03703703703704","0","0.16622340425531915","0","162","2022-05-21T14:24:00.000Z","1653143040",
"2551","22b77d7829c68dcd","E2:1F:7B:35:CC:08","51.851851851851855","10","0.4340277777777778","0","162","2022-05-21T14:25:00.000Z","1653143100",
"2551","22b77d7829c68dcd","E2:1F:7B:35:CC:08","46.91358024691358","3","0.5040322580645161","0","162","2022-05-21T14:26:00.000Z","1653143160",
"2551","22b77d7829c68dcd","E2:1F:7B:35:CC:08","30.864197530864196","0","0.5580357142857143","1","162","2022-05-21T14:27:00.000Z","1653143220",
"2551","22b77d7829c68dcd","E2:1F:7B:35:CC:08","19.753086419753085","0","0.3125","0","162","2022-05-21T14:28:00.000Z","1653143280",
"2551","22b77d7829c68dcd","E2:1F:7B:35:CC:08","11.11111111111111","0","0.30637254901960786","0","162","2022-05-21T14:29:00.000Z","1653143340",
"2551","22b77d7829c68dcd","E2:1F:7B:35:CC:08","33.333333333333336","4","0.16447368421052633","4","162","2022-05-21T14:30:00.000Z","1653143400",
"2551","22b77d7829c68dcd","E2:1F:7B:35:CC:08","61.72839506172839","6","0.31887755102040816","2","162","2022-05-21T14:31:00.000Z","1653143460",
"2551","22b77d7829c68dcd","E2:1F:7B:35:CC:08","59.25925925925926","6","0.30637254901960786","0","162","2022-05-21T14:32:00.000Z","1653143520",
"2551","22b77d7829c68dcd","E2:1F:7B:35:CC:08","32.098765432098766","0","0.25614754098360654","0","162","2022-05-21T14:33:00.000Z","1653143580",
"2551","22b77d7829c68dcd","E2:1F:7B:35:CC:08","24.691358024691358","0","0.22977941176470587","7","162","2022-05-21T14:34:00.000Z","1653143640",
"2551","22b77d7829c68dcd","E2:1F:7B:35:CC:08","33.333333333333336","3","0.175561797752809","0","162","2022-05-21T14:35:00.000Z","1653143700",
"2551","22b77d7829c68dcd","E2:1F:7B:35:CC:08","41.97530864197531","2","0.2332089552238806","0","162","2022-05-21T14:36:00.000Z","1653143760",
"2551","22b77d7829c68dcd","E2:1F:7B:35:CC:08","43.20987654320987","4","0.30637254901960786","0","162","2022-05-21T14:37:00.000Z","1653143820",
"2551","22b77d7829c68dcd","E2:1F:7B:35:CC:08","35.80246913580247","0","0.11574074074074074","1","162","2022-05-21T14:38:00.000Z","1653143880",
"2551","22b77d7829c68dcd","E2:1F:7B:35:CC:08","35.80246913580247","0","0.10080645161290322","4","162","2022-05-21T14:39:00.000Z","1653143940",
"2551","22b77d7829c68dcd","E2:1F:7B:35:CC:08","40.74074074074074","3","0.07548309178743962","4","162","2022-05-21T14:40:00.000Z","1653144000",
"2551","22b77d7829c68dcd","E2:1F:7B:35:CC:08","44.44444444444444","0","0.06975446428571429","2","162","2022-05-21T14:41:00.000Z","1653144060",
"2551","22b77d7829c68dcd","E2:1F:7B:35:CC:08","66.66666666666667","4","0.1717032967032967","2","162","2022-05-21T14:42:00.000Z","1653144120",
"2551","22b77d7829c68dcd","E2:1F:7B:35:CC:08","70.37037037037037","1","0.1736111111111111","2","162","2022-05-21T14:43:00.000Z","1653144180",
"2551","22b77d7829c68dcd","E2:1F:7B:35:CC:08","100","6","0.2403846153846154","0","162","2022-05-21T14:44:00.000Z","1653144240",
"2551","22b77d7829c68dcd","E2:1F:7B:35:CC:08","100","6","0.2332089552238806","0","162","2022-05-21T14:45:00.000Z","1653144300",
"2551","22b77d7829c68dcd","E2:1F:7B:35:CC:08","50.617283950617285","0","0.25614754098360654","0","162","2022-05-21T14:46:00.000Z","1653144360",
"2551","22b77d7829c68dcd","E2:1F:7B:35:CC:08","40.74074074074074","9","0.13827433628318583","0","162","2022-05-22T13:37:00.000Z","1653226620",
"2551","22b77d7829c68dcd","E2:1F:7B:35:CC:08","41.97530864197531","4","0.15318627450980393","1","162","2022-05-22T13:38:00.000Z","1653226680",
"2551","22b77d7829c68dcd","E2:1F:7B:35:CC:08","46.91358024691358","6","0.15943877551020408","1","162","2022-05-22T13:39:00.000Z","1653226740",
"2551","22b77d7829c68dcd","E2:1F:7B:35:CC:08","62.96296296296296","7","0.1474056603773585","0","162","2022-05-22T13:40:00.000Z","1653226800",
"2551","22b77d7829c68dcd","E2:1F:7B:35:CC:08","77.77777777777777","3","0.15782828282828282","0","162","2022-05-22T13:41:00.000Z","1653226860",
"2551","22b77d7829c68dcd","E2:1F:7B:35:CC:08","62.96296296296296","7","0.15318627450980393","1","162","2022-05-22T13:42:00.000Z","1653226920",
"2551","22b77d7829c68dcd","E2:1F:7B:35:CC:08","49.382716049382715","4","0.1488095238095238","1","162","2022-05-22T13:43:00.000Z","1653226980",
"2551","22b77d7829c68dcd","E2:1F:7B:35:CC:08","28.395061728395063","0","0.1547029702970297","0","162","2022-05-22T13:44:00.000Z","1653227040",
"2551","22b77d7829c68dcd","E2:1F:7B:35:CC:08","12.345679012345679","0","0.15782828282828282","0","162","2022-05-22T13:45:00.000Z","1653227100",
"2551","22b77d7829c68dcd","E2:1F:7B:35:CC:08","6.172839506172839","0","0.16108247422680413","0","162","2022-05-22T13:46:00.000Z","1653227160",
"2551","22b77d7829c68dcd","E2:1F:7B:35:CC:08","4.938271604938271","0","0.16622340425531915","0","162","2022-05-22T13:47:00.000Z","1653227220",
"2551","22b77d7829c68dcd","E2:1F:7B:35:CC:08","20.987654320987655","1","0.16801075268817203","1","162","2022-05-22T13:48:00.000Z","1653227280",
"2551","22b77d7829c68dcd","E2:1F:7B:35:CC:08","40.74074074074074","1","0.18825301204819278","2","162","2022-05-22T13:49:00.000Z","1653227340",
"2551","22b77d7829c68dcd","E2:1F:7B:35:CC:08","38.27160493827161","4","0.1953125","1","162","2022-05-22T13:50:00.000Z","1653227400",
"2551","22b77d7829c68dcd","E2:1F:7B:35:CC:08","34.5679012345679","0","0.20559210526315788","0","162","2022-05-22T13:51:00.000Z","1653227460",
"2551","22b77d7829c68dcd","E2:1F:7B:35:CC:08","29.62962962962963","0","0.20292207792207792","0","162","2022-05-22T13:52:00.000Z","1653227520",
"2551","22b77d7829c68dcd","E2:1F:7B:35:CC:08","27.160493827160494","3","0.13020833333333334","0","162","2022-05-22T13:53:00.000Z","1653227580",
"2551","22b77d7829c68dcd","E2:1F:7B:35:CC:08","45.67901234567901","3","0.13354700854700854","0","162","2022-05-22T13:54:00.000Z","1653227640",
"2551","22b77d7829c68dcd","E2:1F:7B:35:CC:08","59.25925925925926","6","0.14602803738317757","1","162","2022-05-22T13:55:00.000Z","1653227700",
"2551","22b77d7829c68dcd","E2:1F:7B:35:CC:08","61.72839506172839","4","0.14204545454545456","8","162","2022-05-22T13:58:00.000Z","1653227880",
"2551","22b77d7829c68dcd","E2:1F:7B:35:CC:08","64.19753086419753","0","0.25201612903225806","1","162","2022-05-22T13:59:00.000Z","1653227940",
"2551","22b77d7829c68dcd","E2:1F:7B:35:CC:08","100","3","0.2604166666666667","9","162","2022-05-22T14:03:00.000Z","1653228180",
"2551","22b77d7829c68dcd","E2:1F:7B:35:CC:08","100","8","0.21404109589041095","1","162","2022-05-22T14:04:00.000Z","1653228240",
"2551","22b77d7829c68dcd","E2:1F:7B:35:CC:08","100","2","0.20559210526315788","4","162","2022-05-22T14:05:00.000Z","1653228300",
"2551","22b77d7829c68dcd","E2:1F:7B:35:CC:08","100","4","0.18382352941176472","4","162","2022-05-22T14:06:00.000Z","1653228360",
"2551","22b77d7829c68dcd","E2:1F:7B:35:CC:08","100","7","0.12703252032520326","0","162","2022-05-22T14:07:00.000Z","1653228420",
"2551","22b77d7829c68dcd","E2:1F:7B:35:CC:08","97.53086419753086","4","0.15625","4","162","2022-05-22T14:09:00.000Z","1653228540",
"2551","22b77d7829c68dcd","E2:1F:7B:35:CC:08","83.95061728395062","4","0.20833333333333334","1","162","2022-05-22T14:10:00.000Z","1653228600",
"2551","22b77d7829c68dcd","E2:1F:7B:35:CC:08","79.01234567901234","7","0.22977941176470587","4","162","2022-05-22T14:11:00.000Z","1653228660",
"2551","22b77d7829c68dcd","E2:1F:7B:35:CC:08","83.95061728395062","4","0.07891414141414141","0","162","2022-05-22T14:12:00.000Z","1653228720",
"2551","22b77d7829c68dcd","E2:1F:7B:35:CC:08","83.95061728395062","8","0.10702054794520548","11","162","2022-05-22T14:13:00.000Z","1653228780",
"2551","22b77d7829c68dcd","E2:1F:7B:35:CC:08","100","5","0.062250996015936255","8","162","2022-05-22T14:15:00.000Z","1653228900",
"2551","22b77d7829c68dcd","E2:1F:7B:35:CC:08","100","6","0.20559210526315788","1","162","2022-05-22T14:18:00.000Z","1653229080",
"2551","22b77d7829c68dcd","E2:1F:7B:35:CC:08","100","0","0.1816860465116279","0","162","2022-05-22T14:19:00.000Z","1653229140",
"2551","22b77d7829c68dcd","E2:1F:7B:35:CC:08","100","8","0.13354700854700854","5","162","2022-05-22T14:20:00.000Z","1653229200",
"2551","22b77d7829c68dcd","E2:1F:7B:35:CC:08","92.5925925925926","6","0.062250996015936255","0","162","2022-05-22T14:21:00.000Z","1653229260",
"2551","22b77d7829c68dcd","E2:1F:7B:35:CC:08","100","8","0.20833333333333334","1","162","2022-05-22T14:24:00.000Z","1653229440",
"2551","22b77d7829c68dcd","E2:1F:7B:35:CC:08","100","0","0.06648936170212766","1","162","2022-05-22T14:26:00.000Z","1653229560",
"2551","22b77d7829c68dcd","E2:1F:7B:35:CC:08","91.35802469135803","11","0.08095854922279792","0","162","2022-05-22T14:27:00.000Z","1653229620",
"2551","22b77d7829c68dcd","E2:1F:7B:35:CC:08","70.37037037037037","8","0.07233796296296297","0","162","2022-05-22T14:28:00.000Z","1653229680",
"2551","22b77d7829c68dcd","E2:1F:7B:35:CC:08","80.24691358024691","4","0.2648305084745763","0","162","2022-05-22T14:29:00.000Z","1653229740",
"2551","22b77d7829c68dcd","E2:1F:7B:35:CC:08","96.29629629629629","13","0.6510416666666666","0","162","2022-05-22T14:30:00.000Z","1653229800",
"2551","22b77d7829c68dcd","E2:1F:7B:35:CC:08","87.65432098765432","6","0.625","4","162","2022-05-22T14:31:00.000Z","1653229860",
"2551","22b77d7829c68dcd","E2:1F:7B:35:CC:08","85.18518518518519","7","0.48828125","1","162","2022-05-22T14:32:00.000Z","1653229920",
"2551","22b77d7829c68dcd","E2:1F:7B:35:CC:08","70.37037037037037","6","0.5208333333333334","0","162","2022-05-22T14:33:00.000Z","1653229980",
"2551","22b77d7829c68dcd","E2:1F:7B:35:CC:08","60.49382716049383","6","0.6793478260869565","0","162","2022-05-22T14:34:00.000Z","1653230040",
"2551","22b77d7829c68dcd","E2:1F:7B:35:CC:08","79.01234567901234","3","0.6009615384615384","0","162","2022-05-22T14:35:00.000Z","1653230100",
"2551","22b77d7829c68dcd","E2:1F:7B:35:CC:08","69.1358024691358","5","0.6009615384615384","4","162","2022-05-22T14:36:00.000Z","1653230160",
"2551","22b77d7829c68dcd","E2:1F:7B:35:CC:08","38.27160493827161","1","0.6510416666666666","0","162","2022-05-22T14:37:00.000Z","1653230220",
"2551","22b77d7829c68dcd","E2:1F:7B:35:CC:08","39.50617283950617","4","0.625","8","162","2022-05-22T14:38:00.000Z","1653230280",
"2551","22b77d7829c68dcd","E2:1F:7B:35:CC:08","69.1358024691358","8","0.5387931034482759","5","162","2022-05-22T14:39:00.000Z","1653230340",
"2551","22b77d7829c68dcd","E2:1F:7B:35:CC:08","54.32098765432099","3","0.40064102564102566","0","162","2022-05-22T14:40:00.000Z","1653230400",
"2551","22b77d7829c68dcd","E2:1F:7B:35:CC:08","59.25925925925926","3","0.48828125","0","162","2022-05-22T14:41:00.000Z","1653230460",
"2551","22b77d7829c68dcd","E2:1F:7B:35:CC:08","51.851851851851855","2","0.5387931034482759","0","162","2022-05-22T14:42:00.000Z","1653230520",
"2551","22b77d7829c68dcd","E2:1F:7B:35:CC:08","34.5679012345679","0","0.5387931034482759","2","162","2022-05-22T14:43:00.000Z","1653230580",
"2551","22b77d7829c68dcd","E2:1F:7B:35:CC:08","28.395061728395063","1","0.5580357142857143","0","162","2022-05-22T14:44:00.000Z","1653230640",
"2551","22b77d7829c68dcd","E2:1F:7B:35:CC:08","28.395061728395063","1","0.6510416666666666","0","162","2022-05-22T14:45:00.000Z","1653230700",
"2551","22b77d7829c68dcd","E2:1F:7B:35:CC:08","43.20987654320987","5","0.44642857142857145","1","162","2022-05-22T14:46:00.000Z","1653230760",
"2551","22b77d7829c68dcd","E2:1F:7B:35:CC:08","71.60493827160494","5","0.4734848484848485","1","162","2022-05-22T14:47:00.000Z","1653230820",
"2551","22b77d7829c68dcd","E2:1F:7B:35:CC:08","83.95061728395062","6","0.625","7","162","2022-05-22T14:48:00.000Z","1653230880",
"2551","22b77d7829c68dcd","E2:1F:7B:35:CC:08","79.01234567901234","3","0.6009615384615384","1","162","2022-05-22T14:49:00.000Z","1653230940",
"2551","22b77d7829c68dcd","E2:1F:7B:35:CC:08","75.30864197530865","0","0.45955882352941174","4","162","2022-05-22T14:50:00.000Z","1653231000",
"2551","22b77d7829c68dcd","E2:1F:7B:35:CC:08","51.851851851851855","7","0.45955882352941174","1","162","2022-05-22T14:51:00.000Z","1653231060",
"2551","22b77d7829c68dcd","E2:1F:7B:35:CC:08","43.20987654320987","4","0.44642857142857145","0","162","2022-05-22T14:52:00.000Z","1653231120",
"2551","22b77d7829c68dcd","E2:1F:7B:35:CC:08","30.864197530864196","2","0.4222972972972973","0","162","2022-05-22T14:53:00.000Z","1653231180",
"2551","22b77d7829c68dcd","E2:1F:7B:35:CC:08","23.45679012345679","0","0.40064102564102566","0","162","2022-05-22T14:54:00.000Z","1653231240",
"2551","22b77d7829c68dcd","E2:1F:7B:35:CC:08","19.753086419753085","0","0.35511363636363635","0","162","2022-05-22T14:55:00.000Z","1653231300",
"2551","22b77d7829c68dcd","E2:1F:7B:35:CC:08","27.160493827160494","2","0.35511363636363635","0","162","2022-05-22T14:56:00.000Z","1653231360",
"2551","22b77d7829c68dcd","E2:1F:7B:35:CC:08","48.148148148148145","6","0.28935185185185186","0","162","2022-05-22T14:57:00.000Z","1653231420",
"2551","22b77d7829c68dcd","E2:1F:7B:35:CC:08","91.35802469135803","8","0.13130252100840337","2","162","2022-05-22T15:00:00.000Z","1653231600",
"2551","22b77d7829c68dcd","E2:1F:7B:35:CC:08","91.35802469135803","11","0.11574074074074074","0","162","2022-05-22T15:01:00.000Z","1653231660",
"2551","22b77d7829c68dcd","E2:1F:7B:35:CC:08","69.1358024691358","4","0.12703252032520326","0","162","2022-05-22T15:02:00.000Z","1653231720",
"2551","22b77d7829c68dcd","E2:1F:7B:35:CC:08","55.55555555555556","3","0.13950892857142858","0","162","2022-05-22T15:03:00.000Z","1653231780",
"2551","22b77d7829c68dcd","E2:1F:7B:35:CC:08","41.97530864197531","1","0.14204545454545456","0","162","2022-05-22T15:04:00.000Z","1653231840",
"2551","22b77d7829c68dcd","E2:1F:7B:35:CC:08","38.27160493827161","6","0.09889240506329114","11","162","2022-05-22T15:05:00.000Z","1653231900",
"2551","22b77d7829c68dcd","E2:1F:7B:35:CC:08","61.72839506172839","3","0.13950892857142858","0","162","2022-05-22T15:06:00.000Z","1653231960",
"2551","22b77d7829c68dcd","E2:1F:7B:35:CC:08","48.148148148148145","2","0.12600806451612903","0","162","2022-05-22T15:07:00.000Z","1653232020",
"2551","22b77d7829c68dcd","E2:1F:7B:35:CC:08","51.851851851851855","3","0.13950892857142858","0","162","2022-05-22T15:08:00.000Z","1653232080",
"2551","22b77d7829c68dcd","E2:1F:7B:35:CC:08","41.97530864197531","3","0.19290123456790123","4","162","2022-05-22T15:09:00.000Z","1653232140",
"2551","22b77d7829c68dcd","E2:1F:7B:35:CC:08","43.20987654320987","3","0.20032051282051283","0","162","2022-05-22T15:10:00.000Z","1653232200",
"2551","22b77d7829c68dcd","E2:1F:7B:35:CC:08","46.91358024691358","7","0.1547029702970297","0","162","2022-05-22T15:11:00.000Z","1653232260",
"2551","22b77d7829c68dcd","E2:1F:7B:35:CC:08","50.617283950617285","0","0.22007042253521128","1","162","2022-05-22T15:14:00.000Z","1653232440",
"2551","22b77d7829c68dcd","E2:1F:7B:35:CC:08","59.25925925925926","6","0.125","5","162","2022-05-22T15:15:00.000Z","1653232500",
"2551","22b77d7829c68dcd","E2:1F:7B:35:CC:08","61.72839506172839","8","0.13020833333333334","1","162","2022-05-22T15:16:00.000Z","1653232560",
"2551","22b77d7829c68dcd","E2:1F:7B:35:CC:08","71.60493827160494","7","0.1488095238095238","0","162","2022-05-22T15:17:00.000Z","1653232620",
"2551","22b77d7829c68dcd","E2:1F:7B:35:CC:08","58.02469135802469","3","0.1547029702970297","0","162","2022-05-22T15:18:00.000Z","1653232680",
"2551","22b77d7829c68dcd","E2:1F:7B:35:CC:08","49.382716049382715","7","0.14602803738317757","0","162","2022-05-22T15:19:00.000Z","1653232740",
"2551","22b77d7829c68dcd","E2:1F:7B:35:CC:08","49.382716049382715","12","0.10279605263157894","0","162","2022-05-22T15:20:00.000Z","1653232800",
"2551","22b77d7829c68dcd","E2:1F:7B:35:CC:08","45.67901234567901","4","0.12303149606299213","0","162","2022-05-22T15:21:00.000Z","1653232860",
"2551","22b77d7829c68dcd","E2:1F:7B:35:CC:08","60.49382716049383","8","0.12400793650793651","0","162","2022-05-22T15:22:00.000Z","1653232920",
"2551","22b77d7829c68dcd","E2:1F:7B:35:CC:08","58.02469135802469","6","0.10926573426573427","0","162","2022-05-22T15:23:00.000Z","1653232980",
"2551","22b77d7829c68dcd","E2:1F:7B:35:CC:08","54.32098765432099","7","0.06823144104803494","0","162","2022-05-22T15:24:00.000Z","1653233040",
"2551","22b77d7829c68dcd","E2:1F:7B:35:CC:08","88.88888888888889","5","0.08095854922279792","0","162","2022-05-22T15:42:00.000Z","1653234120",
"2551","22b77d7829c68dcd","E2:1F:7B:35:CC:08","54.32098765432099","1","0.08445945945945946","0","162","2022-05-22T15:48:00.000Z","1653234480",
"2551","22b77d7829c68dcd","E2:1F:7B:35:CC:08","50.617283950617285","2","0.09704968944099379","0","162","2022-05-22T15:49:00.000Z","1653234540",
"2551","22b77d7829c68dcd","E2:1F:7B:35:CC:08","35.80246913580247","2","0.09300595238095238","0","162","2022-05-22T15:50:00.000Z","1653234600",
"2551","22b77d7829c68dcd","E2:1F:7B:35:CC:08","38.27160493827161","5","0.08180628272251309","0","162","2022-05-22T15:51:00.000Z","1653234660",
"2551","22b77d7829c68dcd","E2:1F:7B:35:CC:08","54.32098765432099","9","0.0882768361581921","0","162","2022-05-22T15:52:00.000Z","1653234720",
"2551","22b77d7829c68dcd","E2:1F:7B:35:CC:08","53.08641975308642","0","0.10279605263157894","0","162","2022-05-22T15:56:00.000Z","1653234960",
"2551","22b77d7829c68dcd","E2:1F:7B:35:CC:08","49.382716049382715","5","0.12400793650793651","11","162","2022-05-22T15:57:00.000Z","1653235020",
"2551","22b77d7829c68dcd","E2:1F:7B:35:CC:08","48.148148148148145","0","0.06883259911894272","7","162","2022-05-22T15:58:00.000Z","1653235080",
"2551","22b77d7829c68dcd","E2:1F:7B:35:CC:08","45.67901234567901","0","0.4222972972972973","1","162","2022-05-22T16:20:00.000Z","1653236400",
"2551","22b77d7829c68dcd","E2:1F:7B:35:CC:08","43.037974683544306","4","0.10016025641025642","0","158","2022-05-22T22:52:00.000Z","1653259920",
"2551","22b77d7829c68dcd","E2:1F:7B:35:CC:08","39.24050632911393","5","0.10850694444444445","0","158","2022-05-22T22:53:00.000Z","1653259980",
"2551","22b77d7829c68dcd","E2:1F:7B:35:CC:08","31.645569620253166","0","0.12112403100775193","0","158","2022-05-22T22:54:00.000Z","1653260040",
"2551","22b77d7829c68dcd","E2:1F:7B:35:CC:08","22.78481012658228","0","0.13130252100840337","0","158","2022-05-22T22:55:00.000Z","1653260100",
"2551","22b77d7829c68dcd","E2:1F:7B:35:CC:08","41.77215189873418","7","0.13130252100840337","2","158","2022-05-22T22:57:00.000Z","1653260220",
"2551","22b77d7829c68dcd","E2:1F:7B:35:CC:08","59.49367088607595","7","0.09585889570552147","0","158","2022-05-22T22:58:00.000Z","1653260280",
"2551","22b77d7829c68dcd","E2:1F:7B:35:CC:08","77.21518987341773","8","0.13469827586206898","0","158","2022-05-22T22:59:00.000Z","1653260340",
"2551","22b77d7829c68dcd","E2:1F:7B:35:CC:08","68.35443037974683","4","0.11081560283687943","0","158","2022-05-22T23:00:00.000Z","1653260400",
"2551","22b77d7829c68dcd","E2:1F:7B:35:CC:08","58.22784810126582","6","0.1953125","0","158","2022-05-22T23:01:00.000Z","1653260460",
"2551","22b77d7829c68dcd","E2:1F:7B:35:CC:08","36.70886075949367","0","0.2170138888888889","0","158","2022-05-22T23:02:00.000Z","1653260520",
"2551","22b77d7829c68dcd","E2:1F:7B:35:CC:08","26.582278481012658","0","0.2332089552238806","0","158","2022-05-22T23:03:00.000Z","1653260580",
"2551","22b77d7829c68dcd","E2:1F:7B:35:CC:08","22.78481012658228","0","0.062250996015936255","4","158","2022-05-22T23:04:00.000Z","1653260640",
"2551","22b77d7829c68dcd","E2:1F:7B:35:CC:08","29.11392405063291","0","0.10850694444444445","0","158","2022-05-22T23:07:00.000Z","1653260820",
"2551","22b77d7829c68dcd","E2:1F:7B:35:CC:08","30.379746835443036","0","0.1220703125","0","158","2022-05-22T23:08:00.000Z","1653260880",
"2551","22b77d7829c68dcd","E2:1F:7B:35:CC:08","26.582278481012658","0","0.13469827586206898","0","158","2022-05-22T23:09:00.000Z","1653260940",
"2551","22b77d7829c68dcd","E2:1F:7B:35:CC:08","24.050632911392405","0","0.1488095238095238","0","158","2022-05-22T23:10:00.000Z","1653261000",
"2551","22b77d7829c68dcd","E2:1F:7B:35:CC:08","22.78481012658228","0","0.16447368421052633","0","158","2022-05-22T23:11:00.000Z","1653261060",
"2551","22b77d7829c68dcd","E2:1F:7B:35:CC:08","21.518987341772153","0","0.17755681818181818","0","158","2022-05-22T23:12:00.000Z","1653261120",
"2551","22b77d7829c68dcd","E2:1F:7B:35:CC:08","17.72151898734177","0","0.19054878048780488","0","158","2022-05-22T23:13:00.000Z","1653261180",
"2551","22b77d7829c68dcd","E2:1F:7B:35:CC:08","17.72151898734177","0","0.20833333333333334","0","158","2022-05-22T23:14:00.000Z","1653261240",
"2551","22b77d7829c68dcd","E2:1F:7B:35:CC:08","16.455696202531644","0","0.22007042253521128","0","158","2022-05-22T23:15:00.000Z","1653261300",
"2551","22b77d7829c68dcd","E2:1F:7B:35:CC:08","18.9873417721519","0","0.2403846153846154","0","158","2022-05-22T23:16:00.000Z","1653261360",
"2551","22b77d7829c68dcd","E2:1F:7B:35:CC:08","16.455696202531644","0","0.25614754098360654","0","158","2022-05-22T23:17:00.000Z","1653261420",
"2551","22b77d7829c68dcd","E2:1F:7B:35:CC:08","15.189873417721518","0","0.2741228070175439","0","158","2022-05-22T23:18:00.000Z","1653261480",
"2551","22b77d7829c68dcd","E2:1F:7B:35:CC:08","12.658227848101266","0","0.28935185185185186","0","158","2022-05-22T23:19:00.000Z","1653261540",
"2551","22b77d7829c68dcd","E2:1F:7B:35:CC:08","12.658227848101266","0","0.23674242424242425","1","158","2022-05-22T23:20:00.000Z","1653261600",
"2551","22b77d7829c68dcd","E2:1F:7B:35:CC:08","13.924050632911392","2","0.11488970588235294","0","158","2022-05-22T23:21:00.000Z","1653261660",
"2551","22b77d7829c68dcd","E2:1F:7B:35:CC:08","11.39240506329114","0","0.11488970588235294","0","158","2022-05-22T23:22:00.000Z","1653261720",
"2551","22b77d7829c68dcd","E2:1F:7B:35:CC:08","6.329113924050633","0","0.11488970588235294","0","158","2022-05-22T23:23:00.000Z","1653261780",
"2551","22b77d7829c68dcd","E2:1F:7B:35:CC:08","5.063291139240507","0","0.11574074074074074","0","158","2022-05-22T23:24:00.000Z","1653261840",
"2551","22b77d7829c68dcd","E2:1F:7B:35:CC:08","5.063291139240507","0","0.1166044776119403","0","158","2022-05-22T23:25:00.000Z","1653261900",
"2551","22b77d7829c68dcd","E2:1F:7B:35:CC:08","3.7974683544303796","0","0.11837121212121213","0","158","2022-05-22T23:26:00.000Z","1653261960",
"2551","22b77d7829c68dcd","E2:1F:7B:35:CC:08","3.7974683544303796","0","0.1201923076923077","0","158","2022-05-22T23:27:00.000Z","1653262020",
"2551","22b77d7829c68dcd","E2:1F:7B:35:CC:08","7.594936708860759","0","0.12112403100775193","0","158","2022-05-22T23:28:00.000Z","1653262080",
"2551","22b77d7829c68dcd","E2:1F:7B:35:CC:08","6.329113924050633","0","0.12303149606299213","0","158","2022-05-22T23:29:00.000Z","1653262140",
"2551","22b77d7829c68dcd","E2:1F:7B:35:CC:08","5.063291139240507","0","0.12303149606299213","0","158","2022-05-22T23:30:00.000Z","1653262200",
"2551","22b77d7829c68dcd","E2:1F:7B:35:CC:08","5.063291139240507","0","0.12400793650793651","0","158","2022-05-22T23:31:00.000Z","1653262260",
"2551","22b77d7829c68dcd","E2:1F:7B:35:CC:08","5.063291139240507","0","0.125","0","158","2022-05-22T23:32:00.000Z","1653262320",
"2551","22b77d7829c68dcd","E2:1F:7B:35:CC:08","3.7974683544303796","0","0.12703252032520326","0","158","2022-05-22T23:33:00.000Z","1653262380",
"2551","22b77d7829c68dcd","E2:1F:7B:35:CC:08","5.063291139240507","0","0.12913223140495866","0","158","2022-05-22T23:34:00.000Z","1653262440",
"2551","22b77d7829c68dcd","E2:1F:7B:35:CC:08","5.063291139240507","0","0.13020833333333334","0","158","2022-05-22T23:35:00.000Z","1653262500",
"2551","22b77d7829c68dcd","E2:1F:7B:35:CC:08","5.063291139240507","0","0.13130252100840337","0","158","2022-05-22T23:36:00.000Z","1653262560",
"2551","22b77d7829c68dcd","E2:1F:7B:35:CC:08","5.063291139240507","0","0.13469827586206898","0","158","2022-05-22T23:37:00.000Z","1653262620",
"2551","22b77d7829c68dcd","E2:1F:7B:35:CC:08","3.7974683544303796","0","0.1358695652173913","0","158","2022-05-22T23:38:00.000Z","1653262680",
"2551","22b77d7829c68dcd","E2:1F:7B:35:CC:08","3.7974683544303796","0","0.13827433628318583","0","158","2022-05-22T23:39:00.000Z","1653262740",
"2551","22b77d7829c68dcd","E2:1F:7B:35:CC:08","3.7974683544303796","0","0.13950892857142858","0","158","2022-05-22T23:40:00.000Z","1653262800",
"2551","22b77d7829c68dcd","E2:1F:7B:35:CC:08","3.7974683544303796","0","0.1502403846153846","0","158","2022-05-22T23:41:00.000Z","1653262860",
"2551","22b77d7829c68dcd","E2:1F:7B:35:CC:08","35.44303797468354","7","0.08223684210526316","1","158","2022-05-22T23:42:00.000Z","1653262920",
"2551","22b77d7829c68dcd","E2:1F:7B:35:CC:08","92.40506329113924","9","0.19054878048780488","0","158","2022-05-22T23:43:00.000Z","1653262980",
"2551","22b77d7829c68dcd","E2:1F:7B:35:CC:08","77.21518987341773","5","0.2403846153846154","0","158","2022-05-22T23:44:00.000Z","1653263040",
"2551","22b77d7829c68dcd","E2:1F:7B:35:CC:08","50.63291139240506","0","0.27901785714285715","0","158","2022-05-22T23:45:00.000Z","1653263100",
"2551","22b77d7829c68dcd","E2:1F:7B:35:CC:08","34.177215189873415","0","0.3125","0","158","2022-05-22T23:46:00.000Z","1653263160",
"2551","22b77d7829c68dcd","E2:1F:7B:35:CC:08","24.050632911392405","0","0.33967391304347827","0","158","2022-05-22T23:47:00.000Z","1653263220",
"2551","22b77d7829c68dcd","E2:1F:7B:35:CC:08","18.9873417721519","0","0.3633720930232558","0","158","2022-05-22T23:48:00.000Z","1653263280",
"2551","22b77d7829c68dcd","E2:1F:7B:35:CC:08","15.189873417721518","0","0.390625","0","158","2022-05-22T23:49:00.000Z","1653263340",
"2551","22b77d7829c68dcd","E2:1F:7B:35:CC:08","11.39240506329114","0","0.41118421052631576","0","158","2022-05-22T23:50:00.000Z","1653263400",
"2551","22b77d7829c68dcd","E2:1F:7B:35:CC:08","10.126582278481013","0","0.4340277777777778","0","158","2022-05-22T23:51:00.000Z","1653263460",
"2551","22b77d7829c68dcd","E2:1F:7B:35:CC:08","8.860759493670885","0","0.44642857142857145","0","158","2022-05-22T23:52:00.000Z","1653263520",
"2551","22b77d7829c68dcd","E2:1F:7B:35:CC:08","7.594936708860759","0","0.4734848484848485","0","158","2022-05-22T23:53:00.000Z","1653263580",
"2551","22b77d7829c68dcd","E2:1F:7B:35:CC:08","6.329113924050633","0","0.48828125","0","158","2022-05-22T23:54:00.000Z","1653263640",
"2551","22b77d7829c68dcd","E2:1F:7B:35:CC:08","6.329113924050633","0","0.5040322580645161","0","158","2022-05-22T23:55:00.000Z","1653263700",
"2551","22b77d7829c68dcd","E2:1F:7B:35:CC:08","18.9873417721519","2","0.20292207792207792","1","158","2022-05-22T23:56:00.000Z","1653263760",
"2551","22b77d7829c68dcd","E2:1F:7B:35:CC:08","10.126582278481013","0","0.20292207792207792","0","158","2022-05-22T23:57:00.000Z","1653263820",
"2551","22b77d7829c68dcd","E2:1F:7B:35:CC:08","5.063291139240507","0","0.20292207792207792","0","158","2022-05-22T23:58:00.000Z","1653263880",
"2551","22b77d7829c68dcd","E2:1F:7B:35:CC:08","10.126582278481013","4","0.12400793650793651","0","158","2022-05-22T23:59:00.000Z","1653263940",
"2551","22b77d7829c68dcd","E2:1F:7B:35:CC:08","49.36708860759494","8","0.13354700854700854","1","158","2022-05-23T00:00:00.000Z","1653264000",
"2551","22b77d7829c68dcd","E2:1F:7B:35:CC:08","73.41772151898734","7","0.25201612903225806","0","158","2022-05-23T00:01:00.000Z","1653264060",
"2551","22b77d7829c68dcd","E2:1F:7B:35:CC:08","49.36708860759494","0","0.08928571428571429","1","158","2022-05-23T00:02:00.000Z","1653264120",
"2551","22b77d7829c68dcd","E2:1F:7B:35:CC:08","79.74683544303798","7","0.13706140350877194","0","158","2022-05-23T00:03:00.000Z","1653264180",
"2551","22b77d7829c68dcd","E2:1F:7B:35:CC:08","45.56962025316456","0","0.15169902912621358","0","158","2022-05-23T00:04:00.000Z","1653264240",
"2551","22b77d7829c68dcd","E2:1F:7B:35:CC:08","26.582278481012658","0","0.16447368421052633","0","158","2022-05-23T00:05:00.000Z","1653264300",
"2551","22b77d7829c68dcd","E2:1F:7B:35:CC:08","15.189873417721518","0","0.1717032967032967","0","158","2022-05-23T00:06:00.000Z","1653264360",
"2551","22b77d7829c68dcd","E2:1F:7B:35:CC:08","11.39240506329114","0","0.175561797752809","0","158","2022-05-23T00:07:00.000Z","1653264420",
"2551","22b77d7829c68dcd","E2:1F:7B:35:CC:08","11.39240506329114","0","0.1816860465116279","0","158","2022-05-23T00:08:00.000Z","1653264480",
"2551","22b77d7829c68dcd","E2:1F:7B:35:CC:08","11.39240506329114","0","0.19054878048780488","0","158","2022-05-23T00:09:00.000Z","1653264540",
"2551","22b77d7829c68dcd","E2:1F:7B:35:CC:08","11.39240506329114","0","0.20032051282051283","0","158","2022-05-23T00:10:00.000Z","1653264600",
"2551","22b77d7829c68dcd","E2:1F:7B:35:CC:08","10.126582278481013","0","0.20292207792207792","0","158","2022-05-23T00:11:00.000Z","1653264660",
"2551","22b77d7829c68dcd","E2:1F:7B:35:CC:08","10.126582278481013","0","0.20833333333333334","0","158","2022-05-23T00:12:00.000Z","1653264720",
"2551","22b77d7829c68dcd","E2:1F:7B:35:CC:08","12.658227848101266","0","0.21404109589041095","0","158","2022-05-23T00:13:00.000Z","1653264780",
"2551","22b77d7829c68dcd","E2:1F:7B:35:CC:08","8.860759493670885","0","0.2170138888888889","0","158","2022-05-23T00:14:00.000Z","1653264840",
"2551","22b77d7829c68dcd","E2:1F:7B:35:CC:08","11.39240506329114","0","0.22321428571428573","0","158","2022-05-23T00:15:00.000Z","1653264900",
"2551","22b77d7829c68dcd","E2:1F:7B:35:CC:08","12.658227848101266","0","0.2332089552238806","0","158","2022-05-23T00:16:00.000Z","1653264960",
"2551","22b77d7829c68dcd","E2:1F:7B:35:CC:08","16.455696202531644","0","0.18825301204819278","4","158","2022-05-23T00:17:00.000Z","1653265020",
"2551","22b77d7829c68dcd","E2:1F:7B:35:CC:08","35.44303797468354","2","0.15943877551020408","0","158","2022-05-23T00:18:00.000Z","1653265080",
"2551","22b77d7829c68dcd","E2:1F:7B:35:CC:08","21.518987341772153","0","0.16983695652173914","0","158","2022-05-23T00:19:00.000Z","1653265140",
"2551","22b77d7829c68dcd","E2:1F:7B:35:CC:08","16.455696202531644","2","0.2170138888888889","0","158","2022-05-23T00:20:00.000Z","1653265200",
"2551","22b77d7829c68dcd","E2:1F:7B:35:CC:08","22.78481012658228","1","0.21404109589041095","1","158","2022-05-23T00:21:00.000Z","1653265260",
"2551","22b77d7829c68dcd","E2:1F:7B:35:CC:08","17.72151898734177","0","0.22977941176470587","0","158","2022-05-23T00:22:00.000Z","1653265320",
"2551","22b77d7829c68dcd","E2:1F:7B:35:CC:08","7.594936708860759","0","0.2332089552238806","0","158","2022-05-23T00:23:00.000Z","1653265380",
"2551","22b77d7829c68dcd","E2:1F:7B:35:CC:08","5.063291139240507","0","0.2332089552238806","0","158","2022-05-23T00:24:00.000Z","1653265440",
"2551","22b77d7829c68dcd","E2:1F:7B:35:CC:08","3.7974683544303796","0","0.2332089552238806","0","158","2022-05-23T00:25:00.000Z","1653265500",
"2551","22b77d7829c68dcd","E2:1F:7B:35:CC:08","3.7974683544303796","0","0.2332089552238806","0","158","2022-05-23T00:26:00.000Z","1653265560",
"2551","22b77d7829c68dcd","E2:1F:7B:35:CC:08","27.848101265822784","3","0.09300595238095238","0","158","2022-05-23T00:27:00.000Z","1653265620",
"2551","22b77d7829c68dcd","E2:1F:7B:35:CC:08","29.11392405063291","0","0.0946969696969697","0","158","2022-05-23T00:28:00.000Z","1653265680",
"2551","22b77d7829c68dcd","E2:1F:7B:35:CC:08","24.050632911392405","2","0.10080645161290322","0","158","2022-05-23T00:29:00.000Z","1653265740",
"2551","22b77d7829c68dcd","E2:1F:7B:35:CC:08","24.050632911392405","0","0.10347682119205298","0","158","2022-05-23T00:30:00.000Z","1653265800",
"2551","22b77d7829c68dcd","E2:1F:7B:35:CC:08","25.31645569620253","1","0.10926573426573427","0","158","2022-05-23T00:31:00.000Z","1653265860",
"2551","22b77d7829c68dcd","E2:1F:7B:35:CC:08","15.189873417721518","0","0.11003521126760564","0","158","2022-05-23T00:32:00.000Z","1653265920",
"2551","22b77d7829c68dcd","E2:1F:7B:35:CC:08","10.126582278481013","0","0.11003521126760564","0","158","2022-05-23T00:33:00.000Z","1653265980",
"2551","22b77d7829c68dcd","E2:1F:7B:35:CC:08","8.860759493670885","0","0.11003521126760564","0","158","2022-05-23T00:34:00.000Z","1653266040",
"2551","22b77d7829c68dcd","E2:1F:7B:35:CC:08","8.860759493670885","0","0.11003521126760564","0","158","2022-05-23T00:35:00.000Z","1653266100",
"2551","22b77d7829c68dcd","E2:1F:7B:35:CC:08","8.860759493670885","0","0.10926573426573427","0","158","2022-05-23T00:36:00.000Z","1653266160",
"2551","22b77d7829c68dcd","E2:1F:7B:35:CC:08","8.860759493670885","0","0.08223684210526316","1","158","2022-05-23T00:37:00.000Z","1653266220",
"2551","22b77d7829c68dcd","E2:1F:7B:35:CC:08","8.860759493670885","0","0.14204545454545456","0","158","2022-05-23T00:39:00.000Z","1653266340",
"2551","22b77d7829c68dcd","E2:1F:7B:35:CC:08","10.126582278481013","0","0.1358695652173913","0","158","2022-05-23T00:40:00.000Z","1653266400",
"2551","22b77d7829c68dcd","E2:1F:7B:35:CC:08","12.658227848101266","0","0.14204545454545456","0","158","2022-05-23T00:41:00.000Z","1653266460",
"2551","22b77d7829c68dcd","E2:1F:7B:35:CC:08","6.329113924050633","0","0.143348623853211","0","158","2022-05-23T00:42:00.000Z","1653266520",
"2551","22b77d7829c68dcd","E2:1F:7B:35:CC:08","3.7974683544303796","0","0.14467592592592593","0","158","2022-05-23T00:43:00.000Z","1653266580",
"2551","22b77d7829c68dcd","E2:1F:7B:35:CC:08","5.063291139240507","0","0.14602803738317757","0","158","2022-05-23T00:44:00.000Z","1653266640",
"2551","22b77d7829c68dcd","E2:1F:7B:35:CC:08","5.063291139240507","0","0.0882768361581921","0","158","2022-05-23T00:45:00.000Z","1653266700",
"2551","22b77d7829c68dcd","E2:1F:7B:35:CC:08","50.63291139240506","5","0.14467592592592593","0","158","2022-05-23T00:46:00.000Z","1653266760",
"2551","22b77d7829c68dcd","E2:1F:7B:35:CC:08","39.24050632911393","1","0.16276041666666666","0","158","2022-05-23T00:47:00.000Z","1653266820",
"2551","22b77d7829c68dcd","E2:1F:7B:35:CC:08","25.31645569620253","0","0.175561797752809","0","158","2022-05-23T00:48:00.000Z","1653266880",
"2551","22b77d7829c68dcd","E2:1F:7B:35:CC:08","27.848101265822784","3","0.09137426900584796","0","158","2022-05-23T00:49:00.000Z","1653266940",
"2551","22b77d7829c68dcd","E2:1F:7B:35:CC:08","53.164556962025316","5","0.11241007194244604","0","158","2022-05-23T00:50:00.000Z","1653267000",
"2551","22b77d7829c68dcd","E2:1F:7B:35:CC:08","35.44303797468354","0","0.1166044776119403","0","158","2022-05-23T00:51:00.000Z","1653267060",
"2551","22b77d7829c68dcd","E2:1F:7B:35:CC:08","25.31645569620253","0","0.12703252032520326","0","158","2022-05-23T00:52:00.000Z","1653267120",
"2551","22b77d7829c68dcd","E2:1F:7B:35:CC:08","16.455696202531644","0","0.13354700854700854","0","158","2022-05-23T00:53:00.000Z","1653267180",
"2551","22b77d7829c68dcd","E2:1F:7B:35:CC:08","11.39240506329114","0","0.13950892857142858","0","158","2022-05-23T00:54:00.000Z","1653267240",
"2551","22b77d7829c68dcd","E2:1F:7B:35:CC:08","8.860759493670885","0","0.14602803738317757","0","158","2022-05-23T00:55:00.000Z","1653267300",
"2551","22b77d7829c68dcd","E2:1F:7B:35:CC:08","10.126582278481013","0","0.15169902912621358","0","158","2022-05-23T00:56:00.000Z","1653267360",
"2551","22b77d7829c68dcd","E2:1F:7B:35:CC:08","10.126582278481013","0","0.15943877551020408","0","158","2022-05-23T00:57:00.000Z","1653267420",
"2551","22b77d7829c68dcd","E2:1F:7B:35:CC:08","7.594936708860759","0","0.16276041666666666","0","158","2022-05-23T00:58:00.000Z","1653267480",
"2551","22b77d7829c68dcd","E2:1F:7B:35:CC:08","7.594936708860759","0","0.16801075268817203","0","158","2022-05-23T00:59:00.000Z","1653267540",
"2551","22b77d7829c68dcd","E2:1F:7B:35:CC:08","63.29113924050633","10","0.14602803738317757","0","158","2022-05-23T01:00:00.000Z","1653267600",
"2551","22b77d7829c68dcd","E2:1F:7B:35:CC:08","55.69620253164557","1","0.16983695652173914","0","158","2022-05-23T01:01:00.000Z","1653267660",
"2551","22b77d7829c68dcd","E2:1F:7B:35:CC:08","30.379746835443036","0","0.1816860465116279","0","158","2022-05-23T01:02:00.000Z","1653267720",
"2551","22b77d7829c68dcd","E2:1F:7B:35:CC:08","30.379746835443036","6","0.16447368421052633","0","158","2022-05-23T01:03:00.000Z","1653267780",
"2551","22b77d7829c68dcd","E2:1F:7B:35:CC:08","22.78481012658228","0","0.175561797752809","0","158","2022-05-23T01:04:00.000Z","1653267840",
"2551","22b77d7829c68dcd","E2:1F:7B:35:CC:08","13.924050632911392","0","0.18382352941176472","0","158","2022-05-23T01:05:00.000Z","1653267900",
"2551","22b77d7829c68dcd","E2:1F:7B:35:CC:08","8.860759493670885","0","0.19054878048780488","0","158","2022-05-23T01:06:00.000Z","1653267960",
"2551","22b77d7829c68dcd","E2:1F:7B:35:CC:08","7.594936708860759","0","0.19778481012658228","0","158","2022-05-23T01:07:00.000Z","1653268020",
"2551","22b77d7829c68dcd","E2:1F:7B:35:CC:08","6.329113924050633","0","0.11837121212121213","0","158","2022-05-23T01:08:00.000Z","1653268080",
"2551","22b77d7829c68dcd","E2:1F:7B:35:CC:08","12.658227848101266","0","0.12600806451612903","0","158","2022-05-23T01:09:00.000Z","1653268140",
"2551","22b77d7829c68dcd","E2:1F:7B:35:CC:08","17.72151898734177","0","0.125","0","158","2022-05-23T01:10:00.000Z","1653268200",
"2551","22b77d7829c68dcd","E2:1F:7B:35:CC:08","20.253164556962027","0","0.13241525423728814","0","158","2022-05-23T01:11:00.000Z","1653268260",
"2551","22b77d7829c68dcd","E2:1F:7B:35:CC:08","37.9746835443038","9","0.16447368421052633","0","158","2022-05-23T01:12:00.000Z","1653268320",
"2551","22b77d7829c68dcd","E2:1F:7B:35:CC:08","32.91139240506329","1","0.13827433628318583","0","158","2022-05-23T01:13:00.000Z","1653268380",
"2551","22b77d7829c68dcd","E2:1F:7B:35:CC:08","31.645569620253166","2","0.15625","0","158","2022-05-23T01:14:00.000Z","1653268440",
"2551","22b77d7829c68dcd","E2:1F:7B:35:CC:08","18.9873417721519","0","0.16276041666666666","0","158","2022-05-23T01:15:00.000Z","1653268500",
"2551","22b77d7829c68dcd","E2:1F:7B:35:CC:08","13.924050632911392","0","0.16447368421052633","0","158","2022-05-23T01:16:00.000Z","1653268560",
"2551","22b77d7829c68dcd","E2:1F:7B:35:CC:08","31.645569620253166","6","0.19290123456790123","0","158","2022-05-23T01:17:00.000Z","1653268620",
"2551","22b77d7829c68dcd","E2:1F:7B:35:CC:08","24.050632911392405","0","0.17959770114942528","0","158","2022-05-23T01:18:00.000Z","1653268680",
"2551","22b77d7829c68dcd","E2:1F:7B:35:CC:08","21.518987341772153","0","0.1953125","0","158","2022-05-23T01:19:00.000Z","1653268740",
"2551","22b77d7829c68dcd","E2:1F:7B:35:CC:08","13.924050632911392","0","0.20292207792207792","0","158","2022-05-23T01:20:00.000Z","1653268800",
"2551","22b77d7829c68dcd","E2:1F:7B:35:CC:08","10.126582278481013","0","0.21404109589041095","0","158","2022-05-23T01:21:00.000Z","1653268860",
"2551","22b77d7829c68dcd","E2:1F:7B:35:CC:08","11.39240506329114","0","0.22321428571428573","0","158","2022-05-23T01:22:00.000Z","1653268920",
"2551","22b77d7829c68dcd","E2:1F:7B:35:CC:08","49.36708860759494","8","0.18825301204819278","2","158","2022-05-23T01:23:00.000Z","1653268980",
"2551","22b77d7829c68dcd","E2:1F:7B:35:CC:08","49.36708860759494","3","0.2170138888888889","0","158","2022-05-23T01:24:00.000Z","1653269040",
"2551","22b77d7829c68dcd","E2:1F:7B:35:CC:08","26.582278481012658","0","0.2332089552238806","0","158","2022-05-23T01:25:00.000Z","1653269100",
"2551","22b77d7829c68dcd","E2:1F:7B:35:CC:08","16.455696202531644","0","0.24801587301587302","0","158","2022-05-23T01:26:00.000Z","1653269160",
"2551","22b77d7829c68dcd","E2:1F:7B:35:CC:08","12.658227848101266","0","0.2604166666666667","0","158","2022-05-23T01:27:00.000Z","1653269220",
"2551","22b77d7829c68dcd","E2:1F:7B:35:CC:08","10.126582278481013","0","0.2741228070175439","0","158","2022-05-23T01:28:00.000Z","1653269280",
"2551","22b77d7829c68dcd","E2:1F:7B:35:CC:08","8.860759493670885","0","0.2840909090909091","0","158","2022-05-23T01:29:00.000Z","1653269340",
"2551","22b77d7829c68dcd","E2:1F:7B:35:CC:08","8.860759493670885","0","0.3004807692307692","0","158","2022-05-23T01:30:00.000Z","1653269400",
"2551","22b77d7829c68dcd","E2:1F:7B:35:CC:08","7.594936708860759","0","0.3125","0","158","2022-05-23T01:31:00.000Z","1653269460",
"2551","22b77d7829c68dcd","E2:1F:7B:35:CC:08","26.582278481012658","6","0.16983695652173914","0","158","2022-05-23T01:32:00.000Z","1653269520",
"2551","22b77d7829c68dcd","E2:1F:7B:35:CC:08","21.518987341772153","0","0.17755681818181818","0","158","2022-05-23T01:33:00.000Z","1653269580",
"2551","22b77d7829c68dcd","E2:1F:7B:35:CC:08","11.39240506329114","0","0.20559210526315788","4","158","2022-05-23T01:34:00.000Z","1653269640",
"2551","22b77d7829c68dcd","E2:1F:7B:35:CC:08","18.9873417721519","7","0.16447368421052633","5","158","2022-05-23T01:35:00.000Z","1653269700",
"2551","22b77d7829c68dcd","E2:1F:7B:35:CC:08","34.177215189873415","2","0.15169902912621358","1","158","2022-05-23T01:36:00.000Z","1653269760",
"2551","22b77d7829c68dcd","E2:1F:7B:35:CC:08","20.253164556962027","0","0.15625","0","158","2022-05-23T01:37:00.000Z","1653269820",
"2551","22b77d7829c68dcd","E2:1F:7B:35:CC:08","12.658227848101266","0","0.16108247422680413","0","158","2022-05-23T01:38:00.000Z","1653269880",
"2551","22b77d7829c68dcd","E2:1F:7B:35:CC:08","22.78481012658228","0","0.15625","0","158","2022-05-23T01:39:00.000Z","1653269940",
"2551","22b77d7829c68dcd","E2:1F:7B:35:CC:08","15.189873417721518","0","0.15782828282828282","0","158","2022-05-23T01:40:00.000Z","1653270000",
"2551","22b77d7829c68dcd","E2:1F:7B:35:CC:08","15.189873417721518","0","0.20032051282051283","2","158","2022-05-23T01:41:00.000Z","1653270060",
"2551","22b77d7829c68dcd","E2:1F:7B:35:CC:08","46.835443037974684","5","0.2648305084745763","0","158","2022-05-23T01:42:00.000Z","1653270120",
"2551","22b77d7829c68dcd","E2:1F:7B:35:CC:08","40.50632911392405","0","0.09300595238095238","4","158","2022-05-23T01:43:00.000Z","1653270180",
"2551","22b77d7829c68dcd","E2:1F:7B:35:CC:08","40.50632911392405","9","0.09889240506329114","9","158","2022-05-23T01:44:00.000Z","1653270240",
"2551","22b77d7829c68dcd","E2:1F:7B:35:CC:08","100","5","0.15169902912621358","4","158","2022-05-23T01:45:00.000Z","1653270300",
"2551","22b77d7829c68dcd","E2:1F:7B:35:CC:08","74.68354430379746","0","0.1717032967032967","0","158","2022-05-23T01:46:00.000Z","1653270360",
"2551","22b77d7829c68dcd","E2:1F:7B:35:CC:08","31.645569620253166","0","0.18382352941176472","0","158","2022-05-23T01:47:00.000Z","1653270420",
"2551","22b77d7829c68dcd","E2:1F:7B:35:CC:08","15.189873417721518","0","0.19054878048780488","0","158","2022-05-23T01:48:00.000Z","1653270480",
"2551","22b77d7829c68dcd","E2:1F:7B:35:CC:08","8.860759493670885","0","0.19778481012658228","0","158","2022-05-23T01:49:00.000Z","1653270540",
"2551","22b77d7829c68dcd","E2:1F:7B:35:CC:08","6.329113924050633","0","0.20032051282051283","0","158","2022-05-23T01:50:00.000Z","1653270600",
"2551","22b77d7829c68dcd","E2:1F:7B:35:CC:08","5.063291139240507","0","0.20559210526315788","0","158","2022-05-23T01:51:00.000Z","1653270660",
"2551","22b77d7829c68dcd","E2:1F:7B:35:CC:08","6.329113924050633","0","0.21404109589041095","0","158","2022-05-23T01:52:00.000Z","1653270720",
"2551","22b77d7829c68dcd","E2:1F:7B:35:CC:08","5.063291139240507","0","0.22007042253521128","0","158","2022-05-23T01:53:00.000Z","1653270780",
"2551","22b77d7829c68dcd","E2:1F:7B:35:CC:08","3.7974683544303796","0","0.22321428571428573","0","158","2022-05-23T01:54:00.000Z","1653270840",
"2551","22b77d7829c68dcd","E2:1F:7B:35:CC:08","5.063291139240507","0","0.24801587301587302","0","158","2022-05-23T01:55:00.000Z","1653270900",
"2551","22b77d7829c68dcd","E2:1F:7B:35:CC:08","16.455696202531644","0","0.2741228070175439","0","158","2022-05-23T01:56:00.000Z","1653270960",
"2551","22b77d7829c68dcd","E2:1F:7B:35:CC:08","16.455696202531644","0","0.294811320754717","0","158","2022-05-23T01:57:00.000Z","1653271020",
"2551","22b77d7829c68dcd","E2:1F:7B:35:CC:08","13.924050632911392","0","0.3125","0","158","2022-05-23T01:58:00.000Z","1653271080",
"2551","22b77d7829c68dcd","E2:1F:7B:35:CC:08","11.39240506329114","0","0.3324468085106383","0","158","2022-05-23T01:59:00.000Z","1653271140",
"2551","22b77d7829c68dcd","E2:1F:7B:35:CC:08","10.126582278481013","0","0.3472222222222222","0","158","2022-05-23T02:00:00.000Z","1653271200",
"2551","22b77d7829c68dcd","E2:1F:7B:35:CC:08","8.860759493670885","0","0.3633720930232558","0","158","2022-05-23T02:01:00.000Z","1653271260",
"2551","22b77d7829c68dcd","E2:1F:7B:35:CC:08","7.594936708860759","0","0.38109756097560976","0","158","2022-05-23T02:02:00.000Z","1653271320",
"2551","22b77d7829c68dcd","E2:1F:7B:35:CC:08","6.329113924050633","0","0.390625","0","158","2022-05-23T02:03:00.000Z","1653271380",
"2551","22b77d7829c68dcd","E2:1F:7B:35:CC:08","5.063291139240507","0","0.40064102564102566","0","158","2022-05-23T02:04:00.000Z","1653271440",
"2551","22b77d7829c68dcd","E2:1F:7B:35:CC:08","5.063291139240507","0","0.4222972972972973","0","158","2022-05-23T02:05:00.000Z","1653271500",
"2551","22b77d7829c68dcd","E2:1F:7B:35:CC:08","7.594936708860759","0","0.4340277777777778","0","158","2022-05-23T02:06:00.000Z","1653271560",
"2551","22b77d7829c68dcd","E2:1F:7B:35:CC:08","6.329113924050633","0","0.44642857142857145","0","158","2022-05-23T02:07:00.000Z","1653271620",
"2551","22b77d7829c68dcd","E2:1F:7B:35:CC:08","7.594936708860759","0","0.4734848484848485","0","158","2022-05-23T02:08:00.000Z","1653271680",
"2551","22b77d7829c68dcd","E2:1F:7B:35:CC:08","11.39240506329114","0","0.4734848484848485","0","158","2022-05-23T02:09:00.000Z","1653271740",
"2551","22b77d7829c68dcd","E2:1F:7B:35:CC:08","20.253164556962027","4","0.22977941176470587","4","158","2022-05-23T02:10:00.000Z","1653271800",
"2551","22b77d7829c68dcd","E2:1F:7B:35:CC:08","39.24050632911393","1","0.22977941176470587","0","158","2022-05-23T02:11:00.000Z","1653271860",
"2551","22b77d7829c68dcd","E2:1F:7B:35:CC:08","26.582278481012658","2","0.2332089552238806","0","158","2022-05-23T02:12:00.000Z","1653271920",
"2551","22b77d7829c68dcd","E2:1F:7B:35:CC:08","24.050632911392405","0","0.22007042253521128","0","158","2022-05-23T02:13:00.000Z","1653271980",
"2551","22b77d7829c68dcd","E2:1F:7B:35:CC:08","27.848101265822784","1","0.22977941176470587","0","158","2022-05-23T02:14:00.000Z","1653272040",
"2551","22b77d7829c68dcd","E2:1F:7B:35:CC:08","24.050632911392405","1","0.2403846153846154","0","158","2022-05-23T02:15:00.000Z","1653272100",
"2551","22b77d7829c68dcd","E2:1F:7B:35:CC:08","27.848101265822784","3","0.25201612903225806","0","158","2022-05-23T02:16:00.000Z","1653272160",
"2551","22b77d7829c68dcd","E2:1F:7B:35:CC:08","34.177215189873415","1","0.24801587301587302","0","158","2022-05-23T02:17:00.000Z","1653272220",
"2551","22b77d7829c68dcd","E2:1F:7B:35:CC:08","49.36708860759494","8","0.244140625","2","158","2022-05-23T02:18:00.000Z","1653272280",
"2551","22b77d7829c68dcd","E2:1F:7B:35:CC:08","49.36708860759494","2","0.26939655172413796","0","158","2022-05-23T02:19:00.000Z","1653272340",
"2551","22b77d7829c68dcd","E2:1F:7B:35:CC:08","31.645569620253166","0","0.2741228070175439","0","158","2022-05-23T02:20:00.000Z","1653272400",
"2551","22b77d7829c68dcd","E2:1F:7B:35:CC:08","15.189873417721518","0","0.27901785714285715","0","158","2022-05-23T02:21:00.000Z","1653272460",
"2551","22b77d7829c68dcd","E2:1F:7B:35:CC:08","8.860759493670885","0","0.2741228070175439","0","158","2022-05-23T02:22:00.000Z","1653272520",
"2551","22b77d7829c68dcd","E2:1F:7B:35:CC:08","18.9873417721519","2","0.17755681818181818","0","158","2022-05-23T02:23:00.000Z","1653272580",
"2551","22b77d7829c68dcd","E2:1F:7B:35:CC:08","25.31645569620253","1","0.18601190476190477","0","158","2022-05-23T02:24:00.000Z","1653272640",
"2551","22b77d7829c68dcd","E2:1F:7B:35:CC:08","18.9873417721519","0","0.18601190476190477","0","158","2022-05-23T02:25:00.000Z","1653272700",
"2551","22b77d7829c68dcd","E2:1F:7B:35:CC:08","12.658227848101266","0","0.18382352941176472","0","158","2022-05-23T02:26:00.000Z","1653272760",
"2551","22b77d7829c68dcd","E2:1F:7B:35:CC:08","7.594936708860759","0","0.18601190476190477","0","158","2022-05-23T02:27:00.000Z","1653272820",
"2551","22b77d7829c68dcd","E2:1F:7B:35:CC:08","10.126582278481013","0","0.18382352941176472","0","158","2022-05-23T02:28:00.000Z","1653272880",
"2551","22b77d7829c68dcd","E2:1F:7B:35:CC:08","8.860759493670885","0","0.18601190476190477","0","158","2022-05-23T02:29:00.000Z","1653272940",
"2551","22b77d7829c68dcd","E2:1F:7B:35:CC:08","8.860759493670885","0","0.19054878048780488","0","158","2022-05-23T02:30:00.000Z","1653273000",
"2551","22b77d7829c68dcd","E2:1F:7B:35:CC:08","8.860759493670885","0","0.19290123456790123","0","158","2022-05-23T02:31:00.000Z","1653273060",
"2551","22b77d7829c68dcd","E2:1F:7B:35:CC:08","41.77215189873418","6","0.21114864864864866","0","158","2022-05-23T02:32:00.000Z","1653273120",
"2551","22b77d7829c68dcd","E2:1F:7B:35:CC:08","40.50632911392405","0","0.2332089552238806","0","158","2022-05-23T02:33:00.000Z","1653273180",
"2551","22b77d7829c68dcd","E2:1F:7B:35:CC:08","24.050632911392405","0","0.244140625","0","158","2022-05-23T02:34:00.000Z","1653273240",
"2551","22b77d7829c68dcd","E2:1F:7B:35:CC:08","37.9746835443038","5","0.3004807692307692","0","158","2022-05-23T02:35:00.000Z","1653273300",
"2551","22b77d7829c68dcd","E2:1F:7B:35:CC:08","30.379746835443036","0","0.33967391304347827","0","158","2022-05-23T02:36:00.000Z","1653273360",
"2551","22b77d7829c68dcd","E2:1F:7B:35:CC:08","24.050632911392405","0","0.37202380952380953","0","158","2022-05-23T02:37:00.000Z","1653273420",
"2551","22b77d7829c68dcd","E2:1F:7B:35:CC:08","17.72151898734177","0","0.40064102564102566","0","158","2022-05-23T02:38:00.000Z","1653273480",
"2551","22b77d7829c68dcd","E2:1F:7B:35:CC:08","15.189873417721518","1","0.3633720930232558","0","158","2022-05-23T02:39:00.000Z","1653273540",
"2551","22b77d7829c68dcd","E2:1F:7B:35:CC:08","25.31645569620253","0","0.41118421052631576","0","158","2022-05-23T02:40:00.000Z","1653273600",
"2551","22b77d7829c68dcd","E2:1F:7B:35:CC:08","16.455696202531644","0","0.25614754098360654","1","158","2022-05-23T02:41:00.000Z","1653273660",
"2551","22b77d7829c68dcd","E2:1F:7B:35:CC:08","6.329113924050633","0","0.25201612903225806","0","158","2022-05-23T02:42:00.000Z","1653273720",
"2551","22b77d7829c68dcd","E2:1F:7B:35:CC:08","5.063291139240507","0","0.25201612903225806","0","158","2022-05-23T02:43:00.000Z","1653273780",
"2551","22b77d7829c68dcd","E2:1F:7B:35:CC:08","3.7974683544303796","0","0.25201612903225806","0","158","2022-05-23T02:44:00.000Z","1653273840",
"2551","22b77d7829c68dcd","E2:1F:7B:35:CC:08","3.7974683544303796","0","0.25201612903225806","0","158","2022-05-23T02:45:00.000Z","1653273900",
"2551","22b77d7829c68dcd","E2:1F:7B:35:CC:08","2.5316455696202533","0","0.25201612903225806","0","158","2022-05-23T02:46:00.000Z","1653273960",
"2551","22b77d7829c68dcd","E2:1F:7B:35:CC:08","2.5316455696202533","0","0.25201612903225806","0","158","2022-05-23T02:47:00.000Z","1653274020",
"2551","22b77d7829c68dcd","E2:1F:7B:35:CC:08","2.5316455696202533","0","0.25201612903225806","0","158","2022-05-23T02:48:00.000Z","1653274080",
"2551","22b77d7829c68dcd","E2:1F:7B:35:CC:08","2.5316455696202533","0","0.25201612903225806","0","158","2022-05-23T02:49:00.000Z","1653274140",
"2551","22b77d7829c68dcd","E2:1F:7B:35:CC:08","2.5316455696202533","0","0.25201612903225806","0","158","2022-05-23T02:50:00.000Z","1653274200",
"2551","22b77d7829c68dcd","E2:1F:7B:35:CC:08","8.860759493670885","5","0.143348623853211","0","158","2022-05-23T02:51:00.000Z","1653274260",
"2551","22b77d7829c68dcd","E2:1F:7B:35:CC:08","21.518987341772153","0","0.17755681818181818","1","158","2022-05-23T02:52:00.000Z","1653274320",
"2551","22b77d7829c68dcd","E2:1F:7B:35:CC:08","11.39240506329114","0","0.17959770114942528","0","158","2022-05-23T02:53:00.000Z","1653274380",
"2551","22b77d7829c68dcd","E2:1F:7B:35:CC:08","6.329113924050633","0","0.1816860465116279","0","158","2022-05-23T02:54:00.000Z","1653274440",
"2551","22b77d7829c68dcd","E2:1F:7B:35:CC:08","16.455696202531644","4","0.19290123456790123","1","158","2022-05-23T02:55:00.000Z","1653274500",
"2551","22b77d7829c68dcd","E2:1F:7B:35:CC:08","21.518987341772153","0","0.21114864864864866","0","158","2022-05-23T02:56:00.000Z","1653274560",
"2551","22b77d7829c68dcd","E2:1F:7B:35:CC:08","17.72151898734177","0","0.22321428571428573","0","158","2022-05-23T02:57:00.000Z","1653274620",
"2551","22b77d7829c68dcd","E2:1F:7B:35:CC:08","15.189873417721518","0","0.2403846153846154","0","158","2022-05-23T02:58:00.000Z","1653274680",
"2551","22b77d7829c68dcd","E2:1F:7B:35:CC:08","12.658227848101266","0","0.25614754098360654","0","158","2022-05-23T02:59:00.000Z","1653274740",
"2551","22b77d7829c68dcd","E2:1F:7B:35:CC:08","12.658227848101266","0","0.26939655172413796","0","158","2022-05-23T03:00:00.000Z","1653274800",
"2551","22b77d7829c68dcd","E2:1F:7B:35:CC:08","11.39240506329114","0","0.2840909090909091","0","158","2022-05-23T03:01:00.000Z","1653274860",
"2551","22b77d7829c68dcd","E2:1F:7B:35:CC:08","10.126582278481013","0","0.3004807692307692","0","158","2022-05-23T03:02:00.000Z","1653274920",
"2551","22b77d7829c68dcd","E2:1F:7B:35:CC:08","10.126582278481013","0","0.3125","0","158","2022-05-23T03:03:00.000Z","1653274980",
"2551","22b77d7829c68dcd","E2:1F:7B:35:CC:08","11.39240506329114","0","0.3324468085106383","0","158","2022-05-23T03:04:00.000Z","1653275040",
"2551","22b77d7829c68dcd","E2:1F:7B:35:CC:08","11.39240506329114","0","0.3472222222222222","0","158","2022-05-23T03:05:00.000Z","1653275100",
"2551","22b77d7829c68dcd","E2:1F:7B:35:CC:08","15.189873417721518","1","0.37202380952380953","0","158","2022-05-23T03:06:00.000Z","1653275160",
"2551","22b77d7829c68dcd","E2:1F:7B:35:CC:08","13.924050632911392","0","0.390625","0","158","2022-05-23T03:07:00.000Z","1653275220",
"2551","22b77d7829c68dcd","E2:1F:7B:35:CC:08","31.645569620253166","3","0.40064102564102566","1","158","2022-05-23T03:08:00.000Z","1653275280",
"2551","22b77d7829c68dcd","E2:1F:7B:35:CC:08","37.9746835443038","1","0.16108247422680413","0","158","2022-05-23T03:09:00.000Z","1653275340",
"2551","22b77d7829c68dcd","E2:1F:7B:35:CC:08","93.67088607594937","8","0.24801587301587302","0","158","2022-05-23T03:10:00.000Z","1653275400",
"2551","22b77d7829c68dcd","E2:1F:7B:35:CC:08","68.35443037974683","5","0.15782828282828282","0","158","2022-05-23T03:11:00.000Z","1653275460",
"2551","22b77d7829c68dcd","E2:1F:7B:35:CC:08","46.835443037974684","4","0.19290123456790123","0","158","2022-05-23T03:12:00.000Z","1653275520",
"2551","22b77d7829c68dcd","E2:1F:7B:35:CC:08","40.50632911392405","6","0.22644927536231885","0","158","2022-05-23T03:13:00.000Z","1653275580",
"2551","22b77d7829c68dcd","E2:1F:7B:35:CC:08","37.9746835443038","1","0.2403846153846154","0","158","2022-05-23T03:14:00.000Z","1653275640",
"2551","22b77d7829c68dcd","E2:1F:7B:35:CC:08","44.30379746835443","5","0.25614754098360654","0","158","2022-05-23T03:15:00.000Z","1653275700",
"2551","22b77d7829c68dcd","E2:1F:7B:35:CC:08","44.30379746835443","3","0.2648305084745763","0","158","2022-05-23T03:16:00.000Z","1653275760",
"2551","22b77d7829c68dcd","E2:1F:7B:35:CC:08","48.10126582278481","5","0.3125","0","158","2022-05-23T03:17:00.000Z","1653275820",
"2551","22b77d7829c68dcd","E2:1F:7B:35:CC:08","58.22784810126582","6","0.30637254901960786","0","158","2022-05-23T03:18:00.000Z","1653275880",
"2551","22b77d7829c68dcd","E2:1F:7B:35:CC:08","56.962025316455694","6","0.30637254901960786","0","158","2022-05-23T03:19:00.000Z","1653275940",
"2551","22b77d7829c68dcd","E2:1F:7B:35:CC:08","46.835443037974684","4","0.3125","0","158","2022-05-23T03:20:00.000Z","1653276000",
"2551","22b77d7829c68dcd","E2:1F:7B:35:CC:08","48.10126582278481","6","0.2403846153846154","0","158","2022-05-23T03:21:00.000Z","1653276060",
"2551","22b77d7829c68dcd","E2:1F:7B:35:CC:08","79.74683544303798","8","0.31887755102040816","0","158","2022-05-23T03:22:00.000Z","1653276120",
"2551","22b77d7829c68dcd","E2:1F:7B:35:CC:08","58.22784810126582","8","0.3472222222222222","0","158","2022-05-23T03:23:00.000Z","1653276180",
"2551","22b77d7829c68dcd","E2:1F:7B:35:CC:08","51.89873417721519","7","0.37202380952380953","0","158","2022-05-23T03:24:00.000Z","1653276240",
"2551","22b77d7829c68dcd","E2:1F:7B:35:CC:08","50.63291139240506","6","0.40064102564102566","0","158","2022-05-23T03:25:00.000Z","1653276300",
"2551","22b77d7829c68dcd","E2:1F:7B:35:CC:08","46.835443037974684","7","0.41118421052631576","0","158","2022-05-23T03:26:00.000Z","1653276360",
"2551","22b77d7829c68dcd","E2:1F:7B:35:CC:08","34.177215189873415","2","0.4222972972972973","0","158","2022-05-23T03:27:00.000Z","1653276420",
"2551","22b77d7829c68dcd","E2:1F:7B:35:CC:08","35.44303797468354","7","0.45955882352941174","0","158","2022-05-23T03:28:00.000Z","1653276480",
"2551","22b77d7829c68dcd","E2:1F:7B:35:CC:08","34.177215189873415","4","0.4734848484848485","0","158","2022-05-23T03:29:00.000Z","1653276540",
"2551","22b77d7829c68dcd","E2:1F:7B:35:CC:08","34.177215189873415","5","0.5040322580645161","0","158","2022-05-23T03:30:00.000Z","1653276600",
"2551","22b77d7829c68dcd","E2:1F:7B:35:CC:08","39.24050632911393","7","0.5580357142857143","0","158","2022-05-23T03:31:00.000Z","1653276660",
"2551","22b77d7829c68dcd","E2:1F:7B:35:CC:08","39.24050632911393","3","0.5580357142857143","0","158","2022-05-23T03:32:00.000Z","1653276720",
"2551","22b77d7829c68dcd","E2:1F:7B:35:CC:08","34.177215189873415","4","0.6009615384615384","0","158","2022-05-23T03:33:00.000Z","1653276780",
"2551","22b77d7829c68dcd","E2:1F:7B:35:CC:08","36.70886075949367","10","0.6510416666666666","0","158","2022-05-23T03:34:00.000Z","1653276840",
"2551","22b77d7829c68dcd","E2:1F:7B:35:CC:08","37.9746835443038","6","0.6510416666666666","0","158","2022-05-23T03:35:00.000Z","1653276900",
"2551","22b77d7829c68dcd","E2:1F:7B:35:CC:08","37.9746835443038","5","0.6793478260869565","0","158","2022-05-23T03:36:00.000Z","1653276960",
"2551","22b77d7829c68dcd","E2:1F:7B:35:CC:08","37.9746835443038","6","0.7102272727272727","0","158","2022-05-23T03:37:00.000Z","1653277020",
"2551","22b77d7829c68dcd","E2:1F:7B:35:CC:08","39.24050632911393","6","0.7440476190476191","0","158","2022-05-23T03:38:00.000Z","1653277080",
"2551","22b77d7829c68dcd","E2:1F:7B:35:CC:08","43.037974683544306","8","0.78125","0","158","2022-05-23T03:39:00.000Z","1653277140",
"2551","22b77d7829c68dcd","E2:1F:7B:35:CC:08","37.9746835443038","4","0.8223684210526315","0","158","2022-05-23T03:40:00.000Z","1653277200",
"2551","22b77d7829c68dcd","E2:1F:7B:35:CC:08","36.70886075949367","3","0.3472222222222222","0","158","2022-05-23T03:41:00.000Z","1653277260",
"2551","22b77d7829c68dcd","E2:1F:7B:35:CC:08","48.10126582278481","3","0.31887755102040816","0","158","2022-05-23T03:42:00.000Z","1653277320",
"2551","22b77d7829c68dcd","E2:1F:7B:35:CC:08","30.379746835443036","0","0.33967391304347827","0","158","2022-05-23T03:43:00.000Z","1653277380",
"2551","22b77d7829c68dcd","E2:1F:7B:35:CC:08","18.9873417721519","1","0.40064102564102566","2","158","2022-05-23T03:44:00.000Z","1653277440",
"2551","22b77d7829c68dcd","E2:1F:7B:35:CC:08","12.658227848101266","0","0.4222972972972973","0","158","2022-05-23T03:45:00.000Z","1653277500",
"2551","22b77d7829c68dcd","E2:1F:7B:35:CC:08","10.126582278481013","0","0.41118421052631576","0","158","2022-05-23T03:46:00.000Z","1653277560",
"2551","22b77d7829c68dcd","E2:1F:7B:35:CC:08","11.39240506329114","0","0.4340277777777778","0","158","2022-05-23T03:47:00.000Z","1653277620",
"2551","22b77d7829c68dcd","E2:1F:7B:35:CC:08","12.658227848101266","0","0.41118421052631576","0","158","2022-05-23T03:48:00.000Z","1653277680",
"2551","22b77d7829c68dcd","E2:1F:7B:35:CC:08","26.582278481012658","2","0.3004807692307692","1","158","2022-05-23T03:49:00.000Z","1653277740",
"2551","22b77d7829c68dcd","E2:1F:7B:35:CC:08","20.253164556962027","0","0.31887755102040816","0","158","2022-05-23T03:50:00.000Z","1653277800",
"2551","22b77d7829c68dcd","E2:1F:7B:35:CC:08","11.39240506329114","0","0.244140625","0","158","2022-05-23T03:51:00.000Z","1653277860",
"2551","22b77d7829c68dcd","E2:1F:7B:35:CC:08","40.50632911392405","3","0.28935185185185186","0","158","2022-05-23T03:52:00.000Z","1653277920",
"2551","22b77d7829c68dcd","E2:1F:7B:35:CC:08","16.455696202531644","0","0.28935185185185186","0","158","2022-05-23T03:53:00.000Z","1653277980",
"2551","22b77d7829c68dcd","E2:1F:7B:35:CC:08","8.860759493670885","0","0.28935185185185186","0","158","2022-05-23T03:54:00.000Z","1653278040",
"2551","22b77d7829c68dcd","E2:1F:7B:35:CC:08","10.126582278481013","0","0.3004807692307692","0","158","2022-05-23T03:55:00.000Z","1653278100",
"2551","22b77d7829c68dcd","E2:1F:7B:35:CC:08","10.126582278481013","0","0.28935185185185186","0","158","2022-05-23T03:56:00.000Z","1653278160",
"2551","22b77d7829c68dcd","E2:1F:7B:35:CC:08","10.126582278481013","0","0.28935185185185186","0","158","2022-05-23T03:57:00.000Z","1653278220",
"2551","22b77d7829c68dcd","E2:1F:7B:35:CC:08","7.594936708860759","0","0.2840909090909091","0","158","2022-05-23T03:58:00.000Z","1653278280",
"2551","22b77d7829c68dcd","E2:1F:7B:35:CC:08","24.050632911392405","0","0.26939655172413796","0","158","2022-05-23T03:59:00.000Z","1653278340",
"2551","22b77d7829c68dcd","E2:1F:7B:35:CC:08","12.658227848101266","0","0.2648305084745763","0","158","2022-05-23T04:00:00.000Z","1653278400",
"2551","22b77d7829c68dcd","E2:1F:7B:35:CC:08","7.594936708860759","0","0.2604166666666667","0","158","2022-05-23T04:01:00.000Z","1653278460",
"2551","22b77d7829c68dcd","E2:1F:7B:35:CC:08","5.063291139240507","0","0.2604166666666667","0","158","2022-05-23T04:02:00.000Z","1653278520",
"2551","22b77d7829c68dcd","E2:1F:7B:35:CC:08","3.7974683544303796","0","0.2604166666666667","0","158","2022-05-23T04:03:00.000Z","1653278580",
"2551","22b77d7829c68dcd","E2:1F:7B:35:CC:08","6.329113924050633","0","0.25614754098360654","0","158","2022-05-23T04:04:00.000Z","1653278640",
"2551","22b77d7829c68dcd","E2:1F:7B:35:CC:08","5.063291139240507","0","0.25614754098360654","0","158","2022-05-23T04:05:00.000Z","1653278700",
"2551","22b77d7829c68dcd","E2:1F:7B:35:CC:08","3.7974683544303796","0","0.25201612903225806","0","158","2022-05-23T04:06:00.000Z","1653278760",
"2551","22b77d7829c68dcd","E2:1F:7B:35:CC:08","3.7974683544303796","0","0.22321428571428573","0","158","2022-05-23T04:07:00.000Z","1653278820",
"2551","22b77d7829c68dcd","E2:1F:7B:35:CC:08","10.126582278481013","0","0.22644927536231885","0","158","2022-05-23T04:08:00.000Z","1653278880",
"2551","22b77d7829c68dcd","E2:1F:7B:35:CC:08","10.126582278481013","0","0.22007042253521128","0","158","2022-05-23T04:09:00.000Z","1653278940",
"2551","22b77d7829c68dcd","E2:1F:7B:35:CC:08","10.126582278481013","0","0.22644927536231885","0","158","2022-05-23T04:10:00.000Z","1653279000",
"2551","22b77d7829c68dcd","E2:1F:7B:35:CC:08","8.860759493670885","0","0.22644927536231885","0","158","2022-05-23T04:11:00.000Z","1653279060",
"2551","22b77d7829c68dcd","E2:1F:7B:35:CC:08","11.39240506329114","0","0.23674242424242425","0","158","2022-05-23T04:12:00.000Z","1653279120",
"2551","22b77d7829c68dcd","E2:1F:7B:35:CC:08","13.924050632911392","1","0.24801587301587302","0","158","2022-05-23T04:13:00.000Z","1653279180",
"2551","22b77d7829c68dcd","E2:1F:7B:35:CC:08","13.924050632911392","1","0.25614754098360654","0","158","2022-05-23T04:14:00.000Z","1653279240",
"2551","22b77d7829c68dcd","E2:1F:7B:35:CC:08","17.72151898734177","2","0.2648305084745763","0","158","2022-05-23T04:15:00.000Z","1653279300",
"2551","22b77d7829c68dcd","E2:1F:7B:35:CC:08","22.78481012658228","2","0.26939655172413796","0","158","2022-05-23T04:16:00.000Z","1653279360",
"2551","22b77d7829c68dcd","E2:1F:7B:35:CC:08","31.645569620253166","4","0.28935185185185186","0","158","2022-05-23T04:17:00.000Z","1653279420",
"2551","22b77d7829c68dcd","E2:1F:7B:35:CC:08","44.30379746835443","4","0.294811320754717","0","158","2022-05-23T04:18:00.000Z","1653279480",
"2551","22b77d7829c68dcd","E2:1F:7B:35:CC:08","39.24050632911393","2","0.294811320754717","2","158","2022-05-23T04:19:00.000Z","1653279540",
"2551","22b77d7829c68dcd","E2:1F:7B:35:CC:08","44.30379746835443","4","0.33967391304347827","0","158","2022-05-23T04:20:00.000Z","1653279600",
"2551","22b77d7829c68dcd","E2:1F:7B:35:CC:08","20.253164556962027","0","0.35511363636363635","0","158","2022-05-23T04:21:00.000Z","1653279660",
"2551","22b77d7829c68dcd","E2:1F:7B:35:CC:08","16.455696202531644","5","0.1717032967032967","0","158","2022-05-23T04:22:00.000Z","1653279720",
"2551","22b77d7829c68dcd","E2:1F:7B:35:CC:08","21.518987341772153","0","0.17959770114942528","0","158","2022-05-23T04:23:00.000Z","1653279780",
"2551","22b77d7829c68dcd","E2:1F:7B:35:CC:08","15.189873417721518","0","0.1816860465116279","0","158","2022-05-23T04:24:00.000Z","1653279840",
"2551","22b77d7829c68dcd","E2:1F:7B:35:CC:08","36.70886075949367","5","0.31887755102040816","0","158","2022-05-23T04:25:00.000Z","1653279900",
"2551","22b77d7829c68dcd","E2:1F:7B:35:CC:08","29.11392405063291","0","0.35511363636363635","0","158","2022-05-23T04:26:00.000Z","1653279960",
"2551","22b77d7829c68dcd","E2:1F:7B:35:CC:08","18.9873417721519","0","0.38109756097560976","0","158","2022-05-23T04:27:00.000Z","1653280020",
"2551","22b77d7829c68dcd","E2:1F:7B:35:CC:08","13.924050632911392","0","0.40064102564102566","0","158","2022-05-23T04:28:00.000Z","1653280080",
"2551","22b77d7829c68dcd","E2:1F:7B:35:CC:08","10.126582278481013","0","0.4222972972972973","0","158","2022-05-23T04:29:00.000Z","1653280140",
"2551","22b77d7829c68dcd","E2:1F:7B:35:CC:08","8.860759493670885","0","0.4340277777777778","0","158","2022-05-23T04:30:00.000Z","1653280200",
"2551","22b77d7829c68dcd","E2:1F:7B:35:CC:08","7.594936708860759","0","0.3472222222222222","1","158","2022-05-23T04:31:00.000Z","1653280260",
"2551","22b77d7829c68dcd","E2:1F:7B:35:CC:08","20.253164556962027","2","0.37202380952380953","0","158","2022-05-23T04:32:00.000Z","1653280320",
"2551","22b77d7829c68dcd","E2:1F:7B:35:CC:08","44.30379746835443","1","0.31887755102040816","1","158","2022-05-23T04:33:00.000Z","1653280380",
"2551","22b77d7829c68dcd","E2:1F:7B:35:CC:08","21.518987341772153","0","0.3255208333333333","0","158","2022-05-23T04:34:00.000Z","1653280440",
"2551","22b77d7829c68dcd","E2:1F:7B:35:CC:08","8.860759493670885","0","0.3324468085106383","0","158","2022-05-23T04:35:00.000Z","1653280500",
"2551","22b77d7829c68dcd","E2:1F:7B:35:CC:08","5.063291139240507","0","0.33967391304347827","0","158","2022-05-23T04:36:00.000Z","1653280560",
"2551","22b77d7829c68dcd","E2:1F:7B:35:CC:08","3.7974683544303796","0","0.33967391304347827","0","158","2022-05-23T04:37:00.000Z","1653280620",
"2551","22b77d7829c68dcd","E2:1F:7B:35:CC:08","2.5316455696202533","0","0.3472222222222222","0","158","2022-05-23T04:38:00.000Z","1653280680",
"2551","22b77d7829c68dcd","E2:1F:7B:35:CC:08","2.5316455696202533","0","0.3472222222222222","0","158","2022-05-23T04:39:00.000Z","1653280740",
"2551","22b77d7829c68dcd","E2:1F:7B:35:CC:08","2.5316455696202533","0","0.28935185185185186","0","158","2022-05-23T04:40:00.000Z","1653280800",
"2551","22b77d7829c68dcd","E2:1F:7B:35:CC:08","17.72151898734177","2","0.22007042253521128","0","158","2022-05-23T04:41:00.000Z","1653280860",
"2551","22b77d7829c68dcd","E2:1F:7B:35:CC:08","15.189873417721518","0","0.22977941176470587","0","158","2022-05-23T04:42:00.000Z","1653280920",
"2551","22b77d7829c68dcd","E2:1F:7B:35:CC:08","10.126582278481013","0","0.2403846153846154","0","158","2022-05-23T04:43:00.000Z","1653280980",
"2551","22b77d7829c68dcd","E2:1F:7B:35:CC:08","7.594936708860759","0","0.22007042253521128","0","158","2022-05-23T04:44:00.000Z","1653281040",
"2551","22b77d7829c68dcd","E2:1F:7B:35:CC:08","12.658227848101266","0","0.2403846153846154","0","158","2022-05-23T04:45:00.000Z","1653281100",
"2551","22b77d7829c68dcd","E2:1F:7B:35:CC:08","15.189873417721518","0","0.244140625","0","158","2022-05-23T04:46:00.000Z","1653281160",
"2551","22b77d7829c68dcd","E2:1F:7B:35:CC:08","8.860759493670885","0","0.244140625","0","158","2022-05-23T04:47:00.000Z","1653281220",
"2551","22b77d7829c68dcd","E2:1F:7B:35:CC:08","5.063291139240507","0","0.25201612903225806","0","158","2022-05-23T04:48:00.000Z","1653281280",
"2551","22b77d7829c68dcd","E2:1F:7B:35:CC:08","6.329113924050633","0","0.25201612903225806","0","158","2022-05-23T04:49:00.000Z","1653281340",
"2551","22b77d7829c68dcd","E2:1F:7B:35:CC:08","22.78481012658228","1","0.22977941176470587","0","158","2022-05-23T04:50:00.000Z","1653281400",
"2551","22b77d7829c68dcd","E2:1F:7B:35:CC:08","16.455696202531644","0","0.23674242424242425","0","158","2022-05-23T04:51:00.000Z","1653281460",
"2551","22b77d7829c68dcd","E2:1F:7B:35:CC:08","7.594936708860759","0","0.2403846153846154","0","158","2022-05-23T04:52:00.000Z","1653281520",
"2551","22b77d7829c68dcd","E2:1F:7B:35:CC:08","16.455696202531644","4","0.24801587301587302","0","158","2022-05-23T04:53:00.000Z","1653281580",
"2551","22b77d7829c68dcd","E2:1F:7B:35:CC:08","18.9873417721519","0","0.26939655172413796","0","158","2022-05-23T04:54:00.000Z","1653281640",
"2551","22b77d7829c68dcd","E2:1F:7B:35:CC:08","8.860759493670885","0","0.2741228070175439","0","158","2022-05-23T04:55:00.000Z","1653281700",
"2551","22b77d7829c68dcd","E2:1F:7B:35:CC:08","5.063291139240507","0","0.27901785714285715","0","158","2022-05-23T04:56:00.000Z","1653281760",
"2551","22b77d7829c68dcd","E2:1F:7B:35:CC:08","2.5316455696202533","0","0.2840909090909091","0","158","2022-05-23T04:57:00.000Z","1653281820",
"2551","22b77d7829c68dcd","E2:1F:7B:35:CC:08","2.5316455696202533","0","0.28935185185185186","0","158","2022-05-23T04:58:00.000Z","1653281880",
"2551","22b77d7829c68dcd","E2:1F:7B:35:CC:08","2.5316455696202533","0","0.28935185185185186","0","158","2022-05-23T04:59:00.000Z","1653281940",
"2551","22b77d7829c68dcd","E2:1F:7B:35:CC:08","2.5316455696202533","0","0.294811320754717","0","158","2022-05-23T05:00:00.000Z","1653282000",
"2551","22b77d7829c68dcd","E2:1F:7B:35:CC:08","5.063291139240507","0","0.28935185185185186","0","158","2022-05-23T05:01:00.000Z","1653282060",
"2551","22b77d7829c68dcd","E2:1F:7B:35:CC:08","20.253164556962027","2","0.22321428571428573","0","158","2022-05-23T05:02:00.000Z","1653282120",
"2551","22b77d7829c68dcd","E2:1F:7B:35:CC:08","34.177215189873415","0","0.244140625","0","158","2022-05-23T05:03:00.000Z","1653282180",
"2551","22b77d7829c68dcd","E2:1F:7B:35:CC:08","17.72151898734177","0","0.24801587301587302","0","158","2022-05-23T05:04:00.000Z","1653282240",
"2551","22b77d7829c68dcd","E2:1F:7B:35:CC:08","11.39240506329114","1","0.13706140350877194","1","158","2022-05-23T05:05:00.000Z","1653282300",
"2551","22b77d7829c68dcd","E2:1F:7B:35:CC:08","24.050632911392405","1","0.1502403846153846","0","158","2022-05-23T05:06:00.000Z","1653282360",
"2551","22b77d7829c68dcd","E2:1F:7B:35:CC:08","13.924050632911392","0","0.1488095238095238","0","158","2022-05-23T05:07:00.000Z","1653282420",
"2551","22b77d7829c68dcd","E2:1F:7B:35:CC:08","8.860759493670885","0","0.1474056603773585","0","158","2022-05-23T05:08:00.000Z","1653282480",
"2551","22b77d7829c68dcd","E2:1F:7B:35:CC:08","6.329113924050633","0","0.1502403846153846","0","158","2022-05-23T05:09:00.000Z","1653282540",
"2551","22b77d7829c68dcd","E2:1F:7B:35:CC:08","5.063291139240507","0","0.1502403846153846","0","158","2022-05-23T05:10:00.000Z","1653282600",
"2551","22b77d7829c68dcd","E2:1F:7B:35:CC:08","3.7974683544303796","0","0.15169902912621358","0","158","2022-05-23T05:11:00.000Z","1653282660",
"2551","22b77d7829c68dcd","E2:1F:7B:35:CC:08","5.063291139240507","0","0.15318627450980393","0","158","2022-05-23T05:12:00.000Z","1653282720",
"2551","22b77d7829c68dcd","E2:1F:7B:35:CC:08","5.063291139240507","0","0.1547029702970297","0","158","2022-05-23T05:13:00.000Z","1653282780",
"2551","22b77d7829c68dcd","E2:1F:7B:35:CC:08","5.063291139240507","0","0.15625","0","158","2022-05-23T05:14:00.000Z","1653282840",
"2551","22b77d7829c68dcd","E2:1F:7B:35:CC:08","5.063291139240507","0","0.15782828282828282","0","158","2022-05-23T05:15:00.000Z","1653282900",
"2551","22b77d7829c68dcd","E2:1F:7B:35:CC:08","5.063291139240507","0","0.16108247422680413","0","158","2022-05-23T05:16:00.000Z","1653282960",
"2551","22b77d7829c68dcd","E2:1F:7B:35:CC:08","5.063291139240507","0","0.16447368421052633","0","158","2022-05-23T05:17:00.000Z","1653283020",
"2551","22b77d7829c68dcd","E2:1F:7B:35:CC:08","3.7974683544303796","0","0.16622340425531915","0","158","2022-05-23T05:18:00.000Z","1653283080",
"2551","22b77d7829c68dcd","E2:1F:7B:35:CC:08","16.455696202531644","3","0.21404109589041095","0","158","2022-05-23T05:19:00.000Z","1653283140",
"2551","22b77d7829c68dcd","E2:1F:7B:35:CC:08","34.177215189873415","1","0.22977941176470587","0","158","2022-05-23T05:20:00.000Z","1653283200",
"2551","22b77d7829c68dcd","E2:1F:7B:35:CC:08","63.29113924050633","9","0.2741228070175439","1","158","2022-05-23T05:21:00.000Z","1653283260",
"2551","22b77d7829c68dcd","E2:1F:7B:35:CC:08","41.77215189873418","0","0.30637254901960786","0","158","2022-05-23T05:22:00.000Z","1653283320",
"2551","22b77d7829c68dcd","E2:1F:7B:35:CC:08","22.78481012658228","0","0.3255208333333333","0","158","2022-05-23T05:23:00.000Z","1653283380",
"2551","22b77d7829c68dcd","E2:1F:7B:35:CC:08","15.189873417721518","0","0.3472222222222222","0","158","2022-05-23T05:24:00.000Z","1653283440",
"2551","22b77d7829c68dcd","E2:1F:7B:35:CC:08","10.126582278481013","0","0.3633720930232558","0","158","2022-05-23T05:25:00.000Z","1653283500",
"2551","22b77d7829c68dcd","E2:1F:7B:35:CC:08","10.126582278481013","0","0.38109756097560976","0","158","2022-05-23T05:26:00.000Z","1653283560",
"2551","22b77d7829c68dcd","E2:1F:7B:35:CC:08","7.594936708860759","0","0.40064102564102566","0","158","2022-05-23T05:27:00.000Z","1653283620",
"2551","22b77d7829c68dcd","E2:1F:7B:35:CC:08","7.594936708860759","0","0.41118421052631576","0","158","2022-05-23T05:28:00.000Z","1653283680",
"2551","22b77d7829c68dcd","E2:1F:7B:35:CC:08","7.594936708860759","0","0.4340277777777778","0","158","2022-05-23T05:29:00.000Z","1653283740",
"2551","22b77d7829c68dcd","E2:1F:7B:35:CC:08","8.860759493670885","0","0.45955882352941174","0","158","2022-05-23T05:30:00.000Z","1653283800",
"2551","22b77d7829c68dcd","E2:1F:7B:35:CC:08","25.31645569620253","2","0.5208333333333334","0","158","2022-05-23T05:31:00.000Z","1653283860",
"2551","22b77d7829c68dcd","E2:1F:7B:35:CC:08","20.253164556962027","0","0.5580357142857143","0","158","2022-05-23T05:32:00.000Z","1653283920",
"2551","22b77d7829c68dcd","E2:1F:7B:35:CC:08","17.72151898734177","1","0.5580357142857143","0","158","2022-05-23T05:33:00.000Z","1653283980",
"2551","22b77d7829c68dcd","E2:1F:7B:35:CC:08","22.78481012658228","5","0.625","0","158","2022-05-23T05:34:00.000Z","1653284040",
"2551","22b77d7829c68dcd","E2:1F:7B:35:CC:08","27.848101265822784","3","0.4340277777777778","1","158","2022-05-23T05:35:00.000Z","1653284100",
"2551","22b77d7829c68dcd","E2:1F:7B:35:CC:08","25.31645569620253","0","0.40064102564102566","0","158","2022-05-23T05:36:00.000Z","1653284160",
"2551","22b77d7829c68dcd","E2:1F:7B:35:CC:08","21.518987341772153","0","0.40064102564102566","0","158","2022-05-23T05:37:00.000Z","1653284220",
"2551","22b77d7829c68dcd","E2:1F:7B:35:CC:08","15.189873417721518","0","0.38109756097560976","0","158","2022-05-23T05:38:00.000Z","1653284280",
"2551","22b77d7829c68dcd","E2:1F:7B:35:CC:08","10.126582278481013","0","0.38109756097560976","0","158","2022-05-23T05:39:00.000Z","1653284340",
"2551","22b77d7829c68dcd","E2:1F:7B:35:CC:08","7.594936708860759","0","0.38109756097560976","0","158","2022-05-23T05:40:00.000Z","1653284400",
"2551","22b77d7829c68dcd","E2:1F:7B:35:CC:08","8.860759493670885","1","0.3125","1","158","2022-05-23T05:41:00.000Z","1653284460",
"2551","22b77d7829c68dcd","E2:1F:7B:35:CC:08","15.189873417721518","0","0.3125","0","158","2022-05-23T05:42:00.000Z","1653284520",
"2551","22b77d7829c68dcd","E2:1F:7B:35:CC:08","12.658227848101266","0","0.3125","0","158","2022-05-23T05:43:00.000Z","1653284580",
"2551","22b77d7829c68dcd","E2:1F:7B:35:CC:08","5.063291139240507","0","0.3125","0","158","2022-05-23T05:44:00.000Z","1653284640",
"2551","22b77d7829c68dcd","E2:1F:7B:35:CC:08","5.063291139240507","1","0.30637254901960786","0","158","2022-05-23T05:45:00.000Z","1653284700",
"2551","22b77d7829c68dcd","E2:1F:7B:35:CC:08","29.11392405063291","1","0.3472222222222222","0","158","2022-05-23T05:46:00.000Z","1653284760",
"2551","22b77d7829c68dcd","E2:1F:7B:35:CC:08","16.455696202531644","0","0.3633720930232558","0","158","2022-05-23T05:47:00.000Z","1653284820",
"2551","22b77d7829c68dcd","E2:1F:7B:35:CC:08","11.39240506329114","0","0.38109756097560976","0","158","2022-05-23T05:48:00.000Z","1653284880",
"2551","22b77d7829c68dcd","E2:1F:7B:35:CC:08","8.860759493670885","0","0.40064102564102566","0","158","2022-05-23T05:49:00.000Z","1653284940",
"2551","22b77d7829c68dcd","E2:1F:7B:35:CC:08","7.594936708860759","0","0.4222972972972973","0","158","2022-05-23T05:50:00.000Z","1653285000",
"2551","22b77d7829c68dcd","E2:1F:7B:35:CC:08","8.860759493670885","0","0.4340277777777778","0","158","2022-05-23T05:51:00.000Z","1653285060",
"2551","22b77d7829c68dcd","E2:1F:7B:35:CC:08","12.658227848101266","2","0.26939655172413796","1","158","2022-05-23T05:52:00.000Z","1653285120",
"2551","22b77d7829c68dcd","E2:1F:7B:35:CC:08","13.924050632911392","0","0.2648305084745763","0","158","2022-05-23T05:53:00.000Z","1653285180",
"2551","22b77d7829c68dcd","E2:1F:7B:35:CC:08","10.126582278481013","0","0.25614754098360654","0","158","2022-05-23T05:54:00.000Z","1653285240",
"2551","22b77d7829c68dcd","E2:1F:7B:35:CC:08","34.177215189873415","5","0.21404109589041095","1","158","2022-05-23T05:55:00.000Z","1653285300",
"2551","22b77d7829c68dcd","E2:1F:7B:35:CC:08","51.89873417721519","2","0.2604166666666667","0","158","2022-05-23T05:56:00.000Z","1653285360",
"2551","22b77d7829c68dcd","E2:1F:7B:35:CC:08","39.24050632911393","0","0.3004807692307692","0","158","2022-05-23T05:57:00.000Z","1653285420",
"2551","22b77d7829c68dcd","E2:1F:7B:35:CC:08","25.31645569620253","0","0.3255208333333333","0","158","2022-05-23T05:58:00.000Z","1653285480",
"2551","22b77d7829c68dcd","E2:1F:7B:35:CC:08","16.455696202531644","0","0.3472222222222222","0","158","2022-05-23T05:59:00.000Z","1653285540",
"2551","22b77d7829c68dcd","E2:1F:7B:35:CC:08","11.39240506329114","0","0.3633720930232558","0","158","2022-05-23T06:00:00.000Z","1653285600",
"2551","22b77d7829c68dcd","E2:1F:7B:35:CC:08","25.31645569620253","2","0.37202380952380953","1","158","2022-05-23T06:01:00.000Z","1653285660",
"2551","22b77d7829c68dcd","E2:1F:7B:35:CC:08","24.050632911392405","0","0.40064102564102566","0","158","2022-05-23T06:02:00.000Z","1653285720",
"2551","22b77d7829c68dcd","E2:1F:7B:35:CC:08","13.924050632911392","0","0.4222972972972973","0","158","2022-05-23T06:03:00.000Z","1653285780",
"2551","22b77d7829c68dcd","E2:1F:7B:35:CC:08","7.594936708860759","0","0.4340277777777778","0","158","2022-05-23T06:04:00.000Z","1653285840",
"2551","22b77d7829c68dcd","E2:1F:7B:35:CC:08","6.329113924050633","0","0.25614754098360654","1","158","2022-05-23T06:05:00.000Z","1653285900",
"2551","22b77d7829c68dcd","E2:1F:7B:35:CC:08","35.44303797468354","1","0.20292207792207792","4","158","2022-05-23T06:06:00.000Z","1653285960",
"2551","22b77d7829c68dcd","E2:1F:7B:35:CC:08","29.11392405063291","1","0.17755681818181818","0","158","2022-05-23T06:07:00.000Z","1653286020",
"2551","22b77d7829c68dcd","E2:1F:7B:35:CC:08","43.037974683544306","3","0.27901785714285715","0","158","2022-05-23T06:08:00.000Z","1653286080",
"2551","22b77d7829c68dcd","E2:1F:7B:35:CC:08","25.31645569620253","0","0.2604166666666667","0","158","2022-05-23T06:09:00.000Z","1653286140",
"2551","22b77d7829c68dcd","E2:1F:7B:35:CC:08","31.645569620253166","4","0.17959770114942528","0","158","2022-05-23T06:10:00.000Z","1653286200",
"2551","22b77d7829c68dcd","E2:1F:7B:35:CC:08","16.455696202531644","0","0.18825301204819278","0","158","2022-05-23T06:11:00.000Z","1653286260",
"2551","22b77d7829c68dcd","E2:1F:7B:35:CC:08","13.924050632911392","0","0.1953125","0","158","2022-05-23T06:12:00.000Z","1653286320",
"2551","22b77d7829c68dcd","E2:1F:7B:35:CC:08","13.924050632911392","0","0.20559210526315788","0","158","2022-05-23T06:13:00.000Z","1653286380",
"2551","22b77d7829c68dcd","E2:1F:7B:35:CC:08","20.253164556962027","0","0.22321428571428573","0","158","2022-05-23T06:14:00.000Z","1653286440",
"2551","22b77d7829c68dcd","E2:1F:7B:35:CC:08","16.455696202531644","0","0.22977941176470587","0","158","2022-05-23T06:15:00.000Z","1653286500",
"2551","22b77d7829c68dcd","E2:1F:7B:35:CC:08","8.860759493670885","0","0.2332089552238806","0","158","2022-05-23T06:16:00.000Z","1653286560",
"2551","22b77d7829c68dcd","E2:1F:7B:35:CC:08","5.063291139240507","0","0.23674242424242425","0","158","2022-05-23T06:17:00.000Z","1653286620",
"2551","22b77d7829c68dcd","E2:1F:7B:35:CC:08","5.063291139240507","0","0.2403846153846154","0","158","2022-05-23T06:18:00.000Z","1653286680",
"2551","22b77d7829c68dcd","E2:1F:7B:35:CC:08","5.063291139240507","0","0.16801075268817203","1","158","2022-05-23T06:19:00.000Z","1653286740",
"2551","22b77d7829c68dcd","E2:1F:7B:35:CC:08","67.0886075949367","4","0.20292207792207792","0","158","2022-05-23T06:20:00.000Z","1653286800",
"2551","22b77d7829c68dcd","E2:1F:7B:35:CC:08","26.582278481012658","0","0.20559210526315788","0","158","2022-05-23T06:21:00.000Z","1653286860",
"2551","22b77d7829c68dcd","E2:1F:7B:35:CC:08","8.860759493670885","0","0.20559210526315788","0","158","2022-05-23T06:22:00.000Z","1653286920",
"2551","22b77d7829c68dcd","E2:1F:7B:35:CC:08","5.063291139240507","0","0.20559210526315788","0","158","2022-05-23T06:23:00.000Z","1653286980",
"2551","22b77d7829c68dcd","E2:1F:7B:35:CC:08","3.7974683544303796","0","0.20559210526315788","0","158","2022-05-23T06:24:00.000Z","1653287040",
"2551","22b77d7829c68dcd","E2:1F:7B:35:CC:08","3.7974683544303796","0","0.20559210526315788","0","158","2022-05-23T06:25:00.000Z","1653287100",
"2551","22b77d7829c68dcd","E2:1F:7B:35:CC:08","3.7974683544303796","0","0.20559210526315788","0","158","2022-05-23T06:26:00.000Z","1653287160",
"2551","22b77d7829c68dcd","E2:1F:7B:35:CC:08","3.7974683544303796","0","0.20559210526315788","0","158","2022-05-23T06:27:00.000Z","1653287220",
"2551","22b77d7829c68dcd","E2:1F:7B:35:CC:08","18.9873417721519","3","0.1174812030075188","0","158","2022-05-23T06:28:00.000Z","1653287280",
"2551","22b77d7829c68dcd","E2:1F:7B:35:CC:08","49.056603773584904","9","0.10016025641025642","0","159","2022-05-23T06:40:00.000Z","1653288000",
"2551","22b77d7829c68dcd","E2:1F:7B:35:CC:08","52.83018867924528","1","0.1166044776119403","0","159","2022-05-23T06:41:00.000Z","1653288060",
"2551","22b77d7829c68dcd","E2:1F:7B:35:CC:08","36.477987421383645","0","0.13241525423728814","0","159","2022-05-23T06:42:00.000Z","1653288120",
"2551","22b77d7829c68dcd","E2:1F:7B:35:CC:08","27.67295597484277","0","0.14602803738317757","0","159","2022-05-23T06:43:00.000Z","1653288180",
"2551","22b77d7829c68dcd","E2:1F:7B:35:CC:08","36.477987421383645","1","0.13950892857142858","1","159","2022-05-23T06:44:00.000Z","1653288240",
"2551","22b77d7829c68dcd","E2:1F:7B:35:CC:08","33.9622641509434","0","0.13241525423728814","0","159","2022-05-23T06:47:00.000Z","1653288420",
"2551","22b77d7829c68dcd","E2:1F:7B:35:CC:08","18.867924528301888","1","0.09827044025157233","0","159","2022-05-23T06:48:00.000Z","1653288480",
"2551","22b77d7829c68dcd","E2:1F:7B:35:CC:08","13.836477987421384","0","0.11322463768115942","0","159","2022-05-23T06:49:00.000Z","1653288540",
"2551","22b77d7829c68dcd","E2:1F:7B:35:CC:08","12.578616352201259","1","0.13020833333333334","1","159","2022-05-23T06:50:00.000Z","1653288600",
"2551","22b77d7829c68dcd","E2:1F:7B:35:CC:08","37.735849056603776","4","0.16108247422680413","0","159","2022-05-23T06:51:00.000Z","1653288660",
"2551","22b77d7829c68dcd","E2:1F:7B:35:CC:08","28.930817610062892","0","0.17755681818181818","0","159","2022-05-23T06:52:00.000Z","1653288720",
"2551","22b77d7829c68dcd","E2:1F:7B:35:CC:08","20.12578616352201","0","0.18825301204819278","0","159","2022-05-23T06:53:00.000Z","1653288780",
"2551","22b77d7829c68dcd","E2:1F:7B:35:CC:08","15.09433962264151","0","0.16276041666666666","2","159","2022-05-23T06:54:00.000Z","1653288840",
"2551","22b77d7829c68dcd","E2:1F:7B:35:CC:08","36.477987421383645","8","0.1736111111111111","0","159","2022-05-23T06:55:00.000Z","1653288900",
"2551","22b77d7829c68dcd","E2:1F:7B:35:CC:08","36.477987421383645","1","0.15943877551020408","0","159","2022-05-23T06:56:00.000Z","1653288960",
"2551","22b77d7829c68dcd","E2:1F:7B:35:CC:08","31.446540880503143","2","0.21114864864864866","1","159","2022-05-23T06:57:00.000Z","1653289020",
"2551","22b77d7829c68dcd","E2:1F:7B:35:CC:08","38.9937106918239","4","0.18825301204819278","1","159","2022-05-23T06:58:00.000Z","1653289080",
"2551","22b77d7829c68dcd","E2:1F:7B:35:CC:08","30.18867924528302","0","0.16983695652173914","0","159","2022-05-23T06:59:00.000Z","1653289140",
"2551","22b77d7829c68dcd","E2:1F:7B:35:CC:08","31.446540880503143","3","0.16622340425531915","5","159","2022-05-23T07:00:00.000Z","1653289200",
"2551","22b77d7829c68dcd","E2:1F:7B:35:CC:08","33.9622641509434","5","0.09412650602409639","9","159","2022-05-23T07:01:00.000Z","1653289260",
"2551","22b77d7829c68dcd","E2:1F:7B:35:CC:08","37.735849056603776","4","0.07070135746606335","4","159","2022-05-23T07:03:00.000Z","1653289380",
"2551","22b77d7829c68dcd","E2:1F:7B:35:CC:08","42.76729559748428","2","0.08355614973262032","1","159","2022-05-23T07:10:00.000Z","1653289800",
"2551","22b77d7829c68dcd","E2:1F:7B:35:CC:08","80.50314465408805","6","0.08680555555555555","0","159","2022-05-23T07:22:00.000Z","1653290520",
"2551","22b77d7829c68dcd","E2:1F:7B:35:CC:08","79.24528301886792","5","0.07006726457399103","0","159","2022-05-23T07:23:00.000Z","1653290580",
"2551","22b77d7829c68dcd","E2:1F:7B:35:CC:08","100","8","0.09585889570552147","5","159","2022-05-23T07:24:00.000Z","1653290640",
"2551","22b77d7829c68dcd","E2:1F:7B:35:CC:08","72.95597484276729","8","0.10347682119205298","0","159","2022-05-23T07:36:00.000Z","1653291360",
"2551","22b77d7829c68dcd","E2:1F:7B:35:CC:08","56.60377358490566","8","0.11160714285714286","0","159","2022-05-23T07:39:00.000Z","1653291540",
"2551","22b77d7829c68dcd","E2:1F:7B:35:CC:08","70.44025157232704","8","0.09191176470588236","0","159","2022-05-23T07:40:00.000Z","1653291600",
"2551","22b77d7829c68dcd","E2:1F:7B:35:CC:08","61.63522012578616","0","0.06883259911894272","5","159","2022-05-23T07:41:00.000Z","1653291660",
"2551","22b77d7829c68dcd","E2:1F:7B:35:CC:08","66.66666666666667","7","0.08585164835164835","4","159","2022-05-23T07:42:00.000Z","1653291720",
"2551","22b77d7829c68dcd","E2:1F:7B:35:CC:08","65.40880503144655","4","0.06677350427350427","0","159","2022-05-23T07:43:00.000Z","1653291780",
"2551","22b77d7829c68dcd","E2:1F:7B:35:CC:08","62.893081761006286","6","0.11488970588235294","43","159","2022-05-23T07:48:00.000Z","1653292080",
"2551","22b77d7829c68dcd","E2:1F:7B:35:CC:08","61.63522012578616","7","0.10486577181208054","1","159","2022-05-23T07:50:00.000Z","1653292200",
"2551","22b77d7829c68dcd","E2:1F:7B:35:CC:08","67.9245283018868","7","0.10926573426573427","0","159","2022-05-23T07:51:00.000Z","1653292260",
"2551","22b77d7829c68dcd","E2:1F:7B:35:CC:08","64.15094339622641","2","0.0785175879396985","0","159","2022-05-23T07:52:00.000Z","1653292320",
"2551","22b77d7829c68dcd","E2:1F:7B:35:CC:08","100","9","0.1358695652173913","0","159","2022-05-23T07:53:00.000Z","1653292380",
"2551","22b77d7829c68dcd","E2:1F:7B:35:CC:08","80.50314465408805","4","0.13469827586206898","1","159","2022-05-23T07:54:00.000Z","1653292440",
"2551","22b77d7829c68dcd","E2:1F:7B:35:CC:08","59.119496855345915","4","0.125","0","159","2022-05-23T07:55:00.000Z","1653292500",
"2551","22b77d7829c68dcd","E2:1F:7B:35:CC:08","54.088050314465406","7","0.12913223140495866","1","159","2022-05-23T07:56:00.000Z","1653292560",
"2551","22b77d7829c68dcd","E2:1F:7B:35:CC:08","46.540880503144656","2","0.10926573426573427","0","159","2022-05-23T07:57:00.000Z","1653292620",
"2551","22b77d7829c68dcd","E2:1F:7B:35:CC:08","45.283018867924525","4","0.12303149606299213","0","159","2022-05-23T07:58:00.000Z","1653292680",
"2551","22b77d7829c68dcd","E2:1F:7B:35:CC:08","50.314465408805034","8","0.10775862068965517","0","159","2022-05-23T07:59:00.000Z","1653292740",
"2551","22b77d7829c68dcd","E2:1F:7B:35:CC:08","56.60377358490566","11","0.08180628272251309","2","159","2022-05-23T08:00:00.000Z","1653292800",
"2551","22b77d7829c68dcd","E2:1F:7B:35:CC:08","57.861635220125784","5","0.10080645161290322","1","159","2022-05-23T08:01:00.000Z","1653292860",
"2551","22b77d7829c68dcd","E2:1F:7B:35:CC:08","54.088050314465406","8","0.11927480916030535","0","159","2022-05-23T08:02:00.000Z","1653292920",
"2551","22b77d7829c68dcd","E2:1F:7B:35:CC:08","40.25157232704402","2","0.125","0","159","2022-05-23T08:03:00.000Z","1653292980",
"2551","22b77d7829c68dcd","E2:1F:7B:35:CC:08","32.704402515723274","0","0.15169902912621358","2","159","2022-05-23T08:04:00.000Z","1653293040",
"2551","22b77d7829c68dcd","E2:1F:7B:35:CC:08","37.735849056603776","0","0.15943877551020408","0","159","2022-05-23T08:05:00.000Z","1653293100",
"2551","22b77d7829c68dcd","E2:1F:7B:35:CC:08","47.79874213836478","2","0.19778481012658228","2","159","2022-05-23T08:06:00.000Z","1653293160",
"2551","22b77d7829c68dcd","E2:1F:7B:35:CC:08","56.60377358490566","6","0.13354700854700854","0","159","2022-05-23T08:07:00.000Z","1653293220",
"2551","22b77d7829c68dcd","E2:1F:7B:35:CC:08","59.119496855345915","0","0.7440476190476191","4","159","2022-05-23T08:08:00.000Z","1653293280",
"2551","22b77d7829c68dcd","E2:1F:7B:35:CC:08","100","1","0.3004807692307692","0","159","2022-05-23T08:09:00.000Z","1653293340",
"2551","22b77d7829c68dcd","E2:1F:7B:35:CC:08","65.40880503144655","1","0.48828125","2","159","2022-05-23T08:10:00.000Z","1653293400",
"2551","22b77d7829c68dcd","E2:1F:7B:35:CC:08","55.34591194968554","0","0.11488970588235294","0","159","2022-05-23T08:11:00.000Z","1653293460",
"2551","22b77d7829c68dcd","E2:1F:7B:35:CC:08","75.47169811320755","3","0.10347682119205298","1","159","2022-05-23T08:12:00.000Z","1653293520",
"2551","22b77d7829c68dcd","E2:1F:7B:35:CC:08","83.01886792452831","3","0.08054123711340207","1","159","2022-05-23T08:13:00.000Z","1653293580",
"2551","22b77d7829c68dcd","E2:1F:7B:35:CC:08","69.18238993710692","8","0.11081560283687943","0","159","2022-05-23T08:14:00.000Z","1653293640",
"2551","22b77d7829c68dcd","E2:1F:7B:35:CC:08","67.9245283018868","7","0.10146103896103896","2","159","2022-05-23T08:15:00.000Z","1653293700",
"2551","22b77d7829c68dcd","E2:1F:7B:35:CC:08","91.82389937106919","5","0.28935185185185186","0","159","2022-05-23T08:16:00.000Z","1653293760",
"2551","22b77d7829c68dcd","E2:1F:7B:35:CC:08","85.53459119496856","1","0.19054878048780488","1","159","2022-05-23T08:17:00.000Z","1653293820",
"2551","22b77d7829c68dcd","E2:1F:7B:35:CC:08","60.37735849056604","1","0.13241525423728814","0","159","2022-05-23T08:18:00.000Z","1653293880",
"2551","22b77d7829c68dcd","E2:1F:7B:35:CC:08","56.60377358490566","7","0.4222972972972973","5","159","2022-05-23T08:19:00.000Z","1653293940",
"2551","22b77d7829c68dcd","E2:1F:7B:35:CC:08","57.861635220125784","6","0.12112403100775193","0","159","2022-05-23T08:20:00.000Z","1653294000",
"2551","22b77d7829c68dcd","E2:1F:7B:35:CC:08","59.119496855345915","6","0.08680555555555555","4","159","2022-05-23T08:21:00.000Z","1653294060",
"2551","22b77d7829c68dcd","E2:1F:7B:35:CC:08","57.861635220125784","0","0.12600806451612903","1","159","2022-05-23T08:22:00.000Z","1653294120",
"2551","22b77d7829c68dcd","E2:1F:7B:35:CC:08","76.72955974842768","7","0.13950892857142858","0","159","2022-05-23T08:23:00.000Z","1653294180",
"2551","22b77d7829c68dcd","E2:1F:7B:35:CC:08","99.37106918238993","7","0.2332089552238806","0","159","2022-05-23T08:24:00.000Z","1653294240",
"2551","22b77d7829c68dcd","E2:1F:7B:35:CC:08","98.11320754716981","8","0.1547029702970297","0","159","2022-05-23T08:25:00.000Z","1653294300",
"2551","22b77d7829c68dcd","E2:1F:7B:35:CC:08","65.40880503144655","7","0.11160714285714286","0","159","2022-05-23T08:26:00.000Z","1653294360",
"2551","22b77d7829c68dcd","E2:1F:7B:35:CC:08","61.63522012578616","10","0.08585164835164835","0","159","2022-05-23T08:27:00.000Z","1653294420",
"2551","22b77d7829c68dcd","E2:1F:7B:35:CC:08","61.63522012578616","0","0.12600806451612903","0","159","2022-05-23T08:28:00.000Z","1653294480",
"2551","22b77d7829c68dcd","E2:1F:7B:35:CC:08","55.34591194968554","8","0.1502403846153846","1","159","2022-05-23T08:29:00.000Z","1653294540",
"2551","22b77d7829c68dcd","E2:1F:7B:35:CC:08","52.83018867924528","6","0.18601190476190477","2","159","2022-05-23T08:30:00.000Z","1653294600",
"2551","22b77d7829c68dcd","E2:1F:7B:35:CC:08","54.088050314465406","0","0.23674242424242425","9","159","2022-05-23T08:31:00.000Z","1653294660",
"2551","22b77d7829c68dcd","E2:1F:7B:35:CC:08","55.34591194968554","3","0.31887755102040816","0","159","2022-05-23T08:32:00.000Z","1653294720",
"2551","22b77d7829c68dcd","E2:1F:7B:35:CC:08","44.0251572327044","3","0.33967391304347827","1","159","2022-05-23T08:33:00.000Z","1653294780",
"2551","22b77d7829c68dcd","E2:1F:7B:35:CC:08","44.0251572327044","7","0.22977941176470587","0","159","2022-05-23T08:34:00.000Z","1653294840",
"2551","22b77d7829c68dcd","E2:1F:7B:35:CC:08","95.59748427672956","5","0.21404109589041095","2","159","2022-05-23T08:35:00.000Z","1653294900",
"2551","22b77d7829c68dcd","E2:1F:7B:35:CC:08","72.95597484276729","3","0.1717032967032967","0","159","2022-05-23T08:36:00.000Z","1653294960",
"2551","22b77d7829c68dcd","E2:1F:7B:35:CC:08","80.50314465408805","4","0.35511363636363635","4","159","2022-05-23T08:37:00.000Z","1653295020",
"2551","22b77d7829c68dcd","E2:1F:7B:35:CC:08","80.50314465408805","0","0.3324468085106383","0","159","2022-05-23T08:38:00.000Z","1653295080",
"2551","22b77d7829c68dcd","E2:1F:7B:35:CC:08","100","5","0.4734848484848485","0","159","2022-05-23T08:39:00.000Z","1653295140",
"2551","22b77d7829c68dcd","E2:1F:7B:35:CC:08","57.861635220125784","0","0.44642857142857145","0","159","2022-05-23T08:40:00.000Z","1653295200",
"2551","22b77d7829c68dcd","E2:1F:7B:35:CC:08","22.641509433962263","0","0.4340277777777778","0","159","2022-05-23T08:41:00.000Z","1653295260",
"2551","22b77d7829c68dcd","E2:1F:7B:35:CC:08","12.578616352201259","1","0.41118421052631576","0","159","2022-05-23T08:42:00.000Z","1653295320",
"2551","22b77d7829c68dcd","E2:1F:7B:35:CC:08","11.320754716981131","0","0.33967391304347827","0","159","2022-05-23T08:43:00.000Z","1653295380",
"2551","22b77d7829c68dcd","E2:1F:7B:35:CC:08","20.12578616352201","5","0.3472222222222222","2","159","2022-05-23T08:44:00.000Z","1653295440",
"2551","22b77d7829c68dcd","E2:1F:7B:35:CC:08","70.44025157232704","7","0.4734848484848485","2","159","2022-05-23T08:45:00.000Z","1653295500",
"2551","22b77d7829c68dcd","E2:1F:7B:35:CC:08","83.01886792452831","5","0.20559210526315788","1","159","2022-05-23T08:46:00.000Z","1653295560",
"2551","22b77d7829c68dcd","E2:1F:7B:35:CC:08","77.9874213836478","4","0.2332089552238806","2","159","2022-05-23T08:47:00.000Z","1653295620",
"2551","22b77d7829c68dcd","E2:1F:7B:35:CC:08","74.21383647798743","3","0.27901785714285715","1","159","2022-05-23T08:48:00.000Z","1653295680",
"2551","22b77d7829c68dcd","E2:1F:7B:35:CC:08","69.18238993710692","0","0.20559210526315788","0","159","2022-05-23T08:49:00.000Z","1653295740",
"2551","22b77d7829c68dcd","E2:1F:7B:35:CC:08","62.893081761006286","10","0.15782828282828282","2","159","2022-05-23T08:50:00.000Z","1653295800",
"2551","22b77d7829c68dcd","E2:1F:7B:35:CC:08","67.9245283018868","10","0.062250996015936255","4","159","2022-05-23T08:51:00.000Z","1653295860",
"2551","22b77d7829c68dcd","E2:1F:7B:35:CC:08","80.50314465408805","6","0.15318627450980393","1","159","2022-05-23T08:52:00.000Z","1653295920",
"2551","22b77d7829c68dcd","E2:1F:7B:35:CC:08","88.0503144654088","9","0.1816860465116279","0","159","2022-05-23T08:53:00.000Z","1653295980",
"2551","22b77d7829c68dcd","E2:1F:7B:35:CC:08","76.72955974842768","6","0.15318627450980393","0","159","2022-05-23T08:54:00.000Z","1653296040",
"2551","22b77d7829c68dcd","E2:1F:7B:35:CC:08","83.01886792452831","9","0.20032051282051283","0","159","2022-05-23T08:55:00.000Z","1653296100",
"2551","22b77d7829c68dcd","E2:1F:7B:35:CC:08","67.9245283018868","6","0.21404109589041095","0","159","2022-05-23T08:56:00.000Z","1653296160",
"2551","22b77d7829c68dcd","E2:1F:7B:35:CC:08","60.37735849056604","7","0.22977941176470587","0","159","2022-05-23T08:57:00.000Z","1653296220",
"2551","22b77d7829c68dcd","E2:1F:7B:35:CC:08","50.314465408805034","5","0.18382352941176472","1","159","2022-05-23T08:58:00.000Z","1653296280",
"2551","22b77d7829c68dcd","E2:1F:7B:35:CC:08","65.40880503144655","10","0.16276041666666666","0","159","2022-05-23T08:59:00.000Z","1653296340",
"2551","22b77d7829c68dcd","E2:1F:7B:35:CC:08","67.9245283018868","12","0.20032051282051283","0","159","2022-05-23T09:00:00.000Z","1653296400",
"2551","22b77d7829c68dcd","E2:1F:7B:35:CC:08","56.60377358490566","4","0.2170138888888889","0","159","2022-05-23T09:01:00.000Z","1653296460",
"2551","22b77d7829c68dcd","E2:1F:7B:35:CC:08","50.314465408805034","4","0.1717032967032967","0","159","2022-05-23T09:02:00.000Z","1653296520",
"2551","22b77d7829c68dcd","E2:1F:7B:35:CC:08","50.314465408805034","0","0.24801587301587302","0","159","2022-05-23T09:03:00.000Z","1653296580",
"2551","22b77d7829c68dcd","E2:1F:7B:35:CC:08","47.79874213836478","0","0.31887755102040816","1","159","2022-05-23T09:04:00.000Z","1653296640",
"2551","22b77d7829c68dcd","E2:1F:7B:35:CC:08","50.314465408805034","0","0.5040322580645161","1","159","2022-05-23T09:05:00.000Z","1653296700",
"2551","22b77d7829c68dcd","E2:1F:7B:35:CC:08","67.9245283018868","3","0.625","5","159","2022-05-23T09:06:00.000Z","1653296760",
"2551","22b77d7829c68dcd","E2:1F:7B:35:CC:08","76.72955974842768","0","0.38109756097560976","2","159","2022-05-23T09:07:00.000Z","1653296820",
"2551","22b77d7829c68dcd","E2:1F:7B:35:CC:08","100","4","0.44642857142857145","2","159","2022-05-23T09:08:00.000Z","1653296880",
"2551","22b77d7829c68dcd","E2:1F:7B:35:CC:08","100","10","0.4222972972972973","5","159","2022-05-23T09:09:00.000Z","1653296940",
"2551","22b77d7829c68dcd","E2:1F:7B:35:CC:08","100","5","0.3633720930232558","4","159","2022-05-23T09:10:00.000Z","1653297000",
"2551","22b77d7829c68dcd","E2:1F:7B:35:CC:08","100","5","0.390625","5","159","2022-05-23T09:11:00.000Z","1653297060",
"2551","22b77d7829c68dcd","E2:1F:7B:35:CC:08","100","6","0.2403846153846154","0","159","2022-05-23T09:12:00.000Z","1653297120",
"2551","22b77d7829c68dcd","E2:1F:7B:35:CC:08","100","4","0.21114864864864866","1","159","2022-05-23T09:13:00.000Z","1653297180",
"2551","22b77d7829c68dcd","E2:1F:7B:35:CC:08","100","0","1.0416666666666667","14","159","2022-05-23T09:14:00.000Z","1653297240",
"2551","22b77d7829c68dcd","E2:1F:7B:35:CC:08","100","0","0.40064102564102566","0","159","2022-05-23T09:15:00.000Z","1653297300",
"2551","22b77d7829c68dcd","E2:1F:7B:35:CC:08","95.59748427672956","0","0.22321428571428573","0","159","2022-05-23T09:16:00.000Z","1653297360",
"2551","22b77d7829c68dcd","E2:1F:7B:35:CC:08","46.540880503144656","0","0.20559210526315788","0","159","2022-05-23T09:17:00.000Z","1653297420",
"2551","22b77d7829c68dcd","E2:1F:7B:35:CC:08","44.0251572327044","4","0.14602803738317757","0","159","2022-05-23T09:18:00.000Z","1653297480",
"2551","22b77d7829c68dcd","E2:1F:7B:35:CC:08","67.9245283018868","13","0.22007042253521128","1","159","2022-05-23T09:19:00.000Z","1653297540",
"2551","22b77d7829c68dcd","E2:1F:7B:35:CC:08","75.47169811320755","8","0.4734848484848485","0","159","2022-05-23T09:20:00.000Z","1653297600",
"2551","22b77d7829c68dcd","E2:1F:7B:35:CC:08","65.40880503144655","4","0.4222972972972973","0","159","2022-05-23T09:21:00.000Z","1653297660",
"2551","22b77d7829c68dcd","E2:1F:7B:35:CC:08","100","7","0.3004807692307692","0","159","2022-05-23T09:22:00.000Z","1653297720",
"2551","22b77d7829c68dcd","E2:1F:7B:35:CC:08","100","5","1.5625","9","159","2022-05-23T09:25:00.000Z","1653297900",
"2551","22b77d7829c68dcd","E2:1F:7B:35:CC:08","98.11320754716981","0","1.5625","16","159","2022-05-23T09:26:00.000Z","1653297960",
"2551","22b77d7829c68dcd","E2:1F:7B:35:CC:08","100","5","1.2019230769230769","0","159","2022-05-23T09:27:00.000Z","1653298020",
"2551","22b77d7829c68dcd","E2:1F:7B:35:CC:08","100","5","0.9765625","2","159","2022-05-23T09:28:00.000Z","1653298080",
"2551","22b77d7829c68dcd","E2:1F:7B:35:CC:08","100","5","0.6793478260869565","1","159","2022-05-23T09:29:00.000Z","1653298140",
"2551","22b77d7829c68dcd","E2:1F:7B:35:CC:08","90.56603773584905","3","0.5580357142857143","0","159","2022-05-23T09:30:00.000Z","1653298200",
"2551","22b77d7829c68dcd","E2:1F:7B:35:CC:08","54.088050314465406","0","0.5208333333333334","0","159","2022-05-23T09:31:00.000Z","1653298260",
"2551","22b77d7829c68dcd","E2:1F:7B:35:CC:08","66.66666666666667","6","0.5580357142857143","1","159","2022-05-23T09:32:00.000Z","1653298320",
"2551","22b77d7829c68dcd","E2:1F:7B:35:CC:08","49.056603773584904","2","0.5208333333333334","0","159","2022-05-23T09:33:00.000Z","1653298380",
"2551","22b77d7829c68dcd","E2:1F:7B:35:CC:08","30.18867924528302","1","0.9191176470588235","1","159","2022-05-23T09:34:00.000Z","1653298440",
"2551","22b77d7829c68dcd","E2:1F:7B:35:CC:08","69.18238993710692","4","0.6009615384615384","0","159","2022-05-23T09:35:00.000Z","1653298500",
"2551","22b77d7829c68dcd","E2:1F:7B:35:CC:08","100","9","0.19054878048780488","0","159","2022-05-23T09:36:00.000Z","1653298560",
"2551","22b77d7829c68dcd","E2:1F:7B:35:CC:08","96.85534591194968","1","0.25201612903225806","0","159","2022-05-23T09:37:00.000Z","1653298620",
"2551","22b77d7829c68dcd","E2:1F:7B:35:CC:08","100","3","0.20559210526315788","0","159","2022-05-23T09:38:00.000Z","1653298680",
"2551","22b77d7829c68dcd","E2:1F:7B:35:CC:08","100","7","0.1953125","1","159","2022-05-23T09:39:00.000Z","1653298740",
"2551","22b77d7829c68dcd","E2:1F:7B:35:CC:08","100","9","0.21404109589041095","0","159","2022-05-23T09:40:00.000Z","1653298800",
"2551","22b77d7829c68dcd","E2:1F:7B:35:CC:08","100","5","0.2604166666666667","0","159","2022-05-23T09:41:00.000Z","1653298860",
"2551","22b77d7829c68dcd","E2:1F:7B:35:CC:08","100","3","0.2332089552238806","1","159","2022-05-23T09:42:00.000Z","1653298920",
"2551","22b77d7829c68dcd","E2:1F:7B:35:CC:08","79.24528301886792","5","0.26939655172413796","0","159","2022-05-23T09:43:00.000Z","1653298980",
"2551","22b77d7829c68dcd","E2:1F:7B:35:CC:08","64.15094339622641","2","0.30637254901960786","1","159","2022-05-23T09:44:00.000Z","1653299040",
"2551","22b77d7829c68dcd","E2:1F:7B:35:CC:08","85.53459119496856","8","0.17959770114942528","0","159","2022-05-23T09:45:00.000Z","1653299100",
"2551","22b77d7829c68dcd","E2:1F:7B:35:CC:08","75.47169811320755","8","0.17959770114942528","0","159","2022-05-23T09:46:00.000Z","1653299160",
"2551","22b77d7829c68dcd","E2:1F:7B:35:CC:08","76.72955974842768","6","0.13469827586206898","0","159","2022-05-23T09:47:00.000Z","1653299220",
"2551","22b77d7829c68dcd","E2:1F:7B:35:CC:08","88.0503144654088","0","0.1717032967032967","5","159","2022-05-23T09:48:00.000Z","1653299280",
"2551","22b77d7829c68dcd","E2:1F:7B:35:CC:08","100","12","0.2741228070175439","0","159","2022-05-23T09:49:00.000Z","1653299340",
"2551","22b77d7829c68dcd","E2:1F:7B:35:CC:08","100","8","0.2741228070175439","0","159","2022-05-23T09:50:00.000Z","1653299400",
"2551","22b77d7829c68dcd","E2:1F:7B:35:CC:08","70.44025157232704","2","0.30637254901960786","0","159","2022-05-23T09:51:00.000Z","1653299460",
"2551","22b77d7829c68dcd","E2:1F:7B:35:CC:08","93.08176100628931","6","0.20292207792207792","0","159","2022-05-23T09:52:00.000Z","1653299520",
"2551","22b77d7829c68dcd","E2:1F:7B:35:CC:08","95.59748427672956","10","0.21404109589041095","0","159","2022-05-23T09:53:00.000Z","1653299580",
"2551","22b77d7829c68dcd","E2:1F:7B:35:CC:08","61.63522012578616","3","0.3125","0","159","2022-05-23T09:55:00.000Z","1653299700",
"2551","22b77d7829c68dcd","E2:1F:7B:35:CC:08","45.283018867924525","0","0.13354700854700854","1","159","2022-05-23T09:56:00.000Z","1653299760",
"2551","22b77d7829c68dcd","E2:1F:7B:35:CC:08","35.22012578616352","1","0.5040322580645161","0","159","2022-05-23T09:57:00.000Z","1653299820",
"2551","22b77d7829c68dcd","E2:1F:7B:35:CC:08","35.22012578616352","8","0.2170138888888889","0","159","2022-05-23T09:58:00.000Z","1653299880",
"2551","22b77d7829c68dcd","E2:1F:7B:35:CC:08","36.477987421383645","3","0.294811320754717","0","159","2022-05-23T09:59:00.000Z","1653299940",
"2551","22b77d7829c68dcd","E2:1F:7B:35:CC:08","31.446540880503143","2","0.33967391304347827","0","159","2022-05-23T10:00:00.000Z","1653300000",
"2551","22b77d7829c68dcd","E2:1F:7B:35:CC:08","26.41509433962264","1","0.3633720930232558","0","159","2022-05-23T10:01:00.000Z","1653300060",
"2551","22b77d7829c68dcd","E2:1F:7B:35:CC:08","13.836477987421384","0","0.390625","0","159","2022-05-23T10:02:00.000Z","1653300120",
"2551","22b77d7829c68dcd","E2:1F:7B:35:CC:08","21.38364779874214","2","0.3633720930232558","0","159","2022-05-23T10:03:00.000Z","1653300180",
"2551","22b77d7829c68dcd","E2:1F:7B:35:CC:08","17.61006289308176","1","0.40064102564102566","0","159","2022-05-23T10:04:00.000Z","1653300240",
"2551","22b77d7829c68dcd","E2:1F:7B:35:CC:08","20.12578616352201","0","0.44642857142857145","0","159","2022-05-23T10:05:00.000Z","1653300300",
"2551","22b77d7829c68dcd","E2:1F:7B:35:CC:08","16.352201257861637","0","0.4222972972972973","0","159","2022-05-23T10:06:00.000Z","1653300360",
"2551","22b77d7829c68dcd","E2:1F:7B:35:CC:08","18.867924528301888","2","0.44642857142857145","4","159","2022-05-23T10:07:00.000Z","1653300420",
"2551","22b77d7829c68dcd","E2:1F:7B:35:CC:08","25.157232704402517","3","0.3324468085106383","5","159","2022-05-23T10:08:00.000Z","1653300480",
"2551","22b77d7829c68dcd","E2:1F:7B:35:CC:08","25.157232704402517","2","0.3125","7","159","2022-05-23T10:09:00.000Z","1653300540",
"2551","22b77d7829c68dcd","E2:1F:7B:35:CC:08","30.18867924528302","3","0.3125","1","159","2022-05-23T10:10:00.000Z","1653300600",
"2551","22b77d7829c68dcd","E2:1F:7B:35:CC:08","36.477987421383645","3","0.2648305084745763","1","159","2022-05-23T10:11:00.000Z","1653300660",
"2551","22b77d7829c68dcd","E2:1F:7B:35:CC:08","54.088050314465406","2","0.294811320754717","0","159","2022-05-23T10:12:00.000Z","1653300720",
"2551","22b77d7829c68dcd","E2:1F:7B:35:CC:08","95.59748427672956","3","0.4222972972972973","0","159","2022-05-23T10:13:00.000Z","1653300780",
"2551","22b77d7829c68dcd","E2:1F:7B:35:CC:08","57.861635220125784","1","0.26939655172413796","1","159","2022-05-23T10:14:00.000Z","1653300840",
"2551","22b77d7829c68dcd","E2:1F:7B:35:CC:08","88.0503144654088","6","0.40064102564102566","5","159","2022-05-23T10:15:00.000Z","1653300900",
"2551","22b77d7829c68dcd","E2:1F:7B:35:CC:08","86.79245283018868","12","0.33967391304347827","0","159","2022-05-23T10:16:00.000Z","1653300960",
"2551","22b77d7829c68dcd","E2:1F:7B:35:CC:08","72.95597484276729","3","0.26939655172413796","2","159","2022-05-23T10:17:00.000Z","1653301020",
"2551","22b77d7829c68dcd","E2:1F:7B:35:CC:08","71.69811320754717","6","0.18825301204819278","1","159","2022-05-23T10:18:00.000Z","1653301080",
"2551","22b77d7829c68dcd","E2:1F:7B:35:CC:08","79.24528301886792","7","0.6009615384615384","1","159","2022-05-23T10:19:00.000Z","1653301140",
"2551","22b77d7829c68dcd","E2:1F:7B:35:CC:08","85.53459119496856","0","0.35511363636363635","0","159","2022-05-23T10:20:00.000Z","1653301200",
"2551","22b77d7829c68dcd","E2:1F:7B:35:CC:08","75.47169811320755","3","0.48828125","5","159","2022-05-23T10:21:00.000Z","1653301260",
"2551","22b77d7829c68dcd","E2:1F:7B:35:CC:08","96.85534591194968","6","0.5787037037037037","2","159","2022-05-23T10:22:00.000Z","1653301320",
"2551","22b77d7829c68dcd","E2:1F:7B:35:CC:08","81.76100628930817","5","0.6510416666666666","0","159","2022-05-23T10:23:00.000Z","1653301380",
"2551","22b77d7829c68dcd","E2:1F:7B:35:CC:08","47.79874213836478","3","0.6009615384615384","0","159","2022-05-23T10:24:00.000Z","1653301440",
"2551","22b77d7829c68dcd","E2:1F:7B:35:CC:08","31.446540880503143","0","0.625","0","159","2022-05-23T10:25:00.000Z","1653301500",
"2551","22b77d7829c68dcd","E2:1F:7B:35:CC:08","22.641509433962263","0","0.26939655172413796","1","159","2022-05-23T10:26:00.000Z","1653301560",
"2551","22b77d7829c68dcd","E2:1F:7B:35:CC:08","56.60377358490566","4","0.2741228070175439","1","159","2022-05-23T10:27:00.000Z","1653301620",
"2551","22b77d7829c68dcd","E2:1F:7B:35:CC:08","62.893081761006286","2","0.30637254901960786","0","159","2022-05-23T10:28:00.000Z","1653301680",
"2551","22b77d7829c68dcd","E2:1F:7B:35:CC:08","45.283018867924525","2","0.30637254901960786","0","159","2022-05-23T10:29:00.000Z","1653301740",
"2551","22b77d7829c68dcd","E2:1F:7B:35:CC:08","57.861635220125784","1","0.28935185185185186","0","159","2022-05-23T10:30:00.000Z","1653301800",
"2551","22b77d7829c68dcd","E2:1F:7B:35:CC:08","50.314465408805034","1","0.31887755102040816","0","159","2022-05-23T10:31:00.000Z","1653301860",
"2551","22b77d7829c68dcd","E2:1F:7B:35:CC:08","55.34591194968554","3","0.35511363636363635","0","159","2022-05-23T10:32:00.000Z","1653301920",
"2551","22b77d7829c68dcd","E2:1F:7B:35:CC:08","49.056603773584904","2","0.294811320754717","0","159","2022-05-23T10:33:00.000Z","1653301980",
"2551","22b77d7829c68dcd","E2:1F:7B:35:CC:08","51.57232704402516","6","0.45955882352941174","0","159","2022-05-23T10:34:00.000Z","1653302040",
"2551","22b77d7829c68dcd","E2:1F:7B:35:CC:08","61.63522012578616","8","0.5580357142857143","0","159","2022-05-23T10:35:00.000Z","1653302100",
"2551","22b77d7829c68dcd","E2:1F:7B:35:CC:08","60.37735849056604","3","0.5208333333333334","0","159","2022-05-23T10:36:00.000Z","1653302160",
"2551","22b77d7829c68dcd","E2:1F:7B:35:CC:08","49.056603773584904","2","0.23674242424242425","2","159","2022-05-23T10:37:00.000Z","1653302220",
"2551","22b77d7829c68dcd","E2:1F:7B:35:CC:08","45.283018867924525","6","0.22321428571428573","0","159","2022-05-23T10:38:00.000Z","1653302280",
"2551","22b77d7829c68dcd","E2:1F:7B:35:CC:08","51.57232704402516","2","0.38109756097560976","0","159","2022-05-23T10:39:00.000Z","1653302340",
"2551","22b77d7829c68dcd","E2:1F:7B:35:CC:08","65.40880503144655","7","0.5040322580645161","0","159","2022-05-23T10:40:00.000Z","1653302400",
"2551","22b77d7829c68dcd","E2:1F:7B:35:CC:08","49.056603773584904","1","0.6009615384615384","0","159","2022-05-23T10:41:00.000Z","1653302460",
"2551","22b77d7829c68dcd","E2:1F:7B:35:CC:08","49.056603773584904","1","0.4734848484848485","1","159","2022-05-23T10:42:00.000Z","1653302520",
"2551","22b77d7829c68dcd","E2:1F:7B:35:CC:08","52.83018867924528","5","0.5387931034482759","0","159","2022-05-23T10:43:00.000Z","1653302580",
"2551","22b77d7829c68dcd","E2:1F:7B:35:CC:08","56.60377358490566","3","0.6009615384615384","2","159","2022-05-23T10:44:00.000Z","1653302640",
"2551","22b77d7829c68dcd","E2:1F:7B:35:CC:08","59.119496855345915","4","0.7102272727272727","1","159","2022-05-23T10:45:00.000Z","1653302700",
"2551","22b77d7829c68dcd","E2:1F:7B:35:CC:08","42.76729559748428","2","0.78125","1","159","2022-05-23T10:46:00.000Z","1653302760",
"2551","22b77d7829c68dcd","E2:1F:7B:35:CC:08","41.509433962264154","0","0.7440476190476191","0","159","2022-05-23T10:47:00.000Z","1653302820",
"2551","22b77d7829c68dcd","E2:1F:7B:35:CC:08","31.446540880503143","1","0.7440476190476191","0","159","2022-05-23T10:48:00.000Z","1653302880",
"2551","22b77d7829c68dcd","E2:1F:7B:35:CC:08","35.22012578616352","3","0.78125","1","159","2022-05-23T10:49:00.000Z","1653302940",
"2551","22b77d7829c68dcd","E2:1F:7B:35:CC:08","46.540880503144656","1","0.8680555555555556","1","159","2022-05-23T10:50:00.000Z","1653303000",
"2551","22b77d7829c68dcd","E2:1F:7B:35:CC:08","40.25157232704402","1","0.7440476190476191","0","159","2022-05-23T10:51:00.000Z","1653303060",
"2551","22b77d7829c68dcd","E2:1F:7B:35:CC:08","28.930817610062892","0","0.7102272727272727","0","159","2022-05-23T10:52:00.000Z","1653303120",
"2551","22b77d7829c68dcd","E2:1F:7B:35:CC:08","22.641509433962263","0","0.4734848484848485","1","159","2022-05-23T10:53:00.000Z","1653303180",
"2551","22b77d7829c68dcd","E2:1F:7B:35:CC:08","31.446540880503143","4","0.41118421052631576","9","159","2022-05-23T10:54:00.000Z","1653303240",
"2551","22b77d7829c68dcd","E2:1F:7B:35:CC:08","74.21383647798743","4","0.6793478260869565","7","159","2022-05-23T10:55:00.000Z","1653303300",
"2551","22b77d7829c68dcd","E2:1F:7B:35:CC:08","100","3","0.5387931034482759","8","159","2022-05-23T10:56:00.000Z","1653303360",
"2551","22b77d7829c68dcd","E2:1F:7B:35:CC:08","100","3","0.27901785714285715","2","159","2022-05-23T10:57:00.000Z","1653303420",
"2551","22b77d7829c68dcd","E2:1F:7B:35:CC:08","100","7","0.3004807692307692","8","159","2022-05-23T10:58:00.000Z","1653303480",
"2551","22b77d7829c68dcd","E2:1F:7B:35:CC:08","95.59748427672956","0","0.3255208333333333","19","159","2022-05-23T10:59:00.000Z","1653303540",
"2551","22b77d7829c68dcd","E2:1F:7B:35:CC:08","71.69811320754717","2","0.48828125","4","159","2022-05-23T11:00:00.000Z","1653303600",
"2551","22b77d7829c68dcd","E2:1F:7B:35:CC:08","57.861635220125784","6","0.25201612903225806","28","159","2022-05-23T11:01:00.000Z","1653303660",
"2551","22b77d7829c68dcd","E2:1F:7B:35:CC:08","56.60377358490566","0","0.19290123456790123","7","159","2022-05-23T11:02:00.000Z","1653303720",
"2551","22b77d7829c68dcd","E2:1F:7B:35:CC:08","56.60377358490566","5","0.294811320754717","15","159","2022-05-23T11:03:00.000Z","1653303780",
"2551","22b77d7829c68dcd","E2:1F:7B:35:CC:08","61.63522012578616","11","0.3125","8","159","2022-05-23T11:04:00.000Z","1653303840",
"2551","22b77d7829c68dcd","E2:1F:7B:35:CC:08","61.63522012578616","3","0.2741228070175439","5","159","2022-05-23T11:05:00.000Z","1653303900",
"2551","22b77d7829c68dcd","E2:1F:7B:35:CC:08","61.63522012578616","5","0.20292207792207792","7","159","2022-05-23T11:06:00.000Z","1653303960",
"2551","22b77d7829c68dcd","E2:1F:7B:35:CC:08","75.47169811320755","2","0.2403846153846154","1","159","2022-05-23T11:08:00.000Z","1653304080",
"2551","22b77d7829c68dcd","E2:1F:7B:35:CC:08","72.95597484276729","5","0.20833333333333334","4","159","2022-05-23T11:09:00.000Z","1653304140",
"2551","22b77d7829c68dcd","E2:1F:7B:35:CC:08","64.15094339622641","3","0.244140625","2","159","2022-05-23T11:10:00.000Z","1653304200",
"2551","22b77d7829c68dcd","E2:1F:7B:35:CC:08","79.24528301886792","8","0.28935185185185186","2","159","2022-05-23T11:11:00.000Z","1653304260",
"2551","22b77d7829c68dcd","E2:1F:7B:35:CC:08","100","4","0.294811320754717","0","159","2022-05-23T11:12:00.000Z","1653304320",
"2551","22b77d7829c68dcd","E2:1F:7B:35:CC:08","91.82389937106919","0","0.2604166666666667","0","159","2022-05-23T11:13:00.000Z","1653304380",
"2551","22b77d7829c68dcd","E2:1F:7B:35:CC:08","79.24528301886792","8","0.2648305084745763","0","159","2022-05-23T11:16:00.000Z","1653304560",
"2551","22b77d7829c68dcd","E2:1F:7B:35:CC:08","67.9245283018868","8","0.2741228070175439","4","159","2022-05-23T11:17:00.000Z","1653304620",
"2551","22b77d7829c68dcd","E2:1F:7B:35:CC:08","57.861635220125784","5","0.26939655172413796","1","159","2022-05-23T11:18:00.000Z","1653304680",
"2551","22b77d7829c68dcd","E2:1F:7B:35:CC:08","47.79874213836478","1","0.27901785714285715","1","159","2022-05-23T11:19:00.000Z","1653304740",
"2551","22b77d7829c68dcd","E2:1F:7B:35:CC:08","62.893081761006286","4","0.2403846153846154","1","159","2022-05-23T11:20:00.000Z","1653304800",
"2551","22b77d7829c68dcd","E2:1F:7B:35:CC:08","95.59748427672956","7","0.31887755102040816","2","159","2022-05-23T11:21:00.000Z","1653304860",
"2551","22b77d7829c68dcd","E2:1F:7B:35:CC:08","76.72955974842768","5","0.21114864864864866","2","159","2022-05-23T11:22:00.000Z","1653304920",
"2551","22b77d7829c68dcd","E2:1F:7B:35:CC:08","60.37735849056604","2","0.3255208333333333","0","159","2022-05-23T11:23:00.000Z","1653304980",
"2551","22b77d7829c68dcd","E2:1F:7B:35:CC:08","79.24528301886792","5","0.44642857142857145","0","159","2022-05-23T11:24:00.000Z","1653305040",
"2551","22b77d7829c68dcd","E2:1F:7B:35:CC:08","74.21383647798743","3","0.062250996015936255","2","159","2022-05-23T11:25:00.000Z","1653305100",
"2551","22b77d7829c68dcd","E2:1F:7B:35:CC:08","76.72955974842768","11","0.13241525423728814","1","159","2022-05-23T11:26:00.000Z","1653305160",
"2551","22b77d7829c68dcd","E2:1F:7B:35:CC:08","100","7","0.12913223140495866","1","159","2022-05-23T11:28:00.000Z","1653305280",
"2551","22b77d7829c68dcd","E2:1F:7B:35:CC:08","100","6","0.22977941176470587","4","159","2022-05-23T11:29:00.000Z","1653305340",
"2551","22b77d7829c68dcd","E2:1F:7B:35:CC:08","98.11320754716981","3","0.28935185185185186","4","159","2022-05-23T11:30:00.000Z","1653305400",
"2551","22b77d7829c68dcd","E2:1F:7B:35:CC:08","91.82389937106919","5","0.38109756097560976","0","159","2022-05-23T11:31:00.000Z","1653305460",
"2551","22b77d7829c68dcd","E2:1F:7B:35:CC:08","80.50314465408805","6","0.21114864864864866","0","159","2022-05-23T11:32:00.000Z","1653305520",
"2551","22b77d7829c68dcd","E2:1F:7B:35:CC:08","75.47169811320755","4","0.2840909090909091","0","159","2022-05-23T11:33:00.000Z","1653305580",
"2551","22b77d7829c68dcd","E2:1F:7B:35:CC:08","59.119496855345915","0","0.2170138888888889","0","159","2022-05-23T11:34:00.000Z","1653305640",
"2551","22b77d7829c68dcd","E2:1F:7B:35:CC:08","31.446540880503143","0","0.19778481012658228","0","159","2022-05-23T11:35:00.000Z","1653305700",
"2551","22b77d7829c68dcd","E2:1F:7B:35:CC:08","38.9937106918239","2","0.31887755102040816","0","159","2022-05-23T11:36:00.000Z","1653305760",
"2551","22b77d7829c68dcd","E2:1F:7B:35:CC:08","47.79874213836478","3","0.23674242424242425","0","159","2022-05-23T11:37:00.000Z","1653305820",
"2551","22b77d7829c68dcd","E2:1F:7B:35:CC:08","54.088050314465406","5","0.13130252100840337","0","159","2022-05-23T11:38:00.000Z","1653305880",
"2551","22b77d7829c68dcd","E2:1F:7B:35:CC:08","75.47169811320755","8","0.15943877551020408","0","159","2022-05-23T11:39:00.000Z","1653305940",
"2551","22b77d7829c68dcd","E2:1F:7B:35:CC:08","75.47169811320755","0","0.7440476190476191","0","159","2022-05-23T11:40:00.000Z","1653306000",
"2551","22b77d7829c68dcd","E2:1F:7B:35:CC:08","66.66666666666667","6","0.13950892857142858","4","159","2022-05-23T11:41:00.000Z","1653306060",
"2551","22b77d7829c68dcd","E2:1F:7B:35:CC:08","65.40880503144655","10","0.25201612903225806","1","159","2022-05-23T11:42:00.000Z","1653306120",
"2551","22b77d7829c68dcd","E2:1F:7B:35:CC:08","100","6","0.2332089552238806","1","159","2022-05-23T11:43:00.000Z","1653306180",
"2551","22b77d7829c68dcd","E2:1F:7B:35:CC:08","100","10","0.1166044776119403","2","159","2022-05-23T11:44:00.000Z","1653306240",
"2551","22b77d7829c68dcd","E2:1F:7B:35:CC:08","93.08176100628931","0","0.625","0","159","2022-05-23T11:45:00.000Z","1653306300",
"2551","22b77d7829c68dcd","E2:1F:7B:35:CC:08","59.119496855345915","2","0.6793478260869565","0","159","2022-05-23T11:46:00.000Z","1653306360",
"2551","22b77d7829c68dcd","E2:1F:7B:35:CC:08","44.0251572327044","0","0.18601190476190477","1","159","2022-05-23T11:47:00.000Z","1653306420",
"2551","22b77d7829c68dcd","E2:1F:7B:35:CC:08","83.01886792452831","3","0.25201612903225806","2","159","2022-05-23T11:48:00.000Z","1653306480",
"2551","22b77d7829c68dcd","E2:1F:7B:35:CC:08","81.76100628930817","5","0.3633720930232558","7","159","2022-05-23T11:49:00.000Z","1653306540",
"2551","22b77d7829c68dcd","E2:1F:7B:35:CC:08","75.47169811320755","5","0.5787037037037037","9","159","2022-05-23T11:50:00.000Z","1653306600",
"2551","22b77d7829c68dcd","E2:1F:7B:35:CC:08","83.01886792452831","4","0.25201612903225806","33","159","2022-05-23T11:51:00.000Z","1653306660",
"2551","22b77d7829c68dcd","E2:1F:7B:35:CC:08","85.53459119496856","4","0.18382352941176472","11","159","2022-05-23T11:52:00.000Z","1653306720",
"2551","22b77d7829c68dcd","E2:1F:7B:35:CC:08","72.95597484276729","0","0.25201612903225806","4","159","2022-05-23T11:55:00.000Z","1653306900",
"2551","22b77d7829c68dcd","E2:1F:7B:35:CC:08","80.50314465408805","9","0.22977941176470587","1","159","2022-05-23T11:56:00.000Z","1653306960",
"2551","22b77d7829c68dcd","E2:1F:7B:35:CC:08","61.63522012578616","3","0.2741228070175439","0","159","2022-05-23T11:57:00.000Z","1653307020",
"2551","22b77d7829c68dcd","E2:1F:7B:35:CC:08","32.704402515723274","0","0.2741228070175439","0","159","2022-05-23T11:58:00.000Z","1653307080",
"2551","22b77d7829c68dcd","E2:1F:7B:35:CC:08","33.9622641509434","5","0.22007042253521128","2","159","2022-05-23T11:59:00.000Z","1653307140",
"2551","22b77d7829c68dcd","E2:1F:7B:35:CC:08","70.44025157232704","6","0.38109756097560976","0","159","2022-05-23T12:00:00.000Z","1653307200",
"2551","22b77d7829c68dcd","E2:1F:7B:35:CC:08","100","5","0.22977941176470587","0","159","2022-05-23T12:01:00.000Z","1653307260",
"2551","22b77d7829c68dcd","E2:1F:7B:35:CC:08","100","6","0.294811320754717","1","159","2022-05-23T12:02:00.000Z","1653307320",
"2551","22b77d7829c68dcd","E2:1F:7B:35:CC:08","88.0503144654088","6","0.25614754098360654","0","159","2022-05-23T12:03:00.000Z","1653307380",
"2551","22b77d7829c68dcd","E2:1F:7B:35:CC:08","80.50314465408805","2","0.390625","0","159","2022-05-23T12:04:00.000Z","1653307440",
"2551","22b77d7829c68dcd","E2:1F:7B:35:CC:08","96.85534591194968","6","0.40064102564102566","0","159","2022-05-23T12:05:00.000Z","1653307500",
"2551","22b77d7829c68dcd","E2:1F:7B:35:CC:08","89.30817610062893","4","0.37202380952380953","1","159","2022-05-23T12:06:00.000Z","1653307560",
"2551","22b77d7829c68dcd","E2:1F:7B:35:CC:08","69.18238993710692","3","0.35511363636363635","1","159","2022-05-23T12:07:00.000Z","1653307620",
"2551","22b77d7829c68dcd","E2:1F:7B:35:CC:08","69.18238993710692","3","0.3633720930232558","0","159","2022-05-23T12:08:00.000Z","1653307680",
"2551","22b77d7829c68dcd","E2:1F:7B:35:CC:08","57.861635220125784","4","0.3472222222222222","0","159","2022-05-23T12:09:00.000Z","1653307740",
"2551","22b77d7829c68dcd","E2:1F:7B:35:CC:08","64.15094339622641","9","0.2741228070175439","5","159","2022-05-23T12:10:00.000Z","1653307800",
"2551","22b77d7829c68dcd","E2:1F:7B:35:CC:08","100","7","0.3324468085106383","0","159","2022-05-23T12:11:00.000Z","1653307860",
"2551","22b77d7829c68dcd","E2:1F:7B:35:CC:08","94.33962264150944","4","0.5387931034482759","1","159","2022-05-23T12:12:00.000Z","1653307920",
"2551","22b77d7829c68dcd","E2:1F:7B:35:CC:08","47.79874213836478","0","0.5580357142857143","0","159","2022-05-23T12:13:00.000Z","1653307980",
"2551","22b77d7829c68dcd","E2:1F:7B:35:CC:08","21.38364779874214","0","0.5208333333333334","0","159","2022-05-23T12:14:00.000Z","1653308040",
"2551","22b77d7829c68dcd","E2:1F:7B:35:CC:08","20.12578616352201","0","0.5580357142857143","0","159","2022-05-23T12:15:00.000Z","1653308100",
"2551","22b77d7829c68dcd","E2:1F:7B:35:CC:08","15.09433962264151","0","0.5208333333333334","0","159","2022-05-23T12:16:00.000Z","1653308160",
"2551","22b77d7829c68dcd","E2:1F:7B:35:CC:08","11.320754716981131","0","0.5208333333333334","0","159","2022-05-23T12:17:00.000Z","1653308220",
"2551","22b77d7829c68dcd","E2:1F:7B:35:CC:08","11.320754716981131","0","0.5387931034482759","0","159","2022-05-23T12:18:00.000Z","1653308280",
"2551","22b77d7829c68dcd","E2:1F:7B:35:CC:08","42.76729559748428","4","0.35511363636363635","1","159","2022-05-23T12:22:00.000Z","1653308520",
"2551","22b77d7829c68dcd","E2:1F:7B:35:CC:08","75.47169811320755","3","0.40064102564102566","1","159","2022-05-23T12:23:00.000Z","1653308580",
"2551","22b77d7829c68dcd","E2:1F:7B:35:CC:08","100","0","0.44642857142857145","0","159","2022-05-23T12:24:00.000Z","1653308640",
"2551","22b77d7829c68dcd","E2:1F:7B:35:CC:08","72.95597484276729","4","0.5580357142857143","1","159","2022-05-23T12:25:00.000Z","1653308700",
"2551","22b77d7829c68dcd","E2:1F:7B:35:CC:08","52.83018867924528","1","0.40064102564102566","0","159","2022-05-23T12:26:00.000Z","1653308760",
"2551","22b77d7829c68dcd","E2:1F:7B:35:CC:08","52.83018867924528","3","0.4222972972972973","1","159","2022-05-23T12:27:00.000Z","1653308820",
"2551","22b77d7829c68dcd","E2:1F:7B:35:CC:08","57.861635220125784","2","0.625","1","159","2022-05-23T12:28:00.000Z","1653308880",
"2551","22b77d7829c68dcd","E2:1F:7B:35:CC:08","64.15094339622641","6","0.45955882352941174","4","159","2022-05-23T12:29:00.000Z","1653308940",
"2551","22b77d7829c68dcd","E2:1F:7B:35:CC:08","65.40880503144655","0","0.35511363636363635","16","159","2022-05-23T12:30:00.000Z","1653309000",
"2551","22b77d7829c68dcd","E2:1F:7B:35:CC:08","75.47169811320755","1","0.5580357142857143","2","159","2022-05-23T12:31:00.000Z","1653309060",
"2551","22b77d7829c68dcd","E2:1F:7B:35:CC:08","100","5","0.8223684210526315","2","159","2022-05-23T12:32:00.000Z","1653309120",
"2551","22b77d7829c68dcd","E2:1F:7B:35:CC:08","91.82389937106919","1","0.625","0","159","2022-05-23T12:33:00.000Z","1653309180",
"2551","22b77d7829c68dcd","E2:1F:7B:35:CC:08","83.01886792452831","4","0.48828125","23","159","2022-05-23T12:34:00.000Z","1653309240",
"2551","22b77d7829c68dcd","E2:1F:7B:35:CC:08","83.01886792452831","8","0.25614754098360654","2","159","2022-05-23T12:35:00.000Z","1653309300",
"2551","22b77d7829c68dcd","E2:1F:7B:35:CC:08","95.59748427672956","11","0.4222972972972973","9","159","2022-05-23T12:36:00.000Z","1653309360",
"2551","22b77d7829c68dcd","E2:1F:7B:35:CC:08","93.08176100628931","5","0.3324468085106383","1","159","2022-05-23T12:37:00.000Z","1653309420",
"2551","22b77d7829c68dcd","E2:1F:7B:35:CC:08","100","7","0.13950892857142858","15","159","2022-05-23T12:38:00.000Z","1653309480",
"2551","22b77d7829c68dcd","E2:1F:7B:35:CC:08","100","0","0.19054878048780488","0","159","2022-05-23T12:39:00.000Z","1653309540",
"2551","22b77d7829c68dcd","E2:1F:7B:35:CC:08","100","3","0.41118421052631576","11","159","2022-05-23T12:40:00.000Z","1653309600",
"2551","22b77d7829c68dcd","E2:1F:7B:35:CC:08","100","6","3.125","12","159","2022-05-23T12:41:00.000Z","1653309660",
"2551","22b77d7829c68dcd","E2:1F:7B:35:CC:08","100","1","1.3020833333333333","0","159","2022-05-23T12:46:00.000Z","1653309960",
"2551","22b77d7829c68dcd","E2:1F:7B:35:CC:08","96.85534591194968","1","1.0416666666666667","1","159","2022-05-23T12:47:00.000Z","1653310020",
"2551","22b77d7829c68dcd","E2:1F:7B:35:CC:08","71.69811320754717","0","0.8680555555555556","0","159","2022-05-23T12:48:00.000Z","1653310080",
"2551","22b77d7829c68dcd","E2:1F:7B:35:CC:08","35.22012578616352","0","0.8223684210526315","0","159","2022-05-23T12:49:00.000Z","1653310140",
"2551","22b77d7829c68dcd","E2:1F:7B:35:CC:08","30.18867924528302","0","0.7440476190476191","1","159","2022-05-23T12:50:00.000Z","1653310200",
"2551","22b77d7829c68dcd","E2:1F:7B:35:CC:08","23.89937106918239","0","0.6793478260869565","0","159","2022-05-23T12:51:00.000Z","1653310260",
"2551","22b77d7829c68dcd","E2:1F:7B:35:CC:08","20.12578616352201","0","0.625","0","159","2022-05-23T12:52:00.000Z","1653310320",
"2551","22b77d7829c68dcd","E2:1F:7B:35:CC:08","21.38364779874214","2","0.5787037037037037","0","159","2022-05-23T12:53:00.000Z","1653310380",
"2551","22b77d7829c68dcd","E2:1F:7B:35:CC:08","26.41509433962264","1","0.5787037037037037","0","159","2022-05-23T12:54:00.000Z","1653310440",
"2551","22b77d7829c68dcd","E2:1F:7B:35:CC:08","18.867924528301888","0","0.5580357142857143","0","159","2022-05-23T12:55:00.000Z","1653310500",
"2551","22b77d7829c68dcd","E2:1F:7B:35:CC:08","12.578616352201259","0","0.5787037037037037","0","159","2022-05-23T12:56:00.000Z","1653310560",
"2551","22b77d7829c68dcd","E2:1F:7B:35:CC:08","6.289308176100629","0","0.5787037037037037","0","159","2022-05-23T12:57:00.000Z","1653310620",
"2551","22b77d7829c68dcd","E2:1F:7B:35:CC:08","10.062893081761006","0","0.6793478260869565","0","159","2022-05-23T12:58:00.000Z","1653310680",
"2551","22b77d7829c68dcd","E2:1F:7B:35:CC:08","23.89937106918239","0","0.5787037037037037","0","159","2022-05-23T12:59:00.000Z","1653310740",
"2551","22b77d7829c68dcd","E2:1F:7B:35:CC:08","25.157232704402517","3","0.6510416666666666","0","159","2022-05-23T13:00:00.000Z","1653310800",
"2551","22b77d7829c68dcd","E2:1F:7B:35:CC:08","32.704402515723274","2","0.7440476190476191","0","159","2022-05-23T13:01:00.000Z","1653310860",
"2551","22b77d7829c68dcd","E2:1F:7B:35:CC:08","54.088050314465406","4","0.5787037037037037","0","159","2022-05-23T13:02:00.000Z","1653310920",
"2551","22b77d7829c68dcd","E2:1F:7B:35:CC:08","64.15094339622641","1","0.7440476190476191","1","159","2022-05-23T13:03:00.000Z","1653310980",
"2551","22b77d7829c68dcd","E2:1F:7B:35:CC:08","50.314465408805034","5","0.5040322580645161","0","159","2022-05-23T13:04:00.000Z","1653311040",
"2551","22b77d7829c68dcd","E2:1F:7B:35:CC:08","55.34591194968554","4","0.4734848484848485","0","159","2022-05-23T13:05:00.000Z","1653311100",
"2551","22b77d7829c68dcd","E2:1F:7B:35:CC:08","90.56603773584905","2","0.5208333333333334","0","159","2022-05-23T13:06:00.000Z","1653311160",
"2551","22b77d7829c68dcd","E2:1F:7B:35:CC:08","100","6","0.7102272727272727","0","159","2022-05-23T13:07:00.000Z","1653311220",
"2551","22b77d7829c68dcd","E2:1F:7B:35:CC:08","100","0","0.6510416666666666","2","159","2022-05-23T13:08:00.000Z","1653311280",
"2551","22b77d7829c68dcd","E2:1F:7B:35:CC:08","100","10","0.6793478260869565","0","159","2022-05-23T13:09:00.000Z","1653311340",
"2551","22b77d7829c68dcd","E2:1F:7B:35:CC:08","93.08176100628931","0","0.7102272727272727","4","159","2022-05-23T13:10:00.000Z","1653311400",
"2551","22b77d7829c68dcd","E2:1F:7B:35:CC:08","80.50314465408805","3","0.25614754098360654","8","159","2022-05-23T13:11:00.000Z","1653311460",
"2551","22b77d7829c68dcd","E2:1F:7B:35:CC:08","77.9874213836478","0","0.3324468085106383","1","159","2022-05-23T13:12:00.000Z","1653311520",
"2551","22b77d7829c68dcd","E2:1F:7B:35:CC:08","72.95597484276729","4","0.4734848484848485","2","159","2022-05-23T13:13:00.000Z","1653311580",
"2551","22b77d7829c68dcd","E2:1F:7B:35:CC:08","67.9245283018868","10","0.19778481012658228","0","159","2022-05-23T13:14:00.000Z","1653311640",
"2551","22b77d7829c68dcd","E2:1F:7B:35:CC:08","66.66666666666667","0","0.18382352941176472","0","159","2022-05-23T13:15:00.000Z","1653311700",
"2551","22b77d7829c68dcd","E2:1F:7B:35:CC:08","84.27672955974843","14","0.2170138888888889","1","159","2022-05-23T13:16:00.000Z","1653311760",
"2551","22b77d7829c68dcd","E2:1F:7B:35:CC:08","84.27672955974843","7","0.21114864864864866","0","159","2022-05-23T13:17:00.000Z","1653311820",
"2551","22b77d7829c68dcd","E2:1F:7B:35:CC:08","86.79245283018868","9","0.22007042253521128","4","159","2022-05-23T13:18:00.000Z","1653311880",
"2551","22b77d7829c68dcd","E2:1F:7B:35:CC:08","93.08176100628931","6","0.20833333333333334","0","159","2022-05-23T13:19:00.000Z","1653311940",
"2551","22b77d7829c68dcd","E2:1F:7B:35:CC:08","86.79245283018868","12","0.19290123456790123","0","159","2022-05-23T13:20:00.000Z","1653312000",
"2551","22b77d7829c68dcd","E2:1F:7B:35:CC:08","83.01886792452831","2","0.18601190476190477","0","159","2022-05-23T13:21:00.000Z","1653312060",
"2551","22b77d7829c68dcd","E2:1F:7B:35:CC:08","93.08176100628931","9","0.18601190476190477","0","159","2022-05-23T13:22:00.000Z","1653312120",
"2551","22b77d7829c68dcd","E2:1F:7B:35:CC:08","100","8","0.2332089552238806","1","159","2022-05-23T13:23:00.000Z","1653312180",
"2551","22b77d7829c68dcd","E2:1F:7B:35:CC:08","100","0","0.27901785714285715","1","159","2022-05-23T13:24:00.000Z","1653312240",
"2551","22b77d7829c68dcd","E2:1F:7B:35:CC:08","100","4","0.17755681818181818","0","159","2022-05-23T13:25:00.000Z","1653312300",
"2551","22b77d7829c68dcd","E2:1F:7B:35:CC:08","100","7","0.22644927536231885","0","159","2022-05-23T13:26:00.000Z","1653312360",
"2551","22b77d7829c68dcd","E2:1F:7B:35:CC:08","91.82389937106919","0","0.294811320754717","1","159","2022-05-23T13:27:00.000Z","1653312420",
"2551","22b77d7829c68dcd","E2:1F:7B:35:CC:08","100","8","0.3633720930232558","0","159","2022-05-23T13:28:00.000Z","1653312480",
"2551","22b77d7829c68dcd","E2:1F:7B:35:CC:08","100","5","0.4734848484848485","0","159","2022-05-23T13:29:00.000Z","1653312540",
"2551","22b77d7829c68dcd","E2:1F:7B:35:CC:08","100","10","0.21404109589041095","1","159","2022-05-23T13:30:00.000Z","1653312600",
"2551","22b77d7829c68dcd","E2:1F:7B:35:CC:08","100","7","0.2741228070175439","0","159","2022-05-23T13:31:00.000Z","1653312660",
"2551","22b77d7829c68dcd","E2:1F:7B:35:CC:08","100","0","0.30637254901960786","5","159","2022-05-23T13:32:00.000Z","1653312720",
"2551","22b77d7829c68dcd","E2:1F:7B:35:CC:08","100","3","0.7102272727272727","5","159","2022-05-23T13:33:00.000Z","1653312780",
"2551","22b77d7829c68dcd","E2:1F:7B:35:CC:08","100","4","0.18382352941176472","11","159","2022-05-23T13:34:00.000Z","1653312840",
"2551","22b77d7829c68dcd","E2:1F:7B:35:CC:08","81.76100628930817","1","0.13354700854700854","0","159","2022-05-23T13:35:00.000Z","1653312900",
"2551","22b77d7829c68dcd","E2:1F:7B:35:CC:08","64.15094339622641","7","0.16276041666666666","0","159","2022-05-23T13:37:00.000Z","1653313020",
"2551","22b77d7829c68dcd","E2:1F:7B:35:CC:08","60.37735849056604","10","0.18825301204819278","0","159","2022-05-23T13:38:00.000Z","1653313080",
"2551","22b77d7829c68dcd","E2:1F:7B:35:CC:08","67.9245283018868","5","0.1547029702970297","2","159","2022-05-23T13:39:00.000Z","1653313140",
"2551","22b77d7829c68dcd","E2:1F:7B:35:CC:08","67.9245283018868","8","0.16983695652173914","0","159","2022-05-23T13:40:00.000Z","1653313200",
"2551","22b77d7829c68dcd","E2:1F:7B:35:CC:08","100","6","0.1166044776119403","2","159","2022-05-23T13:41:00.000Z","1653313260",
"2551","22b77d7829c68dcd","E2:1F:7B:35:CC:08","100","8","0.1474056603773585","0","159","2022-05-23T13:42:00.000Z","1653313320",
"2551","22b77d7829c68dcd","E2:1F:7B:35:CC:08","72.95597484276729","2","0.14467592592592593","0","159","2022-05-23T13:43:00.000Z","1653313380",
"2551","22b77d7829c68dcd","E2:1F:7B:35:CC:08","56.60377358490566","4","0.12400793650793651","1","159","2022-05-23T13:44:00.000Z","1653313440",
"2551","22b77d7829c68dcd","E2:1F:7B:35:CC:08","59.119496855345915","4","0.08538251366120218","0","159","2022-05-23T13:45:00.000Z","1653313500",
"2551","22b77d7829c68dcd","E2:1F:7B:35:CC:08","74.21383647798743","4","0.1201923076923077","0","159","2022-05-23T13:46:00.000Z","1653313560",
"2551","22b77d7829c68dcd","E2:1F:7B:35:CC:08","56.60377358490566","1","0.13706140350877194","0","159","2022-05-23T13:47:00.000Z","1653313620",
"2551","22b77d7829c68dcd","E2:1F:7B:35:CC:08","38.9937106918239","0","0.12913223140495866","2","159","2022-05-23T13:48:00.000Z","1653313680",
"2551","22b77d7829c68dcd","E2:1F:7B:35:CC:08","38.9937106918239","7","0.13469827586206898","0","159","2022-05-23T13:49:00.000Z","1653313740",
"2551","22b77d7829c68dcd","E2:1F:7B:35:CC:08","18.867924528301888","0","0.13950892857142858","0","159","2022-05-23T13:50:00.000Z","1653313800",
"2551","22b77d7829c68dcd","E2:1F:7B:35:CC:08","44.0251572327044","1","0.14076576576576577","0","159","2022-05-23T13:51:00.000Z","1653313860",
"2551","22b77d7829c68dcd","E2:1F:7B:35:CC:08","45.283018867924525","5","0.14602803738317757","0","159","2022-05-23T13:52:00.000Z","1653313920",
"2551","22b77d7829c68dcd","E2:1F:7B:35:CC:08","44.0251572327044","6","0.16983695652173914","0","159","2022-05-23T13:53:00.000Z","1653313980",
"2551","22b77d7829c68dcd","E2:1F:7B:35:CC:08","49.056603773584904","7","0.11241007194244604","0","159","2022-05-23T13:56:00.000Z","1653314160",
"2551","22b77d7829c68dcd","E2:1F:7B:35:CC:08","52.83018867924528","4","0.21404109589041095","1","159","2022-05-23T13:58:00.000Z","1653314280",
"2551","22b77d7829c68dcd","E2:1F:7B:35:CC:08","54.088050314465406","0","0.19778481012658228","7","159","2022-05-23T13:59:00.000Z","1653314340",
"2551","22b77d7829c68dcd","E2:1F:7B:35:CC:08","72.95597484276729","3","0.09765625","4","159","2022-05-23T14:01:00.000Z","1653314460",
"2551","22b77d7829c68dcd","E2:1F:7B:35:CC:08","100","5","0.5208333333333334","1","159","2022-05-23T14:03:00.000Z","1653314580",
"2551","22b77d7829c68dcd","E2:1F:7B:35:CC:08","96.85534591194968","12","0.2403846153846154","0","159","2022-05-23T14:04:00.000Z","1653314640",
"2551","22b77d7829c68dcd","E2:1F:7B:35:CC:08","90.56603773584905","7","0.3633720930232558","0","159","2022-05-23T14:05:00.000Z","1653314700",
"2551","22b77d7829c68dcd","E2:1F:7B:35:CC:08","65.40880503144655","5","0.28935185185185186","1","159","2022-05-23T14:06:00.000Z","1653314760",
"2551","22b77d7829c68dcd","E2:1F:7B:35:CC:08","84.27672955974843","9","0.30637254901960786","1","159","2022-05-23T14:07:00.000Z","1653314820",
"2551","22b77d7829c68dcd","E2:1F:7B:35:CC:08","100","8","0.15318627450980393","11","159","2022-05-23T14:08:00.000Z","1653314880",
"2551","22b77d7829c68dcd","E2:1F:7B:35:CC:08","100","0","0.2403846153846154","4","159","2022-05-23T14:09:00.000Z","1653314940",
"2551","22b77d7829c68dcd","E2:1F:7B:35:CC:08","100","2","0.28935185185185186","2","159","2022-05-23T14:10:00.000Z","1653315000",
"2551","22b77d7829c68dcd","E2:1F:7B:35:CC:08","100","9","0.12703252032520326","7","159","2022-05-23T14:11:00.000Z","1653315060",
"2551","22b77d7829c68dcd","E2:1F:7B:35:CC:08","100","5","0.14602803738317757","7","159","2022-05-23T14:12:00.000Z","1653315120",
"2551","22b77d7829c68dcd","E2:1F:7B:35:CC:08","100","6","0.31887755102040816","0","159","2022-05-23T14:13:00.000Z","1653315180",
"2551","22b77d7829c68dcd","E2:1F:7B:35:CC:08","100","7","0.14467592592592593","4","159","2022-05-23T14:14:00.000Z","1653315240",
"2551","22b77d7829c68dcd","E2:1F:7B:35:CC:08","100","0","0.38109756097560976","4","159","2022-05-23T14:15:00.000Z","1653315300",
"2551","22b77d7829c68dcd","E2:1F:7B:35:CC:08","100","0","0.062250996015936255","4","159","2022-05-23T14:16:00.000Z","1653315360",
"2551","22b77d7829c68dcd","E2:1F:7B:35:CC:08","88.0503144654088","9","0.17755681818181818","0","159","2022-05-25T09:05:00.000Z","1653469500",
"2551","22b77d7829c68dcd","E2:1F:7B:35:CC:08","99.37106918238993","7","0.24801587301587302","0","159","2022-05-25T09:06:00.000Z","1653469560",
"2551","22b77d7829c68dcd","E2:1F:7B:35:CC:08","89.30817610062893","12","0.3324468085106383","0","159","2022-05-25T09:07:00.000Z","1653469620",
"2551","22b77d7829c68dcd","E2:1F:7B:35:CC:08","61.63522012578616","7","0.37202380952380953","0","159","2022-05-25T09:08:00.000Z","1653469680",
"2551","22b77d7829c68dcd","E2:1F:7B:35:CC:08","41.509433962264154","3","0.4222972972972973","0","159","2022-05-25T09:09:00.000Z","1653469740",
"2551","22b77d7829c68dcd","E2:1F:7B:35:CC:08","52.83018867924528","6","0.5208333333333334","0","159","2022-05-25T09:10:00.000Z","1653469800",
"2551","22b77d7829c68dcd","E2:1F:7B:35:CC:08","57.861635220125784","8","0.6510416666666666","0","159","2022-05-25T09:11:00.000Z","1653469860",
"2551","22b77d7829c68dcd","E2:1F:7B:35:CC:08","76.72955974842768","6","0.44642857142857145","4","159","2022-05-25T09:12:00.000Z","1653469920",
"2551","22b77d7829c68dcd","E2:1F:7B:35:CC:08","80.50314465408805","12","0.625","14","159","2022-05-25T09:13:00.000Z","1653469980",
"2551","22b77d7829c68dcd","E2:1F:7B:35:CC:08","80.50314465408805","0","0.5580357142857143","1","159","2022-05-25T09:14:00.000Z","1653470040",
"2551","22b77d7829c68dcd","E2:1F:7B:35:CC:08","91.82389937106919","7","0.5208333333333334","2","159","2022-05-25T09:15:00.000Z","1653470100",
"2551","22b77d7829c68dcd","E2:1F:7B:35:CC:08","93.08176100628931","11","0.625","0","159","2022-05-25T09:16:00.000Z","1653470160",
"2551","22b77d7829c68dcd","E2:1F:7B:35:CC:08","91.82389937106919","5","0.44642857142857145","0","159","2022-05-25T09:17:00.000Z","1653470220",
"2551","22b77d7829c68dcd","E2:1F:7B:35:CC:08","72.95597484276729","9","0.4222972972972973","0","159","2022-05-25T09:18:00.000Z","1653470280",
"2551","22b77d7829c68dcd","E2:1F:7B:35:CC:08","59.119496855345915","6","0.41118421052631576","0","159","2022-05-25T09:19:00.000Z","1653470340",
"2551","22b77d7829c68dcd","E2:1F:7B:35:CC:08","76.72955974842768","8","0.5208333333333334","0","159","2022-05-25T09:20:00.000Z","1653470400",
"2551","22b77d7829c68dcd","E2:1F:7B:35:CC:08","77.9874213836478","10","0.33967391304347827","0","159","2022-05-25T09:21:00.000Z","1653470460",
"2551","22b77d7829c68dcd","E2:1F:7B:35:CC:08","95.59748427672956","7","0.41118421052631576","2","159","2022-05-25T09:22:00.000Z","1653470520",
"2551","22b77d7829c68dcd","E2:1F:7B:35:CC:08","89.30817610062893","0","0.2840909090909091","4","159","2022-05-25T09:23:00.000Z","1653470580",
"2551","22b77d7829c68dcd","E2:1F:7B:35:CC:08","72.95597484276729","11","0.14602803738317757","0","159","2022-05-25T09:24:00.000Z","1653470640",
"2551","22b77d7829c68dcd","E2:1F:7B:35:CC:08","69.18238993710692","5","0.41118421052631576","7","159","2022-05-25T09:25:00.000Z","1653470700",
"2551","22b77d7829c68dcd","E2:1F:7B:35:CC:08","69.18238993710692","8","0.7440476190476191","7","159","2022-05-25T09:26:00.000Z","1653470760",
"2551","22b77d7829c68dcd","E2:1F:7B:35:CC:08","76.72955974842768","3","0.6793478260869565","0","159","2022-05-25T09:27:00.000Z","1653470820",
"2551","22b77d7829c68dcd","E2:1F:7B:35:CC:08","57.861635220125784","1","0.6009615384615384","0","159","2022-05-25T09:28:00.000Z","1653470880",
"2551","22b77d7829c68dcd","E2:1F:7B:35:CC:08","30.18867924528302","0","0.5787037037037037","0","159","2022-05-25T09:29:00.000Z","1653470940",
"2551","22b77d7829c68dcd","E2:1F:7B:35:CC:08","17.61006289308176","0","0.5580357142857143","0","159","2022-05-25T09:30:00.000Z","1653471000",
"2551","22b77d7829c68dcd","E2:1F:7B:35:CC:08","12.578616352201259","0","0.5387931034482759","0","159","2022-05-25T09:31:00.000Z","1653471060",
"2551","22b77d7829c68dcd","E2:1F:7B:35:CC:08","22.641509433962263","2","0.6009615384615384","1","159","2022-05-25T09:32:00.000Z","1653471120",
"2551","22b77d7829c68dcd","E2:1F:7B:35:CC:08","54.088050314465406","6","0.4734848484848485","0","159","2022-05-25T09:33:00.000Z","1653471180",
"2551","22b77d7829c68dcd","E2:1F:7B:35:CC:08","61.63522012578616","4","0.625","0","159","2022-05-25T09:34:00.000Z","1653471240",
"2551","22b77d7829c68dcd","E2:1F:7B:35:CC:08","33.9622641509434","0","0.5040322580645161","1","159","2022-05-25T09:35:00.000Z","1653471300",
"2551","22b77d7829c68dcd","E2:1F:7B:35:CC:08","42.76729559748428","2","0.5387931034482759","0","159","2022-05-25T09:36:00.000Z","1653471360",
"2551","22b77d7829c68dcd","E2:1F:7B:35:CC:08","23.89937106918239","0","0.4222972972972973","0","159","2022-05-25T09:37:00.000Z","1653471420",
"2551","22b77d7829c68dcd","E2:1F:7B:35:CC:08","23.89937106918239","4","0.2741228070175439","1","159","2022-05-25T09:38:00.000Z","1653471480",
"2551","22b77d7829c68dcd","E2:1F:7B:35:CC:08","32.704402515723274","1","0.31887755102040816","0","159","2022-05-25T09:39:00.000Z","1653471540",
"2551","22b77d7829c68dcd","E2:1F:7B:35:CC:08","26.41509433962264","0","0.19054878048780488","0","159","2022-05-25T09:40:00.000Z","1653471600",
"2551","22b77d7829c68dcd","E2:1F:7B:35:CC:08","41.509433962264154","6","0.2648305084745763","0","159","2022-05-25T09:41:00.000Z","1653471660",
"2551","22b77d7829c68dcd","E2:1F:7B:35:CC:08","57.861635220125784","1","0.2840909090909091","0","159","2022-05-25T09:42:00.000Z","1653471720",
"2551","22b77d7829c68dcd","E2:1F:7B:35:CC:08","38.9937106918239","1","0.13241525423728814","0","159","2022-05-25T09:43:00.000Z","1653471780",
"2551","22b77d7829c68dcd","E2:1F:7B:35:CC:08","100","7","0.23674242424242425","0","159","2022-05-25T09:44:00.000Z","1653471840",
"2551","22b77d7829c68dcd","E2:1F:7B:35:CC:08","66.66666666666667","2","0.26939655172413796","0","159","2022-05-25T09:45:00.000Z","1653471900",
"2551","22b77d7829c68dcd","E2:1F:7B:35:CC:08","32.704402515723274","0","0.28935185185185186","0","159","2022-05-25T09:46:00.000Z","1653471960",
"2551","22b77d7829c68dcd","E2:1F:7B:35:CC:08","18.867924528301888","0","0.30637254901960786","0","159","2022-05-25T09:47:00.000Z","1653472020",
"2551","22b77d7829c68dcd","E2:1F:7B:35:CC:08","11.320754716981131","0","0.31887755102040816","0","159","2022-05-25T09:48:00.000Z","1653472080",
"2551","22b77d7829c68dcd","E2:1F:7B:35:CC:08","7.547169811320755","0","0.3255208333333333","0","159","2022-05-25T09:49:00.000Z","1653472140",
"2551","22b77d7829c68dcd","E2:1F:7B:35:CC:08","6.289308176100629","0","0.33967391304347827","0","159","2022-05-25T09:50:00.000Z","1653472200",
"2551","22b77d7829c68dcd","E2:1F:7B:35:CC:08","3.7735849056603774","0","0.3472222222222222","0","159","2022-05-25T09:51:00.000Z","1653472260",
"2551","22b77d7829c68dcd","E2:1F:7B:35:CC:08","3.7735849056603774","0","0.3255208333333333","0","159","2022-05-25T09:52:00.000Z","1653472320",
"2551","22b77d7829c68dcd","E2:1F:7B:35:CC:08","2.5157232704402515","0","0.3324468085106383","0","159","2022-05-25T09:53:00.000Z","1653472380",
"2551","22b77d7829c68dcd","E2:1F:7B:35:CC:08","18.867924528301888","0","0.16276041666666666","0","159","2022-05-25T09:56:00.000Z","1653472560",
"2551","22b77d7829c68dcd","E2:1F:7B:35:CC:08","25.157232704402517","2","0.175561797752809","0","159","2022-05-25T09:57:00.000Z","1653472620",
"2551","22b77d7829c68dcd","E2:1F:7B:35:CC:08","35.22012578616352","4","0.18601190476190477","0","159","2022-05-25T09:58:00.000Z","1653472680",
"2551","22b77d7829c68dcd","E2:1F:7B:35:CC:08","27.67295597484277","0","0.12600806451612903","0","159","2022-05-25T09:59:00.000Z","1653472740",
"2551","22b77d7829c68dcd","E2:1F:7B:35:CC:08","88.0503144654088","2","0.21114864864864866","0","159","2022-05-25T10:00:00.000Z","1653472800",
"2551","22b77d7829c68dcd","E2:1F:7B:35:CC:08","47.79874213836478","0","0.20559210526315788","0","159","2022-05-25T10:01:00.000Z","1653472860",
"2551","22b77d7829c68dcd","E2:1F:7B:35:CC:08","35.22012578616352","0","0.20032051282051283","1","159","2022-05-25T10:02:00.000Z","1653472920",
"2551","22b77d7829c68dcd","E2:1F:7B:35:CC:08","49.056603773584904","5","0.1502403846153846","1","159","2022-05-25T10:03:00.000Z","1653472980",
"2551","22b77d7829c68dcd","E2:1F:7B:35:CC:08","46.540880503144656","0","0.062250996015936255","0","159","2022-05-25T10:04:00.000Z","1653473040",
"2551","22b77d7829c68dcd","E2:1F:7B:35:CC:08","64.15094339622641","8","0.0882768361581921","0","159","2022-05-25T10:05:00.000Z","1653473100",
"2551","22b77d7829c68dcd","E2:1F:7B:35:CC:08","90.56603773584905","9","0.13020833333333334","0","159","2022-05-25T10:06:00.000Z","1653473160",
"2551","22b77d7829c68dcd","E2:1F:7B:35:CC:08","61.63522012578616","5","0.14602803738317757","0","159","2022-05-25T10:07:00.000Z","1653473220",
"2551","22b77d7829c68dcd","E2:1F:7B:35:CC:08","41.509433962264154","1","0.13827433628318583","0","159","2022-05-25T10:08:00.000Z","1653473280",
"2551","22b77d7829c68dcd","E2:1F:7B:35:CC:08","28.930817610062892","0","0.14602803738317757","0","159","2022-05-25T10:09:00.000Z","1653473340",
"2551","22b77d7829c68dcd","E2:1F:7B:35:CC:08","31.446540880503143","4","0.12112403100775193","2","159","2022-05-25T10:10:00.000Z","1653473400",
"2551","22b77d7829c68dcd","E2:1F:7B:35:CC:08","41.509433962264154","6","0.12913223140495866","2","159","2022-05-25T10:11:00.000Z","1653473460",
"2551","22b77d7829c68dcd","E2:1F:7B:35:CC:08","55.34591194968554","8","0.20833333333333334","1","159","2022-05-25T10:12:00.000Z","1653473520",
"2551","22b77d7829c68dcd","E2:1F:7B:35:CC:08","59.87261146496815","8","0.13130252100840337","0","157","2022-05-30T21:57:00.000Z","1653947820",
"2551","22b77d7829c68dcd","E2:1F:7B:35:CC:08","44.5859872611465","2","0.12600806451612903","1","157","2022-05-30T21:58:00.000Z","1653947880",
"2551","22b77d7829c68dcd","E2:1F:7B:35:CC:08","40.76433121019108","2","0.14076576576576577","0","157","2022-05-30T21:59:00.000Z","1653947940",
"2551","22b77d7829c68dcd","E2:1F:7B:35:CC:08","31.84713375796178","0","0.1166044776119403","12","157","2022-05-30T22:00:00.000Z","1653948000",
"2551","22b77d7829c68dcd","E2:1F:7B:35:CC:08","43.31210191082803","2","0.13469827586206898","5","157","2022-05-30T22:01:00.000Z","1653948060",
"2551","22b77d7829c68dcd","E2:1F:7B:35:CC:08","29.29936305732484","0","0.14602803738317757","0","157","2022-05-30T22:02:00.000Z","1653948120",
"2551","22b77d7829c68dcd","E2:1F:7B:35:CC:08","42.038216560509554","6","0.143348623853211","16","157","2022-05-30T22:03:00.000Z","1653948180",
"2551","22b77d7829c68dcd","E2:1F:7B:35:CC:08","49.681528662420384","1","0.143348623853211","0","157","2022-05-30T22:04:00.000Z","1653948240",
"2551","22b77d7829c68dcd","E2:1F:7B:35:CC:08","45.859872611464965","7","0.16983695652173914","0","157","2022-05-30T22:05:00.000Z","1653948300",
"2551","22b77d7829c68dcd","E2:1F:7B:35:CC:08","34.394904458598724","0","0.19054878048780488","0","157","2022-05-30T22:06:00.000Z","1653948360",
"2551","22b77d7829c68dcd","E2:1F:7B:35:CC:08","22.929936305732483","0","0.20559210526315788","0","157","2022-05-30T22:07:00.000Z","1653948420",
"2551","22b77d7829c68dcd","E2:1F:7B:35:CC:08","16.56050955414013","0","0.17755681818181818","0","157","2022-05-30T22:08:00.000Z","1653948480",
"2551","22b77d7829c68dcd","E2:1F:7B:35:CC:08","8.9171974522293","0","0.1816860465116279","0","157","2022-05-30T22:09:00.000Z","1653948540",
"2551","22b77d7829c68dcd","E2:1F:7B:35:CC:08","5.095541401273885","0","0.18601190476190477","0","157","2022-05-30T22:10:00.000Z","1653948600",
"2551","22b77d7829c68dcd","E2:1F:7B:35:CC:08","5.095541401273885","0","0.19054878048780488","0","157","2022-05-30T22:11:00.000Z","1653948660",
"2551","22b77d7829c68dcd","E2:1F:7B:35:CC:08","3.821656050955414","0","0.1953125","0","157","2022-05-30T22:12:00.000Z","1653948720",
"2551","22b77d7829c68dcd","E2:1F:7B:35:CC:08","3.821656050955414","0","0.20032051282051283","0","157","2022-05-30T22:13:00.000Z","1653948780",
"2551","22b77d7829c68dcd","E2:1F:7B:35:CC:08","3.821656050955414","0","0.20292207792207792","0","157","2022-05-30T22:14:00.000Z","1653948840",
"2551","22b77d7829c68dcd","E2:1F:7B:35:CC:08","3.821656050955414","0","0.20559210526315788","0","157","2022-05-30T22:15:00.000Z","1653948900",
"2551","22b77d7829c68dcd","E2:1F:7B:35:CC:08","3.821656050955414","0","0.21114864864864866","0","157","2022-05-30T22:16:00.000Z","1653948960",
"2551","22b77d7829c68dcd","E2:1F:7B:35:CC:08","3.821656050955414","0","0.21404109589041095","0","157","2022-05-30T22:17:00.000Z","1653949020",
"2551","22b77d7829c68dcd","E2:1F:7B:35:CC:08","2.5477707006369426","0","0.21404109589041095","0","157","2022-05-30T22:18:00.000Z","1653949080",
"2551","22b77d7829c68dcd","E2:1F:7B:35:CC:08","2.5477707006369426","0","0.2170138888888889","0","157","2022-05-30T22:19:00.000Z","1653949140",
"2551","22b77d7829c68dcd","E2:1F:7B:35:CC:08","2.5477707006369426","0","0.22007042253521128","0","157","2022-05-30T22:20:00.000Z","1653949200",
"2551","22b77d7829c68dcd","E2:1F:7B:35:CC:08","2.5477707006369426","0","0.22321428571428573","0","157","2022-05-30T22:21:00.000Z","1653949260",
"2551","22b77d7829c68dcd","E2:1F:7B:35:CC:08","2.5477707006369426","0","0.22644927536231885","0","157","2022-05-30T22:22:00.000Z","1653949320",
"2551","22b77d7829c68dcd","E2:1F:7B:35:CC:08","2.5477707006369426","0","0.22644927536231885","0","157","2022-05-30T22:23:00.000Z","1653949380",
"2551","22b77d7829c68dcd","E2:1F:7B:35:CC:08","2.5477707006369426","0","0.22977941176470587","0","157","2022-05-30T22:24:00.000Z","1653949440",
"2551","22b77d7829c68dcd","E2:1F:7B:35:CC:08","2.5477707006369426","0","0.2332089552238806","0","157","2022-05-30T22:25:00.000Z","1653949500",
"2551","22b77d7829c68dcd","E2:1F:7B:35:CC:08","2.5477707006369426","0","0.2332089552238806","0","157","2022-05-30T22:26:00.000Z","1653949560",
"2551","22b77d7829c68dcd","E2:1F:7B:35:CC:08","2.5477707006369426","0","0.23674242424242425","0","157","2022-05-30T22:27:00.000Z","1653949620",
"2551","22b77d7829c68dcd","E2:1F:7B:35:CC:08","2.5477707006369426","0","0.23674242424242425","0","157","2022-05-30T22:28:00.000Z","1653949680",
"2551","22b77d7829c68dcd","E2:1F:7B:35:CC:08","2.5477707006369426","0","0.2403846153846154","0","157","2022-05-30T22:29:00.000Z","1653949740",
"2551","22b77d7829c68dcd","E2:1F:7B:35:CC:08","2.5477707006369426","0","0.2403846153846154","0","157","2022-05-30T22:30:00.000Z","1653949800",
"2551","22b77d7829c68dcd","E2:1F:7B:35:CC:08","2.5477707006369426","0","0.244140625","0","157","2022-05-30T22:31:00.000Z","1653949860",
"2551","22b77d7829c68dcd","E2:1F:7B:35:CC:08","20.38216560509554","0","0.22321428571428573","1","157","2022-05-30T22:32:00.000Z","1653949920",
"2551","22b77d7829c68dcd","E2:1F:7B:35:CC:08","33.12101910828026","4","0.1953125","0","157","2022-05-30T22:33:00.000Z","1653949980",
"2551","22b77d7829c68dcd","E2:1F:7B:35:CC:08","25.477707006369428","0","0.20833333333333334","0","157","2022-05-30T22:34:00.000Z","1653950040",
"2551","22b77d7829c68dcd","E2:1F:7B:35:CC:08","17.8343949044586","0","0.22321428571428573","0","157","2022-05-30T22:35:00.000Z","1653950100",
"2551","22b77d7829c68dcd","E2:1F:7B:35:CC:08","11.464968152866241","0","0.2332089552238806","0","157","2022-05-30T22:36:00.000Z","1653950160",
"2551","22b77d7829c68dcd","E2:1F:7B:35:CC:08","8.9171974522293","0","0.2403846153846154","0","157","2022-05-30T22:37:00.000Z","1653950220",
"2551","22b77d7829c68dcd","E2:1F:7B:35:CC:08","6.369426751592357","0","0.24801587301587302","0","157","2022-05-30T22:38:00.000Z","1653950280",
"2551","22b77d7829c68dcd","E2:1F:7B:35:CC:08","5.095541401273885","0","0.25614754098360654","0","157","2022-05-30T22:39:00.000Z","1653950340",
"2551","22b77d7829c68dcd","E2:1F:7B:35:CC:08","5.095541401273885","0","0.2604166666666667","0","157","2022-05-30T22:40:00.000Z","1653950400",
"2551","22b77d7829c68dcd","E2:1F:7B:35:CC:08","5.095541401273885","0","0.26939655172413796","0","157","2022-05-30T22:41:00.000Z","1653950460",
"2551","22b77d7829c68dcd","E2:1F:7B:35:CC:08","5.095541401273885","0","0.2741228070175439","0","157","2022-05-30T22:42:00.000Z","1653950520",
"2551","22b77d7829c68dcd","E2:1F:7B:35:CC:08","5.095541401273885","0","0.2840909090909091","0","157","2022-05-30T22:43:00.000Z","1653950580",
"2551","22b77d7829c68dcd","E2:1F:7B:35:CC:08","3.821656050955414","0","0.28935185185185186","0","157","2022-05-30T22:44:00.000Z","1653950640",
"2551","22b77d7829c68dcd","E2:1F:7B:35:CC:08","3.821656050955414","0","0.294811320754717","0","157","2022-05-30T22:45:00.000Z","1653950700",
"2551","22b77d7829c68dcd","E2:1F:7B:35:CC:08","3.821656050955414","0","0.3004807692307692","0","157","2022-05-30T22:46:00.000Z","1653950760",
"2551","22b77d7829c68dcd","E2:1F:7B:35:CC:08","3.821656050955414","0","0.30637254901960786","0","157","2022-05-30T22:47:00.000Z","1653950820",
"2551","22b77d7829c68dcd","E2:1F:7B:35:CC:08","3.821656050955414","0","0.3125","0","157","2022-05-30T22:48:00.000Z","1653950880",
"2551","22b77d7829c68dcd","E2:1F:7B:35:CC:08","2.5477707006369426","0","0.31887755102040816","0","157","2022-05-30T22:49:00.000Z","1653950940",
"2551","22b77d7829c68dcd","E2:1F:7B:35:CC:08","2.5477707006369426","0","0.31887755102040816","0","157","2022-05-30T22:50:00.000Z","1653951000",
"2551","22b77d7829c68dcd","E2:1F:7B:35:CC:08","3.821656050955414","0","0.3255208333333333","0","157","2022-05-30T22:51:00.000Z","1653951060",
"2551","22b77d7829c68dcd","E2:1F:7B:35:CC:08","3.821656050955414","0","0.3324468085106383","0","157","2022-05-30T22:52:00.000Z","1653951120",
"2551","22b77d7829c68dcd","E2:1F:7B:35:CC:08","3.821656050955414","0","0.33967391304347827","0","157","2022-05-30T22:53:00.000Z","1653951180",
"2551","22b77d7829c68dcd","E2:1F:7B:35:CC:08","6.369426751592357","1","0.294811320754717","0","157","2022-05-30T22:54:00.000Z","1653951240",
"2551","22b77d7829c68dcd","E2:1F:7B:35:CC:08","21.656050955414013","1","0.3324468085106383","0","157","2022-05-30T22:55:00.000Z","1653951300",
"2551","22b77d7829c68dcd","E2:1F:7B:35:CC:08","14.012738853503185","0","0.33967391304347827","0","157","2022-05-30T22:56:00.000Z","1653951360",
"2551","22b77d7829c68dcd","E2:1F:7B:35:CC:08","7.643312101910828","0","0.35511363636363635","0","157","2022-05-30T22:57:00.000Z","1653951420",
"2551","22b77d7829c68dcd","E2:1F:7B:35:CC:08","5.095541401273885","0","0.3633720930232558","0","157","2022-05-30T22:58:00.000Z","1653951480",
"2551","22b77d7829c68dcd","E2:1F:7B:35:CC:08","3.821656050955414","0","0.37202380952380953","0","157","2022-05-30T22:59:00.000Z","1653951540",
"2551","22b77d7829c68dcd","E2:1F:7B:35:CC:08","3.821656050955414","0","0.38109756097560976","0","157","2022-05-30T23:00:00.000Z","1653951600",
"2551","22b77d7829c68dcd","E2:1F:7B:35:CC:08","2.5477707006369426","0","0.38109756097560976","0","157","2022-05-30T23:01:00.000Z","1653951660",
"2551","22b77d7829c68dcd","E2:1F:7B:35:CC:08","2.5477707006369426","0","0.390625","0","157","2022-05-30T23:02:00.000Z","1653951720",
"2551","22b77d7829c68dcd","E2:1F:7B:35:CC:08","2.5477707006369426","0","0.40064102564102566","0","157","2022-05-30T23:03:00.000Z","1653951780",
"2551","22b77d7829c68dcd","E2:1F:7B:35:CC:08","2.5477707006369426","0","0.41118421052631576","0","157","2022-05-30T23:04:00.000Z","1653951840",
"2551","22b77d7829c68dcd","E2:1F:7B:35:CC:08","3.821656050955414","0","0.4222972972972973","0","157","2022-05-30T23:05:00.000Z","1653951900",
"2551","22b77d7829c68dcd","E2:1F:7B:35:CC:08","5.095541401273885","0","0.4222972972972973","0","157","2022-05-30T23:06:00.000Z","1653951960",
"2551","22b77d7829c68dcd","E2:1F:7B:35:CC:08","14.012738853503185","0","0.40064102564102566","0","157","2022-05-30T23:07:00.000Z","1653952020",
"2551","22b77d7829c68dcd","E2:1F:7B:35:CC:08","8.9171974522293","0","0.41118421052631576","0","157","2022-05-30T23:08:00.000Z","1653952080",
"2551","22b77d7829c68dcd","E2:1F:7B:35:CC:08","10.19108280254777","0","0.4340277777777778","0","157","2022-05-30T23:09:00.000Z","1653952140",
"2551","22b77d7829c68dcd","E2:1F:7B:35:CC:08","7.643312101910828","0","0.44642857142857145","0","157","2022-05-30T23:10:00.000Z","1653952200",
"2551","22b77d7829c68dcd","E2:1F:7B:35:CC:08","12.738853503184714","0","0.45955882352941174","0","157","2022-05-30T23:11:00.000Z","1653952260",
"2551","22b77d7829c68dcd","E2:1F:7B:35:CC:08","11.464968152866241","0","0.4734848484848485","0","157","2022-05-30T23:12:00.000Z","1653952320",
"2551","22b77d7829c68dcd","E2:1F:7B:35:CC:08","10.19108280254777","0","0.48828125","0","157","2022-05-30T23:13:00.000Z","1653952380",
"2551","22b77d7829c68dcd","E2:1F:7B:35:CC:08","7.643312101910828","0","0.48828125","0","157","2022-05-30T23:14:00.000Z","1653952440",
"2551","22b77d7829c68dcd","E2:1F:7B:35:CC:08","8.9171974522293","0","0.48828125","0","157","2022-05-30T23:15:00.000Z","1653952500",
"2551","22b77d7829c68dcd","E2:1F:7B:35:CC:08","8.9171974522293","0","0.5040322580645161","0","157","2022-05-30T23:16:00.000Z","1653952560",
"2551","22b77d7829c68dcd","E2:1F:7B:35:CC:08","6.369426751592357","0","0.5040322580645161","0","157","2022-05-30T23:17:00.000Z","1653952620",
"2551","22b77d7829c68dcd","E2:1F:7B:35:CC:08","5.095541401273885","0","0.5040322580645161","0","157","2022-05-30T23:18:00.000Z","1653952680",
"2551","22b77d7829c68dcd","E2:1F:7B:35:CC:08","3.821656050955414","0","0.5040322580645161","0","157","2022-05-30T23:19:00.000Z","1653952740",
"2551","22b77d7829c68dcd","E2:1F:7B:35:CC:08","2.5477707006369426","0","0.5040322580645161","0","157","2022-05-30T23:20:00.000Z","1653952800",
"2551","22b77d7829c68dcd","E2:1F:7B:35:CC:08","2.5477707006369426","0","0.5040322580645161","0","157","2022-05-30T23:21:00.000Z","1653952860",
"2551","22b77d7829c68dcd","E2:1F:7B:35:CC:08","2.5477707006369426","0","0.5040322580645161","0","157","2022-05-30T23:22:00.000Z","1653952920",
"2551","22b77d7829c68dcd","E2:1F:7B:35:CC:08","2.5477707006369426","0","0.5208333333333334","0","157","2022-05-30T23:23:00.000Z","1653952980",
"2551","22b77d7829c68dcd","E2:1F:7B:35:CC:08","2.5477707006369426","0","0.5208333333333334","0","157","2022-05-30T23:24:00.000Z","1653953040",
"2551","22b77d7829c68dcd","E2:1F:7B:35:CC:08","2.5477707006369426","0","0.5208333333333334","0","157","2022-05-30T23:25:00.000Z","1653953100",
"2551","22b77d7829c68dcd","E2:1F:7B:35:CC:08","2.5477707006369426","0","0.5208333333333334","0","157","2022-05-30T23:26:00.000Z","1653953160",
"2551","22b77d7829c68dcd","E2:1F:7B:35:CC:08","2.5477707006369426","0","0.5208333333333334","0","157","2022-05-30T23:27:00.000Z","1653953220",
"2551","22b77d7829c68dcd","E2:1F:7B:35:CC:08","2.5477707006369426","0","0.5208333333333334","0","157","2022-05-30T23:28:00.000Z","1653953280",
"2551","22b77d7829c68dcd","E2:1F:7B:35:CC:08","3.821656050955414","0","0.5208333333333334","0","157","2022-05-30T23:29:00.000Z","1653953340",
"2551","22b77d7829c68dcd","E2:1F:7B:35:CC:08","2.5477707006369426","0","0.5387931034482759","0","157","2022-05-30T23:30:00.000Z","1653953400",
"2551","22b77d7829c68dcd","E2:1F:7B:35:CC:08","2.5477707006369426","0","0.5387931034482759","0","157","2022-05-30T23:31:00.000Z","1653953460",
"2551","22b77d7829c68dcd","E2:1F:7B:35:CC:08","2.5477707006369426","0","0.5387931034482759","0","157","2022-05-30T23:32:00.000Z","1653953520",
"2551","22b77d7829c68dcd","E2:1F:7B:35:CC:08","2.5477707006369426","0","0.5387931034482759","0","157","2022-05-30T23:33:00.000Z","1653953580",
"2551","22b77d7829c68dcd","E2:1F:7B:35:CC:08","2.5477707006369426","0","0.5387931034482759","0","157","2022-05-30T23:34:00.000Z","1653953640",
"2551","22b77d7829c68dcd","E2:1F:7B:35:CC:08","2.5477707006369426","0","0.5580357142857143","0","157","2022-05-30T23:35:00.000Z","1653953700",
"2551","22b77d7829c68dcd","E2:1F:7B:35:CC:08","2.5477707006369426","0","0.5580357142857143","0","157","2022-05-30T23:36:00.000Z","1653953760",
"2551","22b77d7829c68dcd","E2:1F:7B:35:CC:08","2.5477707006369426","0","0.5580357142857143","0","157","2022-05-30T23:37:00.000Z","1653953820",
"2551","22b77d7829c68dcd","E2:1F:7B:35:CC:08","2.5477707006369426","0","0.5580357142857143","0","157","2022-05-30T23:38:00.000Z","1653953880",
"2551","22b77d7829c68dcd","E2:1F:7B:35:CC:08","2.5477707006369426","0","0.5580357142857143","0","157","2022-05-30T23:39:00.000Z","1653953940",
"2551","22b77d7829c68dcd","E2:1F:7B:35:CC:08","2.5477707006369426","0","0.5787037037037037","0","157","2022-05-30T23:40:00.000Z","1653954000",
"2551","22b77d7829c68dcd","E2:1F:7B:35:CC:08","2.5477707006369426","0","0.5787037037037037","0","157","2022-05-30T23:41:00.000Z","1653954060",
"2551","22b77d7829c68dcd","E2:1F:7B:35:CC:08","2.5477707006369426","0","0.5787037037037037","0","157","2022-05-30T23:42:00.000Z","1653954120",
"2551","22b77d7829c68dcd","E2:1F:7B:35:CC:08","8.9171974522293","0","0.5387931034482759","0","157","2022-05-30T23:43:00.000Z","1653954180",
"2551","22b77d7829c68dcd","E2:1F:7B:35:CC:08","16.56050955414013","0","0.5208333333333334","1","157","2022-05-30T23:44:00.000Z","1653954240",
"2551","22b77d7829c68dcd","E2:1F:7B:35:CC:08","15.286624203821656","0","0.5580357142857143","0","157","2022-05-30T23:45:00.000Z","1653954300",
"2551","22b77d7829c68dcd","E2:1F:7B:35:CC:08","20.38216560509554","3","0.625","0","157","2022-05-30T23:46:00.000Z","1653954360",
"2551","22b77d7829c68dcd","E2:1F:7B:35:CC:08","22.929936305732483","3","0.6793478260869565","0","157","2022-05-30T23:47:00.000Z","1653954420",
"2551","22b77d7829c68dcd","E2:1F:7B:35:CC:08","26.751592356687897","3","0.7102272727272727","0","157","2022-05-30T23:48:00.000Z","1653954480",
"2551","22b77d7829c68dcd","E2:1F:7B:35:CC:08","26.751592356687897","1","0.7440476190476191","0","157","2022-05-30T23:49:00.000Z","1653954540",
"2551","22b77d7829c68dcd","E2:1F:7B:35:CC:08","29.29936305732484","3","0.78125","0","157","2022-05-30T23:50:00.000Z","1653954600",
"2551","22b77d7829c68dcd","E2:1F:7B:35:CC:08","30.573248407643312","7","0.8223684210526315","0","157","2022-05-30T23:51:00.000Z","1653954660",
"2551","22b77d7829c68dcd","E2:1F:7B:35:CC:08","31.84713375796178","4","0.8680555555555556","0","157","2022-05-30T23:52:00.000Z","1653954720",
"2551","22b77d7829c68dcd","E2:1F:7B:35:CC:08","34.394904458598724","6","0.9765625","0","157","2022-05-30T23:53:00.000Z","1653954780",
"2551","22b77d7829c68dcd","E2:1F:7B:35:CC:08","33.12101910828026","6","1.0416666666666667","0","157","2022-05-30T23:54:00.000Z","1653954840",
"2551","22b77d7829c68dcd","E2:1F:7B:35:CC:08","33.12101910828026","6","1.0416666666666667","0","157","2022-05-30T23:55:00.000Z","1653954900",
"2551","22b77d7829c68dcd","E2:1F:7B:35:CC:08","33.12101910828026","7","1.1160714285714286","0","157","2022-05-30T23:56:00.000Z","1653954960",
"2551","22b77d7829c68dcd","E2:1F:7B:35:CC:08","31.84713375796178","4","1.2019230769230769","0","157","2022-05-30T23:57:00.000Z","1653955020",
"2551","22b77d7829c68dcd","E2:1F:7B:35:CC:08","36.94267515923567","4","1.3020833333333333","0","157","2022-05-30T23:58:00.000Z","1653955080",
"2551","22b77d7829c68dcd","E2:1F:7B:35:CC:08","38.21656050955414","6","1.4204545454545454","0","157","2022-05-30T23:59:00.000Z","1653955140",
"2551","22b77d7829c68dcd","E2:1F:7B:35:CC:08","38.21656050955414","5","1.4204545454545454","0","157","2022-05-31T00:00:00.000Z","1653955200",
"2551","22b77d7829c68dcd","E2:1F:7B:35:CC:08","42.038216560509554","5","1.5625","0","157","2022-05-31T00:01:00.000Z","1653955260",
"2551","22b77d7829c68dcd","E2:1F:7B:35:CC:08","38.21656050955414","5","1.7361111111111112","0","157","2022-05-31T00:02:00.000Z","1653955320",
"2551","22b77d7829c68dcd","E2:1F:7B:35:CC:08","40.76433121019108","4","1.7361111111111112","0","157","2022-05-31T00:03:00.000Z","1653955380",
"2551","22b77d7829c68dcd","E2:1F:7B:35:CC:08","38.21656050955414","5","1.953125","0","157","2022-05-31T00:04:00.000Z","1653955440",
"2551","22b77d7829c68dcd","E2:1F:7B:35:CC:08","31.84713375796178","4","1.953125","0","157","2022-05-31T00:05:00.000Z","1653955500",
"2551","22b77d7829c68dcd","E2:1F:7B:35:CC:08","33.12101910828026","4","1.4204545454545454","2","157","2022-05-31T00:06:00.000Z","1653955560",
"2551","22b77d7829c68dcd","E2:1F:7B:35:CC:08","39.49044585987261","2","1.1160714285714286","1","157","2022-05-31T00:07:00.000Z","1653955620",
"2551","22b77d7829c68dcd","E2:1F:7B:35:CC:08","42.038216560509554","4","1.2019230769230769","0","157","2022-05-31T00:08:00.000Z","1653955680",
"2551","22b77d7829c68dcd","E2:1F:7B:35:CC:08","38.21656050955414","5","1.3020833333333333","0","157","2022-05-31T00:09:00.000Z","1653955740",
"2551","22b77d7829c68dcd","E2:1F:7B:35:CC:08","47.13375796178344","3","1.2019230769230769","0","157","2022-05-31T00:10:00.000Z","1653955800",
"2551","22b77d7829c68dcd","E2:1F:7B:35:CC:08","44.5859872611465","4","1.2019230769230769","0","157","2022-05-31T00:11:00.000Z","1653955860",
"2551","22b77d7829c68dcd","E2:1F:7B:35:CC:08","38.21656050955414","3","0.9191176470588235","1","157","2022-05-31T00:12:00.000Z","1653955920",
"2551","22b77d7829c68dcd","E2:1F:7B:35:CC:08","29.29936305732484","4","0.9191176470588235","0","157","2022-05-31T00:13:00.000Z","1653955980",
"2551","22b77d7829c68dcd","E2:1F:7B:35:CC:08","26.751592356687897","0","0.8680555555555556","0","157","2022-05-31T00:14:00.000Z","1653956040",
"2551","22b77d7829c68dcd","E2:1F:7B:35:CC:08","22.929936305732483","0","0.8680555555555556","0","157","2022-05-31T00:15:00.000Z","1653956100",
"2551","22b77d7829c68dcd","E2:1F:7B:35:CC:08","24.203821656050955","0","0.8680555555555556","0","157","2022-05-31T00:16:00.000Z","1653956160",
"2551","22b77d7829c68dcd","E2:1F:7B:35:CC:08","33.12101910828026","2","0.8680555555555556","0","157","2022-05-31T00:17:00.000Z","1653956220",
"2551","22b77d7829c68dcd","E2:1F:7B:35:CC:08","28.02547770700637","0","0.8680555555555556","0","157","2022-05-31T00:18:00.000Z","1653956280",
"2551","22b77d7829c68dcd","E2:1F:7B:35:CC:08","19.10828025477707","0","0.8223684210526315","0","157","2022-05-31T00:19:00.000Z","1653956340",
"2551","22b77d7829c68dcd","E2:1F:7B:35:CC:08","16.56050955414013","0","0.8223684210526315","0","157","2022-05-31T00:20:00.000Z","1653956400",
"2551","22b77d7829c68dcd","E2:1F:7B:35:CC:08","14.012738853503185","0","0.8223684210526315","0","157","2022-05-31T00:21:00.000Z","1653956460",
"2551","22b77d7829c68dcd","E2:1F:7B:35:CC:08","12.738853503184714","0","0.8223684210526315","0","157","2022-05-31T00:22:00.000Z","1653956520",
"2551","22b77d7829c68dcd","E2:1F:7B:35:CC:08","12.738853503184714","0","0.8223684210526315","0","157","2022-05-31T00:23:00.000Z","1653956580",
"2551","22b77d7829c68dcd","E2:1F:7B:35:CC:08","12.738853503184714","0","0.8223684210526315","0","157","2022-05-31T00:24:00.000Z","1653956640",
"2551","22b77d7829c68dcd","E2:1F:7B:35:CC:08","21.656050955414013","2","0.8680555555555556","0","157","2022-05-31T00:25:00.000Z","1653956700",
"2551","22b77d7829c68dcd","E2:1F:7B:35:CC:08","25.477707006369428","3","0.9191176470588235","0","157","2022-05-31T00:26:00.000Z","1653956760",
"2551","22b77d7829c68dcd","E2:1F:7B:35:CC:08","29.29936305732484","2","0.9191176470588235","0","157","2022-05-31T00:27:00.000Z","1653956820",
"2551","22b77d7829c68dcd","E2:1F:7B:35:CC:08","26.751592356687897","1","0.9191176470588235","0","157","2022-05-31T00:28:00.000Z","1653956880",
"2551","22b77d7829c68dcd","E2:1F:7B:35:CC:08","26.751592356687897","3","0.9765625","0","157","2022-05-31T00:29:00.000Z","1653956940",
"2551","22b77d7829c68dcd","E2:1F:7B:35:CC:08","33.12101910828026","2","1.0416666666666667","0","157","2022-05-31T00:30:00.000Z","1653957000",
"2551","22b77d7829c68dcd","E2:1F:7B:35:CC:08","33.12101910828026","4","1.0416666666666667","0","157","2022-05-31T00:31:00.000Z","1653957060",
"2551","22b77d7829c68dcd","E2:1F:7B:35:CC:08","44.5859872611465","1","0.9191176470588235","0","157","2022-05-31T00:32:00.000Z","1653957120",
"2551","22b77d7829c68dcd","E2:1F:7B:35:CC:08","35.6687898089172","1","0.9191176470588235","0","157","2022-05-31T00:33:00.000Z","1653957180",
"2551","22b77d7829c68dcd","E2:1F:7B:35:CC:08","22.929936305732483","2","0.9765625","0","157","2022-05-31T00:34:00.000Z","1653957240",
"2551","22b77d7829c68dcd","E2:1F:7B:35:CC:08","25.477707006369428","2","1.0416666666666667","0","157","2022-05-31T00:35:00.000Z","1653957300",
"2551","22b77d7829c68dcd","E2:1F:7B:35:CC:08","33.12101910828026","6","1.1160714285714286","0","157","2022-05-31T00:36:00.000Z","1653957360",
"2551","22b77d7829c68dcd","E2:1F:7B:35:CC:08","45.859872611464965","0","0.9191176470588235","0","157","2022-05-31T00:37:00.000Z","1653957420",
"2551","22b77d7829c68dcd","E2:1F:7B:35:CC:08","45.859872611464965","4","0.9765625","0","157","2022-05-31T00:38:00.000Z","1653957480",
"2551","22b77d7829c68dcd","E2:1F:7B:35:CC:08","36.94267515923567","3","1.0416666666666667","0","157","2022-05-31T00:39:00.000Z","1653957540",
"2551","22b77d7829c68dcd","E2:1F:7B:35:CC:08","33.12101910828026","2","0.9765625","0","157","2022-05-31T00:40:00.000Z","1653957600",
"2551","22b77d7829c68dcd","E2:1F:7B:35:CC:08","36.94267515923567","1","0.9765625","0","157","2022-05-31T00:41:00.000Z","1653957660",
"2551","22b77d7829c68dcd","E2:1F:7B:35:CC:08","30.573248407643312","0","0.8680555555555556","0","157","2022-05-31T00:42:00.000Z","1653957720",
"2551","22b77d7829c68dcd","E2:1F:7B:35:CC:08","21.656050955414013","0","0.8680555555555556","0","157","2022-05-31T00:43:00.000Z","1653957780",
"2551","22b77d7829c68dcd","E2:1F:7B:35:CC:08","16.56050955414013","0","0.8223684210526315","0","157","2022-05-31T00:44:00.000Z","1653957840",
"2551","22b77d7829c68dcd","E2:1F:7B:35:CC:08","15.286624203821656","0","0.8223684210526315","0","157","2022-05-31T00:45:00.000Z","1653957900",
"2551","22b77d7829c68dcd","E2:1F:7B:35:CC:08","14.012738853503185","0","0.78125","0","157","2022-05-31T00:46:00.000Z","1653957960",
"2551","22b77d7829c68dcd","E2:1F:7B:35:CC:08","20.38216560509554","1","0.78125","0","157","2022-05-31T00:47:00.000Z","1653958020",
"2551","22b77d7829c68dcd","E2:1F:7B:35:CC:08","15.286624203821656","0","0.78125","0","157","2022-05-31T00:48:00.000Z","1653958080",
"2551","22b77d7829c68dcd","E2:1F:7B:35:CC:08","12.738853503184714","0","0.7440476190476191","0","157","2022-05-31T00:49:00.000Z","1653958140",
"2551","22b77d7829c68dcd","E2:1F:7B:35:CC:08","12.738853503184714","0","0.7440476190476191","0","157","2022-05-31T00:50:00.000Z","1653958200",
"2551","22b77d7829c68dcd","E2:1F:7B:35:CC:08","8.9171974522293","0","0.7102272727272727","0","157","2022-05-31T00:51:00.000Z","1653958260",
"2551","22b77d7829c68dcd","E2:1F:7B:35:CC:08","15.286624203821656","2","0.7440476190476191","0","157","2022-05-31T00:52:00.000Z","1653958320",
"2551","22b77d7829c68dcd","E2:1F:7B:35:CC:08","14.012738853503185","0","0.7102272727272727","0","157","2022-05-31T00:53:00.000Z","1653958380",
"2551","22b77d7829c68dcd","E2:1F:7B:35:CC:08","10.19108280254777","0","0.5787037037037037","0","157","2022-05-31T00:54:00.000Z","1653958440",
"2551","22b77d7829c68dcd","E2:1F:7B:35:CC:08","7.643312101910828","0","0.5787037037037037","0","157","2022-05-31T00:55:00.000Z","1653958500",
"2551","22b77d7829c68dcd","E2:1F:7B:35:CC:08","12.738853503184714","1","0.6009615384615384","0","157","2022-05-31T00:56:00.000Z","1653958560",
"2551","22b77d7829c68dcd","E2:1F:7B:35:CC:08","15.286624203821656","0","0.5208333333333334","0","157","2022-05-31T00:57:00.000Z","1653958620",
"2551","22b77d7829c68dcd","E2:1F:7B:35:CC:08","21.656050955414013","2","0.5787037037037037","0","157","2022-05-31T00:58:00.000Z","1653958680",
"2551","22b77d7829c68dcd","E2:1F:7B:35:CC:08","12.738853503184714","0","0.6009615384615384","0","157","2022-05-31T00:59:00.000Z","1653958740",
"2551","22b77d7829c68dcd","E2:1F:7B:35:CC:08","8.9171974522293","0","0.5787037037037037","0","157","2022-05-31T01:00:00.000Z","1653958800",
"2551","22b77d7829c68dcd","E2:1F:7B:35:CC:08","8.9171974522293","0","0.5787037037037037","0","157","2022-05-31T01:01:00.000Z","1653958860",
"2551","22b77d7829c68dcd","E2:1F:7B:35:CC:08","7.643312101910828","0","0.5787037037037037","0","157","2022-05-31T01:02:00.000Z","1653958920",
"2551","22b77d7829c68dcd","E2:1F:7B:35:CC:08","7.643312101910828","0","0.5787037037037037","0","157","2022-05-31T01:03:00.000Z","1653958980",
"2551","22b77d7829c68dcd","E2:1F:7B:35:CC:08","5.095541401273885","0","0.5787037037037037","0","157","2022-05-31T01:04:00.000Z","1653959040",
"2551","22b77d7829c68dcd","E2:1F:7B:35:CC:08","20.38216560509554","0","0.5040322580645161","0","157","2022-05-31T01:05:00.000Z","1653959100",
"2551","22b77d7829c68dcd","E2:1F:7B:35:CC:08","12.738853503184714","0","0.4222972972972973","0","157","2022-05-31T01:06:00.000Z","1653959160",
"2551","22b77d7829c68dcd","E2:1F:7B:35:CC:08","42.038216560509554","2","0.45955882352941174","0","157","2022-05-31T01:07:00.000Z","1653959220",
"2551","22b77d7829c68dcd","E2:1F:7B:35:CC:08","16.56050955414013","0","0.45955882352941174","0","157","2022-05-31T01:08:00.000Z","1653959280",
"2551","22b77d7829c68dcd","E2:1F:7B:35:CC:08","10.19108280254777","0","0.4734848484848485","0","157","2022-05-31T01:09:00.000Z","1653959340",
"2551","22b77d7829c68dcd","E2:1F:7B:35:CC:08","7.643312101910828","0","0.48828125","0","157","2022-05-31T01:10:00.000Z","1653959400",
"2551","22b77d7829c68dcd","E2:1F:7B:35:CC:08","7.643312101910828","0","0.48828125","0","157","2022-05-31T01:11:00.000Z","1653959460",
"2551","22b77d7829c68dcd","E2:1F:7B:35:CC:08","16.56050955414013","2","0.5387931034482759","0","157","2022-05-31T01:12:00.000Z","1653959520",
"2551","22b77d7829c68dcd","E2:1F:7B:35:CC:08","19.10828025477707","2","0.5580357142857143","0","157","2022-05-31T01:13:00.000Z","1653959580",
"2551","22b77d7829c68dcd","E2:1F:7B:35:CC:08","21.656050955414013","1","0.5580357142857143","0","157","2022-05-31T01:14:00.000Z","1653959640",
"2551","22b77d7829c68dcd","E2:1F:7B:35:CC:08","28.02547770700637","5","0.5787037037037037","0","157","2022-05-31T01:15:00.000Z","1653959700",
"2551","22b77d7829c68dcd","E2:1F:7B:35:CC:08","29.29936305732484","2","0.625","0","157","2022-05-31T01:16:00.000Z","1653959760",
"2551","22b77d7829c68dcd","E2:1F:7B:35:CC:08","38.21656050955414","6","0.6793478260869565","0","157","2022-05-31T01:17:00.000Z","1653959820",
"2551","22b77d7829c68dcd","E2:1F:7B:35:CC:08","49.681528662420384","6","0.7102272727272727","0","157","2022-05-31T01:18:00.000Z","1653959880",
"2551","22b77d7829c68dcd","E2:1F:7B:35:CC:08","47.13375796178344","5","0.78125","0","157","2022-05-31T01:19:00.000Z","1653959940",
"2551","22b77d7829c68dcd","E2:1F:7B:35:CC:08","49.681528662420384","6","0.78125","0","157","2022-05-31T01:20:00.000Z","1653960000",
"2551","22b77d7829c68dcd","E2:1F:7B:35:CC:08","44.5859872611465","3","0.78125","0","157","2022-05-31T01:21:00.000Z","1653960060",
"2551","22b77d7829c68dcd","E2:1F:7B:35:CC:08","42.038216560509554","5","0.7440476190476191","1","157","2022-05-31T01:22:00.000Z","1653960120",
"2551","22b77d7829c68dcd","E2:1F:7B:35:CC:08","44.5859872611465","4","0.78125","0","157","2022-05-31T01:23:00.000Z","1653960180",
"2551","22b77d7829c68dcd","E2:1F:7B:35:CC:08","45.859872611464965","7","0.9191176470588235","0","157","2022-05-31T01:24:00.000Z","1653960240",
"2551","22b77d7829c68dcd","E2:1F:7B:35:CC:08","47.13375796178344","8","0.9765625","0","157","2022-05-31T01:25:00.000Z","1653960300",
"2551","22b77d7829c68dcd","E2:1F:7B:35:CC:08","43.31210191082803","6","1.0416666666666667","0","157","2022-05-31T01:26:00.000Z","1653960360",
"2551","22b77d7829c68dcd","E2:1F:7B:35:CC:08","40.76433121019108","5","1.1160714285714286","0","157","2022-05-31T01:27:00.000Z","1653960420",
"2551","22b77d7829c68dcd","E2:1F:7B:35:CC:08","49.681528662420384","8","1.1160714285714286","0","157","2022-05-31T01:28:00.000Z","1653960480",
"2551","22b77d7829c68dcd","E2:1F:7B:35:CC:08","47.13375796178344","5","1.2019230769230769","0","157","2022-05-31T01:29:00.000Z","1653960540",
"2551","22b77d7829c68dcd","E2:1F:7B:35:CC:08","42.038216560509554","6","1.3020833333333333","0","157","2022-05-31T01:30:00.000Z","1653960600",
"2551","22b77d7829c68dcd","E2:1F:7B:35:CC:08","42.038216560509554","6","1.3020833333333333","0","157","2022-05-31T01:31:00.000Z","1653960660",
"2551","22b77d7829c68dcd","E2:1F:7B:35:CC:08","48.40764331210191","6","1.4204545454545454","0","157","2022-05-31T01:32:00.000Z","1653960720",
"2551","22b77d7829c68dcd","E2:1F:7B:35:CC:08","45.859872611464965","7","1.4204545454545454","0","157","2022-05-31T01:33:00.000Z","1653960780",
"2551","22b77d7829c68dcd","E2:1F:7B:35:CC:08","39.49044585987261","7","1.5625","0","157","2022-05-31T01:34:00.000Z","1653960840",
"2551","22b77d7829c68dcd","E2:1F:7B:35:CC:08","40.76433121019108","6","1.7361111111111112","0","157","2022-05-31T01:35:00.000Z","1653960900",
"2551","22b77d7829c68dcd","E2:1F:7B:35:CC:08","38.21656050955414","4","1.7361111111111112","0","157","2022-05-31T01:36:00.000Z","1653960960",
"2551","22b77d7829c68dcd","E2:1F:7B:35:CC:08","36.94267515923567","3","1.7361111111111112","0","157","2022-05-31T01:37:00.000Z","1653961020",
"2551","22b77d7829c68dcd","E2:1F:7B:35:CC:08","33.12101910828026","4","1.953125","0","157","2022-05-31T01:38:00.000Z","1653961080",
"2551","22b77d7829c68dcd","E2:1F:7B:35:CC:08","31.84713375796178","4","1.953125","0","157","2022-05-31T01:39:00.000Z","1653961140",
"2551","22b77d7829c68dcd","E2:1F:7B:35:CC:08","35.6687898089172","2","1.953125","0","157","2022-05-31T01:40:00.000Z","1653961200",
"2551","22b77d7829c68dcd","E2:1F:7B:35:CC:08","35.6687898089172","3","2.232142857142857","0","157","2022-05-31T01:41:00.000Z","1653961260",
"2551","22b77d7829c68dcd","E2:1F:7B:35:CC:08","28.02547770700637","0","2.232142857142857","0","157","2022-05-31T01:42:00.000Z","1653961320",
"2551","22b77d7829c68dcd","E2:1F:7B:35:CC:08","25.477707006369428","3","2.232142857142857","0","157","2022-05-31T01:43:00.000Z","1653961380",
"2551","22b77d7829c68dcd","E2:1F:7B:35:CC:08","26.751592356687897","2","2.232142857142857","0","157","2022-05-31T01:44:00.000Z","1653961440",
"2551","22b77d7829c68dcd","E2:1F:7B:35:CC:08","26.751592356687897","0","2.232142857142857","0","157","2022-05-31T01:45:00.000Z","1653961500",
"2551","22b77d7829c68dcd","E2:1F:7B:35:CC:08","25.477707006369428","0","2.232142857142857","0","157","2022-05-31T01:46:00.000Z","1653961560",
"2551","22b77d7829c68dcd","E2:1F:7B:35:CC:08","24.203821656050955","0","2.6041666666666665","0","157","2022-05-31T01:47:00.000Z","1653961620",
"2551","22b77d7829c68dcd","E2:1F:7B:35:CC:08","28.02547770700637","3","2.6041666666666665","0","157","2022-05-31T01:48:00.000Z","1653961680",
"2551","22b77d7829c68dcd","E2:1F:7B:35:CC:08","30.573248407643312","2","2.6041666666666665","0","157","2022-05-31T01:49:00.000Z","1653961740",
"2551","22b77d7829c68dcd","E2:1F:7B:35:CC:08","31.84713375796178","3","2.6041666666666665","0","157","2022-05-31T01:50:00.000Z","1653961800",
"2551","22b77d7829c68dcd","E2:1F:7B:35:CC:08","30.573248407643312","0","2.6041666666666665","0","157","2022-05-31T01:51:00.000Z","1653961860",
"2551","22b77d7829c68dcd","E2:1F:7B:35:CC:08","30.573248407643312","2","2.6041666666666665","0","157","2022-05-31T01:52:00.000Z","1653961920",
"2551","22b77d7829c68dcd","E2:1F:7B:35:CC:08","31.84713375796178","5","1.4204545454545454","2","157","2022-05-31T01:53:00.000Z","1653961980",
"2551","22b77d7829c68dcd","E2:1F:7B:35:CC:08","30.573248407643312","4","1.4204545454545454","0","157","2022-05-31T01:54:00.000Z","1653962040",
"2551","22b77d7829c68dcd","E2:1F:7B:35:CC:08","30.573248407643312","4","1.5625","0","157","2022-05-31T01:55:00.000Z","1653962100",
"2551","22b77d7829c68dcd","E2:1F:7B:35:CC:08","28.02547770700637","1","1.2019230769230769","2","157","2022-05-31T01:56:00.000Z","1653962160",
"2551","22b77d7829c68dcd","E2:1F:7B:35:CC:08","38.21656050955414","5","0.9191176470588235","0","157","2022-05-31T01:57:00.000Z","1653962220",
"2551","22b77d7829c68dcd","E2:1F:7B:35:CC:08","30.573248407643312","2","0.9191176470588235","0","157","2022-05-31T01:58:00.000Z","1653962280",
"2551","22b77d7829c68dcd","E2:1F:7B:35:CC:08","24.203821656050955","1","0.9191176470588235","0","157","2022-05-31T01:59:00.000Z","1653962340",
"2551","22b77d7829c68dcd","E2:1F:7B:35:CC:08","20.38216560509554","0","0.9191176470588235","0","157","2022-05-31T02:00:00.000Z","1653962400",
"2551","22b77d7829c68dcd","E2:1F:7B:35:CC:08","24.203821656050955","0","0.8680555555555556","0","157","2022-05-31T02:01:00.000Z","1653962460",
"2551","22b77d7829c68dcd","E2:1F:7B:35:CC:08","17.8343949044586","0","0.8680555555555556","0","157","2022-05-31T02:02:00.000Z","1653962520",
"2551","22b77d7829c68dcd","E2:1F:7B:35:CC:08","17.8343949044586","0","0.8680555555555556","0","157","2022-05-31T02:03:00.000Z","1653962580",
"2551","22b77d7829c68dcd","E2:1F:7B:35:CC:08","19.10828025477707","1","0.5208333333333334","0","157","2022-05-31T02:04:00.000Z","1653962640",
"2551","22b77d7829c68dcd","E2:1F:7B:35:CC:08","17.8343949044586","0","0.5387931034482759","0","157","2022-05-31T02:05:00.000Z","1653962700",
"2551","22b77d7829c68dcd","E2:1F:7B:35:CC:08","11.464968152866241","0","0.5387931034482759","0","157","2022-05-31T02:06:00.000Z","1653962760",
"2551","22b77d7829c68dcd","E2:1F:7B:35:CC:08","10.19108280254777","0","0.5387931034482759","0","157","2022-05-31T02:07:00.000Z","1653962820",
"2551","22b77d7829c68dcd","E2:1F:7B:35:CC:08","8.9171974522293","0","0.5387931034482759","0","157","2022-05-31T02:08:00.000Z","1653962880",
"2551","22b77d7829c68dcd","E2:1F:7B:35:CC:08","7.643312101910828","0","0.5208333333333334","0","157","2022-05-31T02:09:00.000Z","1653962940",
"2551","22b77d7829c68dcd","E2:1F:7B:35:CC:08","7.643312101910828","0","0.5208333333333334","0","157","2022-05-31T02:10:00.000Z","1653963000",
"2551","22b77d7829c68dcd","E2:1F:7B:35:CC:08","10.19108280254777","0","0.5040322580645161","0","157","2022-05-31T02:11:00.000Z","1653963060",
"2551","22b77d7829c68dcd","E2:1F:7B:35:CC:08","33.12101910828026","2","0.5040322580645161","0","157","2022-05-31T02:12:00.000Z","1653963120",
"2551","22b77d7829c68dcd","E2:1F:7B:35:CC:08","17.8343949044586","0","0.5040322580645161","0","157","2022-05-31T02:13:00.000Z","1653963180",
"2551","22b77d7829c68dcd","E2:1F:7B:35:CC:08","8.9171974522293","0","0.5040322580645161","0","157","2022-05-31T02:14:00.000Z","1653963240",
"2551","22b77d7829c68dcd","E2:1F:7B:35:CC:08","8.9171974522293","0","0.2741228070175439","0","157","2022-05-31T02:15:00.000Z","1653963300",
"2551","22b77d7829c68dcd","E2:1F:7B:35:CC:08","26.751592356687897","2","0.3255208333333333","0","157","2022-05-31T02:16:00.000Z","1653963360",
"2551","22b77d7829c68dcd","E2:1F:7B:35:CC:08","53.503184713375795","9","0.5040322580645161","0","157","2022-05-31T02:17:00.000Z","1653963420",
"2551","22b77d7829c68dcd","E2:1F:7B:35:CC:08","48.40764331210191","4","0.6009615384615384","0","157","2022-05-31T02:18:00.000Z","1653963480",
"2551","22b77d7829c68dcd","E2:1F:7B:35:CC:08","25.477707006369428","0","0.6009615384615384","0","157","2022-05-31T02:19:00.000Z","1653963540",
"2551","22b77d7829c68dcd","E2:1F:7B:35:CC:08","22.929936305732483","0","0.6510416666666666","0","157","2022-05-31T02:20:00.000Z","1653963600",
"2551","22b77d7829c68dcd","E2:1F:7B:35:CC:08","25.477707006369428","4","0.7102272727272727","0","157","2022-05-31T02:21:00.000Z","1653963660",
"2551","22b77d7829c68dcd","E2:1F:7B:35:CC:08","22.929936305732483","2","0.5208333333333334","0","157","2022-05-31T02:22:00.000Z","1653963720",
"2551","22b77d7829c68dcd","E2:1F:7B:35:CC:08","39.49044585987261","8","0.625","0","157","2022-05-31T02:23:00.000Z","1653963780",
"2551","22b77d7829c68dcd","E2:1F:7B:35:CC:08","30.573248407643312","1","0.625","0","157","2022-05-31T02:24:00.000Z","1653963840",
"2551","22b77d7829c68dcd","E2:1F:7B:35:CC:08","30.573248407643312","1","0.6793478260869565","0","157","2022-05-31T02:25:00.000Z","1653963900",
"2551","22b77d7829c68dcd","E2:1F:7B:35:CC:08","31.84713375796178","2","0.7440476190476191","0","157","2022-05-31T02:26:00.000Z","1653963960",
"2551","22b77d7829c68dcd","E2:1F:7B:35:CC:08","33.12101910828026","6","0.7102272727272727","0","157","2022-05-31T02:27:00.000Z","1653964020",
"2551","22b77d7829c68dcd","E2:1F:7B:35:CC:08","33.12101910828026","3","0.6510416666666666","1","157","2022-05-31T02:28:00.000Z","1653964080",
"2551","22b77d7829c68dcd","E2:1F:7B:35:CC:08","21.656050955414013","2","0.7102272727272727","0","157","2022-05-31T02:29:00.000Z","1653964140",
"2551","22b77d7829c68dcd","E2:1F:7B:35:CC:08","59.87261146496815","9","0.6009615384615384","1","157","2022-05-31T02:30:00.000Z","1653964200",
"2551","22b77d7829c68dcd","E2:1F:7B:35:CC:08","50.955414012738856","3","0.625","0","157","2022-05-31T02:31:00.000Z","1653964260",
"2551","22b77d7829c68dcd","E2:1F:7B:35:CC:08","28.02547770700637","1","0.6510416666666666","0","157","2022-05-31T02:32:00.000Z","1653964320",
"2551","22b77d7829c68dcd","E2:1F:7B:35:CC:08","20.38216560509554","0","0.625","0","157","2022-05-31T02:33:00.000Z","1653964380",
"2551","22b77d7829c68dcd","E2:1F:7B:35:CC:08","16.56050955414013","0","0.625","0","157","2022-05-31T02:34:00.000Z","1653964440",
"2551","22b77d7829c68dcd","E2:1F:7B:35:CC:08","12.738853503184714","0","0.625","0","157","2022-05-31T02:35:00.000Z","1653964500",
"2551","22b77d7829c68dcd","E2:1F:7B:35:CC:08","10.19108280254777","0","0.6009615384615384","0","157","2022-05-31T02:36:00.000Z","1653964560",
"2551","22b77d7829c68dcd","E2:1F:7B:35:CC:08","16.56050955414013","0","0.625","0","157","2022-05-31T02:37:00.000Z","1653964620",
"2551","22b77d7829c68dcd","E2:1F:7B:35:CC:08","15.286624203821656","0","0.625","0","157","2022-05-31T02:38:00.000Z","1653964680",
"2551","22b77d7829c68dcd","E2:1F:7B:35:CC:08","12.738853503184714","0","0.6510416666666666","0","157","2022-05-31T02:39:00.000Z","1653964740",
"2551","22b77d7829c68dcd","E2:1F:7B:35:CC:08","25.477707006369428","4","0.6009615384615384","0","157","2022-05-31T02:40:00.000Z","1653964800",
"2551","22b77d7829c68dcd","E2:1F:7B:35:CC:08","34.394904458598724","4","0.6510416666666666","0","157","2022-05-31T02:41:00.000Z","1653964860",
"2551","22b77d7829c68dcd","E2:1F:7B:35:CC:08","34.394904458598724","2","0.7102272727272727","0","157","2022-05-31T02:42:00.000Z","1653964920",
"2551","22b77d7829c68dcd","E2:1F:7B:35:CC:08","31.84713375796178","1","0.7102272727272727","0","157","2022-05-31T02:43:00.000Z","1653964980",
"2551","22b77d7829c68dcd","E2:1F:7B:35:CC:08","28.02547770700637","0","0.6793478260869565","0","157","2022-05-31T02:44:00.000Z","1653965040",
"2551","22b77d7829c68dcd","E2:1F:7B:35:CC:08","33.12101910828026","5","0.7440476190476191","0","157","2022-05-31T02:45:00.000Z","1653965100",
"2551","22b77d7829c68dcd","E2:1F:7B:35:CC:08","38.21656050955414","1","0.7102272727272727","0","157","2022-05-31T02:46:00.000Z","1653965160",
"2551","22b77d7829c68dcd","E2:1F:7B:35:CC:08","34.394904458598724","4","0.7440476190476191","0","157","2022-05-31T02:47:00.000Z","1653965220",
"2551","22b77d7829c68dcd","E2:1F:7B:35:CC:08","40.76433121019108","4","0.78125","0","157","2022-05-31T02:48:00.000Z","1653965280",
"2551","22b77d7829c68dcd","E2:1F:7B:35:CC:08","39.49044585987261","3","0.78125","0","157","2022-05-31T02:49:00.000Z","1653965340",
"2551","22b77d7829c68dcd","E2:1F:7B:35:CC:08","40.76433121019108","3","0.8223684210526315","0","157","2022-05-31T02:50:00.000Z","1653965400",
"2551","22b77d7829c68dcd","E2:1F:7B:35:CC:08","44.5859872611465","4","0.8680555555555556","0","157","2022-05-31T02:51:00.000Z","1653965460",
"2551","22b77d7829c68dcd","E2:1F:7B:35:CC:08","43.31210191082803","6","0.9191176470588235","0","157","2022-05-31T02:52:00.000Z","1653965520",
"2551","22b77d7829c68dcd","E2:1F:7B:35:CC:08","39.49044585987261","3","0.9191176470588235","0","157","2022-05-31T02:53:00.000Z","1653965580",
"2551","22b77d7829c68dcd","E2:1F:7B:35:CC:08","40.76433121019108","5","0.9191176470588235","0","157","2022-05-31T02:54:00.000Z","1653965640",
"2551","22b77d7829c68dcd","E2:1F:7B:35:CC:08","36.94267515923567","4","0.9191176470588235","0","157","2022-05-31T02:55:00.000Z","1653965700",
"2551","22b77d7829c68dcd","E2:1F:7B:35:CC:08","42.038216560509554","7","1.0416666666666667","0","157","2022-05-31T02:56:00.000Z","1653965760",
"2551","22b77d7829c68dcd","E2:1F:7B:35:CC:08","45.859872611464965","3","0.9765625","0","157","2022-05-31T02:57:00.000Z","1653965820",
"2551","22b77d7829c68dcd","E2:1F:7B:35:CC:08","49.681528662420384","6","0.8223684210526315","0","157","2022-05-31T02:58:00.000Z","1653965880",
"2551","22b77d7829c68dcd","E2:1F:7B:35:CC:08","57.32484076433121","11","0.9765625","0","157","2022-05-31T02:59:00.000Z","1653965940",
"2551","22b77d7829c68dcd","E2:1F:7B:35:CC:08","52.22929936305732","5","0.9765625","0","157","2022-05-31T03:00:00.000Z","1653966000",
"2551","22b77d7829c68dcd","E2:1F:7B:35:CC:08","50.955414012738856","6","0.8223684210526315","0","157","2022-05-31T03:01:00.000Z","1653966060",
"2551","22b77d7829c68dcd","E2:1F:7B:35:CC:08","53.503184713375795","8","1.0416666666666667","0","157","2022-05-31T03:02:00.000Z","1653966120",
"2551","22b77d7829c68dcd","E2:1F:7B:35:CC:08","54.77707006369427","7","1.1160714285714286","0","157","2022-05-31T03:03:00.000Z","1653966180",
"2551","22b77d7829c68dcd","E2:1F:7B:35:CC:08","66.24203821656052","8","1.1160714285714286","0","157","2022-05-31T03:04:00.000Z","1653966240",
"2551","22b77d7829c68dcd","E2:1F:7B:35:CC:08","62.4203821656051","8","1.2019230769230769","0","157","2022-05-31T03:05:00.000Z","1653966300",
"2551","22b77d7829c68dcd","E2:1F:7B:35:CC:08","49.681528662420384","8","1.2019230769230769","0","157","2022-05-31T03:06:00.000Z","1653966360",
"2551","22b77d7829c68dcd","E2:1F:7B:35:CC:08","44.5859872611465","4","1.3020833333333333","0","157","2022-05-31T03:07:00.000Z","1653966420",
"2551","22b77d7829c68dcd","E2:1F:7B:35:CC:08","49.681528662420384","7","1.3020833333333333","0","157","2022-05-31T03:08:00.000Z","1653966480",
"2551","22b77d7829c68dcd","E2:1F:7B:35:CC:08","45.859872611464965","4","1.3020833333333333","0","157","2022-05-31T03:09:00.000Z","1653966540",
"2551","22b77d7829c68dcd","E2:1F:7B:35:CC:08","39.49044585987261","3","1.3020833333333333","0","157","2022-05-31T03:10:00.000Z","1653966600",
"2551","22b77d7829c68dcd","E2:1F:7B:35:CC:08","49.681528662420384","3","0.9765625","0","157","2022-05-31T03:11:00.000Z","1653966660",
"2551","22b77d7829c68dcd","E2:1F:7B:35:CC:08","45.859872611464965","1","0.9191176470588235","0","157","2022-05-31T03:12:00.000Z","1653966720",
"2551","22b77d7829c68dcd","E2:1F:7B:35:CC:08","45.859872611464965","3","0.9191176470588235","0","157","2022-05-31T03:13:00.000Z","1653966780",
"2551","22b77d7829c68dcd","E2:1F:7B:35:CC:08","42.038216560509554","1","0.9191176470588235","0","157","2022-05-31T03:14:00.000Z","1653966840",
"2551","22b77d7829c68dcd","E2:1F:7B:35:CC:08","35.6687898089172","1","0.8680555555555556","0","157","2022-05-31T03:15:00.000Z","1653966900",
"2551","22b77d7829c68dcd","E2:1F:7B:35:CC:08","33.12101910828026","3","0.8680555555555556","0","157","2022-05-31T03:16:00.000Z","1653966960",
"2551","22b77d7829c68dcd","E2:1F:7B:35:CC:08","35.6687898089172","2","0.8223684210526315","0","157","2022-05-31T03:17:00.000Z","1653967020",
"2551","22b77d7829c68dcd","E2:1F:7B:35:CC:08","52.22929936305732","5","0.7102272727272727","0","157","2022-05-31T03:18:00.000Z","1653967080",
"2551","22b77d7829c68dcd","E2:1F:7B:35:CC:08","45.859872611464965","5","0.7440476190476191","0","157","2022-05-31T03:19:00.000Z","1653967140",
"2551","22b77d7829c68dcd","E2:1F:7B:35:CC:08","36.94267515923567","0","0.7102272727272727","0","157","2022-05-31T03:20:00.000Z","1653967200",
"2551","22b77d7829c68dcd","E2:1F:7B:35:CC:08","47.13375796178344","6","0.625","1","157","2022-05-31T03:21:00.000Z","1653967260",
"2551","22b77d7829c68dcd","E2:1F:7B:35:CC:08","39.49044585987261","1","0.625","0","157","2022-05-31T03:22:00.000Z","1653967320",
"2551","22b77d7829c68dcd","E2:1F:7B:35:CC:08","35.6687898089172","3","0.5580357142857143","0","157","2022-05-31T03:23:00.000Z","1653967380",
"2551","22b77d7829c68dcd","E2:1F:7B:35:CC:08","36.94267515923567","3","0.5787037037037037","0","157","2022-05-31T03:24:00.000Z","1653967440",
"2551","22b77d7829c68dcd","E2:1F:7B:35:CC:08","28.02547770700637","0","0.5580357142857143","0","157","2022-05-31T03:25:00.000Z","1653967500",
"2551","22b77d7829c68dcd","E2:1F:7B:35:CC:08","34.394904458598724","2","0.41118421052631576","0","157","2022-05-31T03:26:00.000Z","1653967560",
"2551","22b77d7829c68dcd","E2:1F:7B:35:CC:08","26.751592356687897","0","0.40064102564102566","0","157","2022-05-31T03:27:00.000Z","1653967620",
"2551","22b77d7829c68dcd","E2:1F:7B:35:CC:08","16.56050955414013","0","0.390625","0","157","2022-05-31T03:28:00.000Z","1653967680",
"2551","22b77d7829c68dcd","E2:1F:7B:35:CC:08","15.286624203821656","0","0.294811320754717","0","157","2022-05-31T03:29:00.000Z","1653967740",
"2551","22b77d7829c68dcd","E2:1F:7B:35:CC:08","34.394904458598724","3","0.35511363636363635","0","157","2022-05-31T03:30:00.000Z","1653967800",
"2551","22b77d7829c68dcd","E2:1F:7B:35:CC:08","21.656050955414013","1","0.3125","0","157","2022-05-31T03:31:00.000Z","1653967860",
"2551","22b77d7829c68dcd","E2:1F:7B:35:CC:08","67.51592356687898","6","0.4734848484848485","0","157","2022-05-31T03:32:00.000Z","1653967920",
"2551","22b77d7829c68dcd","E2:1F:7B:35:CC:08","62.4203821656051","6","0.4734848484848485","0","157","2022-05-31T03:33:00.000Z","1653967980",
"2551","22b77d7829c68dcd","E2:1F:7B:35:CC:08","72.61146496815287","4","0.5787037037037037","0","157","2022-05-31T03:34:00.000Z","1653968040",
"2551","22b77d7829c68dcd","E2:1F:7B:35:CC:08","48.40764331210191","0","0.5787037037037037","0","157","2022-05-31T03:35:00.000Z","1653968100",
"2551","22b77d7829c68dcd","E2:1F:7B:35:CC:08","43.31210191082803","3","0.5787037037037037","0","157","2022-05-31T03:36:00.000Z","1653968160",
"2551","22b77d7829c68dcd","E2:1F:7B:35:CC:08","35.6687898089172","1","0.625","0","157","2022-05-31T03:37:00.000Z","1653968220",
"2551","22b77d7829c68dcd","E2:1F:7B:35:CC:08","50.955414012738856","3","0.7102272727272727","0","157","2022-05-31T03:38:00.000Z","1653968280",
"2551","22b77d7829c68dcd","E2:1F:7B:35:CC:08","52.22929936305732","1","0.7440476190476191","0","157","2022-05-31T03:39:00.000Z","1653968340",
"2551","22b77d7829c68dcd","E2:1F:7B:35:CC:08","50.955414012738856","5","0.78125","0","157","2022-05-31T03:40:00.000Z","1653968400",
"2551","22b77d7829c68dcd","E2:1F:7B:35:CC:08","47.13375796178344","4","0.78125","0","157","2022-05-31T03:41:00.000Z","1653968460",
"2551","22b77d7829c68dcd","E2:1F:7B:35:CC:08","44.5859872611465","3","0.8223684210526315","0","157","2022-05-31T03:42:00.000Z","1653968520",
"2551","22b77d7829c68dcd","E2:1F:7B:35:CC:08","53.503184713375795","4","0.8680555555555556","0","157","2022-05-31T03:43:00.000Z","1653968580",
"2551","22b77d7829c68dcd","E2:1F:7B:35:CC:08","52.22929936305732","7","0.9191176470588235","0","157","2022-05-31T03:44:00.000Z","1653968640",
"2551","22b77d7829c68dcd","E2:1F:7B:35:CC:08","57.32484076433121","5","0.9191176470588235","0","157","2022-05-31T03:45:00.000Z","1653968700",
"2551","22b77d7829c68dcd","E2:1F:7B:35:CC:08","58.59872611464968","5","0.9191176470588235","0","157","2022-05-31T03:46:00.000Z","1653968760",
"2551","22b77d7829c68dcd","E2:1F:7B:35:CC:08","53.503184713375795","6","0.9765625","0","157","2022-05-31T03:47:00.000Z","1653968820",
"2551","22b77d7829c68dcd","E2:1F:7B:35:CC:08","48.40764331210191","6","1.0416666666666667","0","157","2022-05-31T03:48:00.000Z","1653968880",
"2551","22b77d7829c68dcd","E2:1F:7B:35:CC:08","50.955414012738856","7","1.0416666666666667","0","157","2022-05-31T03:49:00.000Z","1653968940",
"2551","22b77d7829c68dcd","E2:1F:7B:35:CC:08","47.13375796178344","9","1.1160714285714286","0","157","2022-05-31T03:50:00.000Z","1653969000",
"2551","22b77d7829c68dcd","E2:1F:7B:35:CC:08","50.955414012738856","6","1.1160714285714286","0","157","2022-05-31T03:51:00.000Z","1653969060",
"2551","22b77d7829c68dcd","E2:1F:7B:35:CC:08","48.40764331210191","7","1.2019230769230769","0","157","2022-05-31T03:52:00.000Z","1653969120",
"2551","22b77d7829c68dcd","E2:1F:7B:35:CC:08","50.955414012738856","6","1.2019230769230769","0","157","2022-05-31T03:53:00.000Z","1653969180",
"2551","22b77d7829c68dcd","E2:1F:7B:35:CC:08","52.22929936305732","8","1.3020833333333333","0","157","2022-05-31T03:54:00.000Z","1653969240",
"2551","22b77d7829c68dcd","E2:1F:7B:35:CC:08","45.859872611464965","6","0.8680555555555556","0","157","2022-05-31T03:55:00.000Z","1653969300",
"2551","22b77d7829c68dcd","E2:1F:7B:35:CC:08","44.5859872611465","4","0.9765625","0","157","2022-05-31T03:56:00.000Z","1653969360",
"2551","22b77d7829c68dcd","E2:1F:7B:35:CC:08","52.22929936305732","6","1.0416666666666667","0","157","2022-05-31T03:57:00.000Z","1653969420",
"2551","22b77d7829c68dcd","E2:1F:7B:35:CC:08","48.40764331210191","6","1.1160714285714286","0","157","2022-05-31T03:58:00.000Z","1653969480",
"2551","22b77d7829c68dcd","E2:1F:7B:35:CC:08","48.40764331210191","5","1.1160714285714286","0","157","2022-05-31T03:59:00.000Z","1653969540",
"2551","22b77d7829c68dcd","E2:1F:7B:35:CC:08","44.5859872611465","4","1.1160714285714286","0","157","2022-05-31T04:00:00.000Z","1653969600",
"2551","22b77d7829c68dcd","E2:1F:7B:35:CC:08","44.5859872611465","7","1.2019230769230769","0","157","2022-05-31T04:01:00.000Z","1653969660",
"2551","22b77d7829c68dcd","E2:1F:7B:35:CC:08","43.31210191082803","1","1.1160714285714286","0","157","2022-05-31T04:02:00.000Z","1653969720",
"2551","22b77d7829c68dcd","E2:1F:7B:35:CC:08","43.31210191082803","0","0.9765625","0","157","2022-05-31T04:03:00.000Z","1653969780",
"2551","22b77d7829c68dcd","E2:1F:7B:35:CC:08","36.94267515923567","3","0.9765625","0","157","2022-05-31T04:04:00.000Z","1653969840",
"2551","22b77d7829c68dcd","E2:1F:7B:35:CC:08","48.40764331210191","7","0.8680555555555556","0","157","2022-05-31T04:05:00.000Z","1653969900",
"2551","22b77d7829c68dcd","E2:1F:7B:35:CC:08","43.31210191082803","4","0.9765625","0","157","2022-05-31T04:06:00.000Z","1653969960",
"2551","22b77d7829c68dcd","E2:1F:7B:35:CC:08","25.477707006369428","1","0.9765625","0","157","2022-05-31T04:07:00.000Z","1653970020",
"2551","22b77d7829c68dcd","E2:1F:7B:35:CC:08","16.56050955414013","0","0.9765625","0","157","2022-05-31T04:08:00.000Z","1653970080",
"2551","22b77d7829c68dcd","E2:1F:7B:35:CC:08","11.464968152866241","0","0.9765625","0","157","2022-05-31T04:09:00.000Z","1653970140",
"2551","22b77d7829c68dcd","E2:1F:7B:35:CC:08","8.9171974522293","0","0.9191176470588235","0","157","2022-05-31T04:10:00.000Z","1653970200",
"2551","22b77d7829c68dcd","E2:1F:7B:35:CC:08","24.203821656050955","2","0.9765625","0","157","2022-05-31T04:11:00.000Z","1653970260",
"2551","22b77d7829c68dcd","E2:1F:7B:35:CC:08","11.464968152866241","0","0.9765625","0","157","2022-05-31T04:12:00.000Z","1653970320",
"2551","22b77d7829c68dcd","E2:1F:7B:35:CC:08","8.9171974522293","0","0.9765625","0","157","2022-05-31T04:13:00.000Z","1653970380",
"2551","22b77d7829c68dcd","E2:1F:7B:35:CC:08","7.643312101910828","0","0.9765625","0","157","2022-05-31T04:14:00.000Z","1653970440",
"2551","22b77d7829c68dcd","E2:1F:7B:35:CC:08","8.9171974522293","0","1.0416666666666667","0","157","2022-05-31T04:15:00.000Z","1653970500",
"2551","22b77d7829c68dcd","E2:1F:7B:35:CC:08","11.464968152866241","0","1.0416666666666667","0","157","2022-05-31T04:16:00.000Z","1653970560",
"2551","22b77d7829c68dcd","E2:1F:7B:35:CC:08","33.12101910828026","1","0.8680555555555556","0","157","2022-05-31T04:17:00.000Z","1653970620",
"2551","22b77d7829c68dcd","E2:1F:7B:35:CC:08","29.29936305732484","0","0.4734848484848485","1","157","2022-05-31T04:18:00.000Z","1653970680",
"2551","22b77d7829c68dcd","E2:1F:7B:35:CC:08","22.929936305732483","0","0.3472222222222222","0","157","2022-05-31T04:20:00.000Z","1653970800",
"2551","22b77d7829c68dcd","E2:1F:7B:35:CC:08","29.29936305732484","2","0.41118421052631576","0","157","2022-05-31T04:21:00.000Z","1653970860",
"2551","22b77d7829c68dcd","E2:1F:7B:35:CC:08","17.8343949044586","0","0.4222972972972973","0","157","2022-05-31T04:22:00.000Z","1653970920",
"2551","22b77d7829c68dcd","E2:1F:7B:35:CC:08","8.9171974522293","0","0.4222972972972973","0","157","2022-05-31T04:23:00.000Z","1653970980",
"2551","22b77d7829c68dcd","E2:1F:7B:35:CC:08","6.369426751592357","0","0.4222972972972973","0","157","2022-05-31T04:24:00.000Z","1653971040",
"2551","22b77d7829c68dcd","E2:1F:7B:35:CC:08","5.095541401273885","0","0.4222972972972973","0","157","2022-05-31T04:25:00.000Z","1653971100",
"2551","22b77d7829c68dcd","E2:1F:7B:35:CC:08","7.643312101910828","0","0.4222972972972973","0","157","2022-05-31T04:26:00.000Z","1653971160",
"2551","22b77d7829c68dcd","E2:1F:7B:35:CC:08","7.643312101910828","0","0.41118421052631576","0","157","2022-05-31T04:27:00.000Z","1653971220",
"2551","22b77d7829c68dcd","E2:1F:7B:35:CC:08","7.643312101910828","0","0.40064102564102566","0","157","2022-05-31T04:28:00.000Z","1653971280",
"2551","22b77d7829c68dcd","E2:1F:7B:35:CC:08","50.955414012738856","5","0.2170138888888889","2","157","2022-05-31T04:30:00.000Z","1653971400",
"2551","22b77d7829c68dcd","E2:1F:7B:35:CC:08","64.96815286624204","5","0.2741228070175439","18","157","2022-05-31T04:31:00.000Z","1653971460",
"2551","22b77d7829c68dcd","E2:1F:7B:35:CC:08","72.61146496815287","3","0.21404109589041095","0","157","2022-05-31T04:32:00.000Z","1653971520",
"2551","22b77d7829c68dcd","E2:1F:7B:35:CC:08","68.78980891719745","6","0.25614754098360654","12","157","2022-05-31T04:33:00.000Z","1653971580",
"2551","22b77d7829c68dcd","E2:1F:7B:35:CC:08","62.4203821656051","7","0.08680555555555555","0","157","2022-05-31T04:41:00.000Z","1653972060",
"2551","22b77d7829c68dcd","E2:1F:7B:35:CC:08","67.51592356687898","4","0.08095854922279792","9","157","2022-05-31T04:45:00.000Z","1653972300",
"2551","22b77d7829c68dcd","E2:1F:7B:35:CC:08","91.71974522292993","10","0.08311170212765957","4","157","2022-05-31T04:49:00.000Z","1653972540",
"2551","22b77d7829c68dcd","E2:1F:7B:35:CC:08","66.24203821656052","9","0.09137426900584796","0","157","2022-05-31T05:24:00.000Z","1653974640",
"2551","22b77d7829c68dcd","E2:1F:7B:35:CC:08","61.146496815286625","11","0.08632596685082873","1","157","2022-05-31T05:25:00.000Z","1653974700",
"2551","22b77d7829c68dcd","E2:1F:7B:35:CC:08","47.13375796178344","3","0.09765625","0","157","2022-05-31T05:26:00.000Z","1653974760",
"2551","22b77d7829c68dcd","E2:1F:7B:35:CC:08","29.29936305732484","0","0.10557432432432433","0","157","2022-05-31T05:27:00.000Z","1653974820",
"2551","22b77d7829c68dcd","E2:1F:7B:35:CC:08","21.656050955414013","0","0.10212418300653595","0","157","2022-05-31T05:28:00.000Z","1653974880",
"2551","22b77d7829c68dcd","E2:1F:7B:35:CC:08","34.61538461538461","5","0.10416666666666667","0","156","2022-05-31T05:29:00.000Z","1653974940",
"2551","22b77d7829c68dcd","E2:1F:7B:35:CC:08","37.17948717948718","3","0.0653765690376569","14","156","2022-05-31T05:30:00.000Z","1653975000",
"2551","22b77d7829c68dcd","E2:1F:7B:35:CC:08","39.743589743589745","0","0.22977941176470587","49","156","2022-05-31T05:32:00.000Z","1653975120",
"2551","22b77d7829c68dcd","E2:1F:7B:35:CC:08","73.07692307692308","6","0.3472222222222222","49","156","2022-05-31T05:33:00.000Z","1653975180",
"2551","22b77d7829c68dcd","E2:1F:7B:35:CC:08","76.92307692307692","5","0.4222972972972973","43","156","2022-05-31T05:34:00.000Z","1653975240",
"2551","22b77d7829c68dcd","E2:1F:7B:35:CC:08","76.92307692307692","9","0.22644927536231885","25","156","2022-05-31T05:35:00.000Z","1653975300",
"2551","22b77d7829c68dcd","E2:1F:7B:35:CC:08","55.12820512820513","1","0.35511363636363635","0","156","2022-05-31T05:36:00.000Z","1653975360",
"2551","22b77d7829c68dcd","E2:1F:7B:35:CC:08","33.333333333333336","0","0.37202380952380953","0","156","2022-05-31T05:37:00.000Z","1653975420",
"2551","22b77d7829c68dcd","E2:1F:7B:35:CC:08","42.30769230769231","2","0.11081560283687943","7","156","2022-05-31T05:38:00.000Z","1653975480",
"2551","22b77d7829c68dcd","E2:1F:7B:35:CC:08","28.205128205128204","0","0.11322463768115942","0","156","2022-05-31T05:39:00.000Z","1653975540",
"2551","22b77d7829c68dcd","E2:1F:7B:35:CC:08","20.512820512820515","1","0.09412650602409639","23","156","2022-05-31T05:40:00.000Z","1653975600",
"2551","22b77d7829c68dcd","E2:1F:7B:35:CC:08","55.12820512820513","9","0.10557432432432433","1","156","2022-05-31T05:44:00.000Z","1653975840",
"2551","22b77d7829c68dcd","E2:1F:7B:35:CC:08","73.07692307692308","8","0.11574074074074074","0","156","2022-05-31T05:45:00.000Z","1653975900",
"2551","22b77d7829c68dcd","E2:1F:7B:35:CC:08","70.51282051282051","8","0.10486577181208054","5","156","2022-05-31T05:46:00.000Z","1653975960",
"2551","22b77d7829c68dcd","E2:1F:7B:35:CC:08","53.84615384615385","4","0.11405109489051095","1","156","2022-05-31T05:47:00.000Z","1653976020",
"2551","22b77d7829c68dcd","E2:1F:7B:35:CC:08","100","8","0.12112403100775193","1","156","2022-05-31T05:48:00.000Z","1653976080",
"2551","22b77d7829c68dcd","E2:1F:7B:35:CC:08","75.64102564102564","2","0.13130252100840337","4","156","2022-05-31T05:49:00.000Z","1653976140",
"2551","22b77d7829c68dcd","E2:1F:7B:35:CC:08","62.82051282051282","3","0.12112403100775193","16","156","2022-05-31T05:50:00.000Z","1653976200",
"2551","22b77d7829c68dcd","E2:1F:7B:35:CC:08","57.69230769230769","2","0.10347682119205298","50","156","2022-05-31T05:51:00.000Z","1653976260",
"2551","22b77d7829c68dcd","E2:1F:7B:35:CC:08","55.12820512820513","7","0.10416666666666667","85","156","2022-05-31T05:52:00.000Z","1653976320",
"2551","22b77d7829c68dcd","E2:1F:7B:35:CC:08","46.15384615384615","1","0.11927480916030535","0","156","2022-05-31T05:54:00.000Z","1653976440",
"2551","22b77d7829c68dcd","E2:1F:7B:35:CC:08","26.923076923076923","0","0.12400793650793651","0","156","2022-05-31T05:55:00.000Z","1653976500",
"2551","22b77d7829c68dcd","E2:1F:7B:35:CC:08","20.512820512820515","0","0.1201923076923077","0","156","2022-05-31T05:56:00.000Z","1653976560",
"2551","22b77d7829c68dcd","E2:1F:7B:35:CC:08","15.384615384615385","0","0.12807377049180327","0","156","2022-05-31T05:57:00.000Z","1653976620",
"2551","22b77d7829c68dcd","E2:1F:7B:35:CC:08","12.820512820512821","0","0.13469827586206898","0","156","2022-05-31T05:58:00.000Z","1653976680",
"2551","22b77d7829c68dcd","E2:1F:7B:35:CC:08","20.512820512820515","0","0.14204545454545456","0","156","2022-05-31T05:59:00.000Z","1653976740",
"2551","22b77d7829c68dcd","E2:1F:7B:35:CC:08","47.43589743589744","2","0.1547029702970297","0","156","2022-05-31T06:00:00.000Z","1653976800",
"2551","22b77d7829c68dcd","E2:1F:7B:35:CC:08","37.17948717948718","0","0.1717032967032967","0","156","2022-05-31T06:01:00.000Z","1653976860",
"2551","22b77d7829c68dcd","E2:1F:7B:35:CC:08","29.487179487179485","0","0.18825301204819278","0","156","2022-05-31T06:02:00.000Z","1653976920",
"2551","22b77d7829c68dcd","E2:1F:7B:35:CC:08","35.8974358974359","7","0.22644927536231885","0","156","2022-05-31T06:03:00.000Z","1653976980",
"2551","22b77d7829c68dcd","E2:1F:7B:35:CC:08","89.74358974358974","5","0.33967391304347827","0","156","2022-05-31T06:04:00.000Z","1653977040",
"2551","22b77d7829c68dcd","E2:1F:7B:35:CC:08","100","8","0.22007042253521128","0","156","2022-05-31T06:05:00.000Z","1653977100",
"2551","22b77d7829c68dcd","E2:1F:7B:35:CC:08","55.12820512820513","0","0.22644927536231885","0","156","2022-05-31T06:06:00.000Z","1653977160",
"2551","22b77d7829c68dcd","E2:1F:7B:35:CC:08","24.358974358974358","0","0.22644927536231885","0","156","2022-05-31T06:07:00.000Z","1653977220",
"2551","22b77d7829c68dcd","E2:1F:7B:35:CC:08","11.538461538461538","0","0.23674242424242425","0","156","2022-05-31T06:08:00.000Z","1653977280",
"2551","22b77d7829c68dcd","E2:1F:7B:35:CC:08","7.6923076923076925","0","0.244140625","0","156","2022-05-31T06:09:00.000Z","1653977340",
"2551","22b77d7829c68dcd","E2:1F:7B:35:CC:08","5.128205128205129","0","0.244140625","0","156","2022-05-31T06:10:00.000Z","1653977400",
"2551","22b77d7829c68dcd","E2:1F:7B:35:CC:08","17.94871794871795","1","0.2332089552238806","0","156","2022-05-31T06:11:00.000Z","1653977460",
"2551","22b77d7829c68dcd","E2:1F:7B:35:CC:08","11.538461538461538","0","0.2403846153846154","0","156","2022-05-31T06:12:00.000Z","1653977520",
"2551","22b77d7829c68dcd","E2:1F:7B:35:CC:08","7.6923076923076925","0","0.24801587301587302","0","156","2022-05-31T06:13:00.000Z","1653977580",
"2551","22b77d7829c68dcd","E2:1F:7B:35:CC:08","11.538461538461538","0","0.25201612903225806","0","156","2022-05-31T06:14:00.000Z","1653977640",
"2551","22b77d7829c68dcd","E2:1F:7B:35:CC:08","14.102564102564102","0","0.2648305084745763","0","156","2022-05-31T06:15:00.000Z","1653977700",
"2551","22b77d7829c68dcd","E2:1F:7B:35:CC:08","10.256410256410257","0","0.2604166666666667","0","156","2022-05-31T06:16:00.000Z","1653977760",
"2551","22b77d7829c68dcd","E2:1F:7B:35:CC:08","6.410256410256411","0","0.2648305084745763","0","156","2022-05-31T06:17:00.000Z","1653977820",
"2551","22b77d7829c68dcd","E2:1F:7B:35:CC:08","10.256410256410257","0","0.25201612903225806","0","156","2022-05-31T06:18:00.000Z","1653977880",
"2551","22b77d7829c68dcd","E2:1F:7B:35:CC:08","8.974358974358974","0","0.25201612903225806","0","156","2022-05-31T06:19:00.000Z","1653977940",
"2551","22b77d7829c68dcd","E2:1F:7B:35:CC:08","7.6923076923076925","0","0.25614754098360654","0","156","2022-05-31T06:20:00.000Z","1653978000",
"2551","22b77d7829c68dcd","E2:1F:7B:35:CC:08","3.8461538461538463","0","0.2604166666666667","0","156","2022-05-31T06:21:00.000Z","1653978060",
"2551","22b77d7829c68dcd","E2:1F:7B:35:CC:08","2.5641025641025643","0","0.2604166666666667","0","156","2022-05-31T06:22:00.000Z","1653978120",
"2551","22b77d7829c68dcd","E2:1F:7B:35:CC:08","3.8461538461538463","0","0.22977941176470587","0","156","2022-05-31T06:23:00.000Z","1653978180",
"2551","22b77d7829c68dcd","E2:1F:7B:35:CC:08","33.333333333333336","3","0.15625","0","156","2022-05-31T06:24:00.000Z","1653978240",
"2551","22b77d7829c68dcd","E2:1F:7B:35:CC:08","69.23076923076923","6","0.19054878048780488","0","156","2022-05-31T06:25:00.000Z","1653978300",
"2551","22b77d7829c68dcd","E2:1F:7B:35:CC:08","53.84615384615385","4","0.21114864864864866","0","156","2022-05-31T06:26:00.000Z","1653978360",
"2551","22b77d7829c68dcd","E2:1F:7B:35:CC:08","26.923076923076923","0","0.22321428571428573","0","156","2022-05-31T06:27:00.000Z","1653978420",
"2551","22b77d7829c68dcd","E2:1F:7B:35:CC:08","12.820512820512821","0","0.22321428571428573","0","156","2022-05-31T06:28:00.000Z","1653978480",
"2551","22b77d7829c68dcd","E2:1F:7B:35:CC:08","20.512820512820515","0","0.22321428571428573","0","156","2022-05-31T06:29:00.000Z","1653978540",
"2551","22b77d7829c68dcd","E2:1F:7B:35:CC:08","23.076923076923077","2","0.21404109589041095","0","156","2022-05-31T06:30:00.000Z","1653978600",
"2551","22b77d7829c68dcd","E2:1F:7B:35:CC:08","33.333333333333336","3","0.22977941176470587","0","156","2022-05-31T06:31:00.000Z","1653978660",
"2551","22b77d7829c68dcd","E2:1F:7B:35:CC:08","24.358974358974358","0","0.2332089552238806","0","156","2022-05-31T06:32:00.000Z","1653978720",
"2551","22b77d7829c68dcd","E2:1F:7B:35:CC:08","14.102564102564102","0","0.2403846153846154","0","156","2022-05-31T06:33:00.000Z","1653978780",
"2551","22b77d7829c68dcd","E2:1F:7B:35:CC:08","21.794871794871796","0","0.24801587301587302","0","156","2022-05-31T06:34:00.000Z","1653978840",
"2551","22b77d7829c68dcd","E2:1F:7B:35:CC:08","32.05128205128205","0","0.2403846153846154","0","156","2022-05-31T06:35:00.000Z","1653978900",
"2551","22b77d7829c68dcd","E2:1F:7B:35:CC:08","23.076923076923077","0","0.244140625","0","156","2022-05-31T06:36:00.000Z","1653978960",
"2551","22b77d7829c68dcd","E2:1F:7B:35:CC:08","20.512820512820515","0","0.2648305084745763","0","156","2022-05-31T06:37:00.000Z","1653979020",
"2551","22b77d7829c68dcd","E2:1F:7B:35:CC:08","21.794871794871796","0","0.27901785714285715","0","156","2022-05-31T06:38:00.000Z","1653979080",
"2551","22b77d7829c68dcd","E2:1F:7B:35:CC:08","20.512820512820515","0","0.27901785714285715","0","156","2022-05-31T06:39:00.000Z","1653979140",
"2551","22b77d7829c68dcd","E2:1F:7B:35:CC:08","11.538461538461538","0","0.2840909090909091","0","156","2022-05-31T06:40:00.000Z","1653979200",
"2551","22b77d7829c68dcd","E2:1F:7B:35:CC:08","6.410256410256411","0","0.2741228070175439","0","156","2022-05-31T06:41:00.000Z","1653979260",
"2551","22b77d7829c68dcd","E2:1F:7B:35:CC:08","5.128205128205129","0","0.2741228070175439","0","156","2022-05-31T06:42:00.000Z","1653979320",
"2551","22b77d7829c68dcd","E2:1F:7B:35:CC:08","6.410256410256411","0","0.25614754098360654","0","156","2022-05-31T06:43:00.000Z","1653979380",
"2551","22b77d7829c68dcd","E2:1F:7B:35:CC:08","6.410256410256411","0","0.2604166666666667","0","156","2022-05-31T06:44:00.000Z","1653979440",
"2551","22b77d7829c68dcd","E2:1F:7B:35:CC:08","23.076923076923077","0","0.25201612903225806","0","156","2022-05-31T06:45:00.000Z","1653979500",
"2551","22b77d7829c68dcd","E2:1F:7B:35:CC:08","21.794871794871796","1","0.2403846153846154","0","156","2022-05-31T06:46:00.000Z","1653979560",
"2551","22b77d7829c68dcd","E2:1F:7B:35:CC:08","26.923076923076923","0","0.25614754098360654","0","156","2022-05-31T06:47:00.000Z","1653979620",
"2551","22b77d7829c68dcd","E2:1F:7B:35:CC:08","12.820512820512821","0","0.2604166666666667","0","156","2022-05-31T06:48:00.000Z","1653979680",
"2551","22b77d7829c68dcd","E2:1F:7B:35:CC:08","8.974358974358974","0","0.25614754098360654","0","156","2022-05-31T06:49:00.000Z","1653979740",
"2551","22b77d7829c68dcd","E2:1F:7B:35:CC:08","14.102564102564102","0","0.2604166666666667","0","156","2022-05-31T06:50:00.000Z","1653979800",
"2551","22b77d7829c68dcd","E2:1F:7B:35:CC:08","10.256410256410257","0","0.2604166666666667","0","156","2022-05-31T06:51:00.000Z","1653979860",
"2551","22b77d7829c68dcd","E2:1F:7B:35:CC:08","17.94871794871795","0","0.25614754098360654","0","156","2022-05-31T06:52:00.000Z","1653979920",
"2551","22b77d7829c68dcd","E2:1F:7B:35:CC:08","19.23076923076923","0","0.2741228070175439","0","156","2022-05-31T06:53:00.000Z","1653979980",
"2551","22b77d7829c68dcd","E2:1F:7B:35:CC:08","8.974358974358974","0","0.27901785714285715","0","156","2022-05-31T06:54:00.000Z","1653980040",
"2551","22b77d7829c68dcd","E2:1F:7B:35:CC:08","5.128205128205129","0","0.2840909090909091","0","156","2022-05-31T06:55:00.000Z","1653980100",
"2551","22b77d7829c68dcd","E2:1F:7B:35:CC:08","3.8461538461538463","0","0.2741228070175439","0","156","2022-05-31T06:56:00.000Z","1653980160",
"2551","22b77d7829c68dcd","E2:1F:7B:35:CC:08","8.974358974358974","0","0.2840909090909091","0","156","2022-05-31T06:57:00.000Z","1653980220",
"2551","22b77d7829c68dcd","E2:1F:7B:35:CC:08","8.974358974358974","0","0.26939655172413796","0","156","2022-05-31T06:58:00.000Z","1653980280",
"2551","22b77d7829c68dcd","E2:1F:7B:35:CC:08","24.358974358974358","1","0.2648305084745763","0","156","2022-05-31T06:59:00.000Z","1653980340",
"2551","22b77d7829c68dcd","E2:1F:7B:35:CC:08","26.923076923076923","0","0.25614754098360654","0","156","2022-05-31T07:00:00.000Z","1653980400",
"2551","22b77d7829c68dcd","E2:1F:7B:35:CC:08","39.743589743589745","1","0.2332089552238806","2","156","2022-05-31T07:01:00.000Z","1653980460",
"2551","22b77d7829c68dcd","E2:1F:7B:35:CC:08","28.205128205128204","0","0.22977941176470587","0","156","2022-05-31T07:02:00.000Z","1653980520",
"2551","22b77d7829c68dcd","E2:1F:7B:35:CC:08","41.02564102564103","6","0.25201612903225806","0","156","2022-05-31T07:03:00.000Z","1653980580",
"2551","22b77d7829c68dcd","E2:1F:7B:35:CC:08","20.512820512820515","0","0.25614754098360654","0","156","2022-05-31T07:04:00.000Z","1653980640",
"2551","22b77d7829c68dcd","E2:1F:7B:35:CC:08","37.17948717948718","3","0.23674242424242425","0","156","2022-05-31T07:05:00.000Z","1653980700",
"2551","22b77d7829c68dcd","E2:1F:7B:35:CC:08","42.30769230769231","2","0.22007042253521128","1","156","2022-05-31T07:06:00.000Z","1653980760",
"2551","22b77d7829c68dcd","E2:1F:7B:35:CC:08","29.487179487179485","0","0.20833333333333334","0","156","2022-05-31T07:07:00.000Z","1653980820",
"2551","22b77d7829c68dcd","E2:1F:7B:35:CC:08","33.333333333333336","3","0.21404109589041095","0","156","2022-05-31T07:08:00.000Z","1653980880",
"2551","22b77d7829c68dcd","E2:1F:7B:35:CC:08","24.358974358974358","0","0.20032051282051283","0","156","2022-05-31T07:09:00.000Z","1653980940",
"2551","22b77d7829c68dcd","E2:1F:7B:35:CC:08","15.384615384615385","0","0.1953125","0","156","2022-05-31T07:10:00.000Z","1653981000",
"2551","22b77d7829c68dcd","E2:1F:7B:35:CC:08","17.94871794871795","0","0.18382352941176472","0","156","2022-05-31T07:11:00.000Z","1653981060",
"2551","22b77d7829c68dcd","E2:1F:7B:35:CC:08","20.512820512820515","0","0.16622340425531915","0","156","2022-05-31T07:12:00.000Z","1653981120",
"2551","22b77d7829c68dcd","E2:1F:7B:35:CC:08","17.94871794871795","1","0.16108247422680413","2","156","2022-05-31T07:13:00.000Z","1653981180",
"2551","22b77d7829c68dcd","E2:1F:7B:35:CC:08","42.30769230769231","4","0.14076576576576577","1","156","2022-05-31T07:19:00.000Z","1653981540",
"2551","22b77d7829c68dcd","E2:1F:7B:35:CC:08","70.51282051282051","9","0.16622340425531915","1","156","2022-05-31T07:20:00.000Z","1653981600",
"2551","22b77d7829c68dcd","E2:1F:7B:35:CC:08","97.43589743589743","12","0.17959770114942528","1","156","2022-05-31T07:21:00.000Z","1653981660",
"2551","22b77d7829c68dcd","E2:1F:7B:35:CC:08","98.71794871794872","7","0.18825301204819278","1","156","2022-05-31T07:22:00.000Z","1653981720",
"2551","22b77d7829c68dcd","E2:1F:7B:35:CC:08","74.35897435897436","8","0.16983695652173914","0","156","2022-05-31T07:23:00.000Z","1653981780",
"2551","22b77d7829c68dcd","E2:1F:7B:35:CC:08","80.76923076923077","4","0.18382352941176472","2","156","2022-05-31T07:24:00.000Z","1653981840",
"2551","22b77d7829c68dcd","E2:1F:7B:35:CC:08","73.07692307692308","7","0.20292207792207792","4","156","2022-05-31T07:25:00.000Z","1653981900",
"2551","22b77d7829c68dcd","E2:1F:7B:35:CC:08","60.256410256410255","7","0.20032051282051283","0","156","2022-05-31T07:26:00.000Z","1653981960",
"2551","22b77d7829c68dcd","E2:1F:7B:35:CC:08","60.256410256410255","7","0.2403846153846154","0","156","2022-05-31T07:27:00.000Z","1653982020",
"2551","22b77d7829c68dcd","E2:1F:7B:35:CC:08","52.56410256410256","5","0.17755681818181818","1","156","2022-05-31T07:28:00.000Z","1653982080",
"2551","22b77d7829c68dcd","E2:1F:7B:35:CC:08","47.43589743589744","5","0.23674242424242425","1","156","2022-05-31T07:29:00.000Z","1653982140",
"2551","22b77d7829c68dcd","E2:1F:7B:35:CC:08","43.58974358974359","1","0.23674242424242425","0","156","2022-05-31T07:30:00.000Z","1653982200",
"2551","22b77d7829c68dcd","E2:1F:7B:35:CC:08","52.56410256410256","4","0.25614754098360654","1","156","2022-05-31T07:31:00.000Z","1653982260",
"2551","22b77d7829c68dcd","E2:1F:7B:35:CC:08","41.02564102564103","1","0.24801587301587302","1","156","2022-05-31T07:32:00.000Z","1653982320",
"2551","22b77d7829c68dcd","E2:1F:7B:35:CC:08","48.717948717948715","4","0.25614754098360654","1","156","2022-05-31T07:33:00.000Z","1653982380",
"2551","22b77d7829c68dcd","E2:1F:7B:35:CC:08","73.07692307692308","5","0.2604166666666667","1","156","2022-05-31T07:34:00.000Z","1653982440",
"2551","22b77d7829c68dcd","E2:1F:7B:35:CC:08","62.82051282051282","0","0.25201612903225806","0","156","2022-05-31T07:35:00.000Z","1653982500",
"2551","22b77d7829c68dcd","E2:1F:7B:35:CC:08","53.84615384615385","4","0.2604166666666667","1","156","2022-05-31T07:36:00.000Z","1653982560",
"2551","22b77d7829c68dcd","E2:1F:7B:35:CC:08","55.12820512820513","4","0.2840909090909091","5","156","2022-05-31T07:37:00.000Z","1653982620",
"2551","22b77d7829c68dcd","E2:1F:7B:35:CC:08","67.94871794871794","3","0.26939655172413796","1","156","2022-05-31T07:38:00.000Z","1653982680",
"2551","22b77d7829c68dcd","E2:1F:7B:35:CC:08","50","1","0.2648305084745763","1","156","2022-05-31T07:39:00.000Z","1653982740",
"2551","22b77d7829c68dcd","E2:1F:7B:35:CC:08","51.282051282051285","3","0.24801587301587302","1","156","2022-05-31T07:40:00.000Z","1653982800",
"2551","22b77d7829c68dcd","E2:1F:7B:35:CC:08","51.282051282051285","7","0.26939655172413796","1","156","2022-05-31T07:41:00.000Z","1653982860",
"2551","22b77d7829c68dcd","E2:1F:7B:35:CC:08","66.66666666666667","5","0.2840909090909091","0","156","2022-05-31T07:42:00.000Z","1653982920",
"2551","22b77d7829c68dcd","E2:1F:7B:35:CC:08","46.15384615384615","2","0.28935185185185186","2","156","2022-05-31T07:43:00.000Z","1653982980",
"2551","22b77d7829c68dcd","E2:1F:7B:35:CC:08","47.43589743589744","3","0.27901785714285715","2","156","2022-05-31T07:44:00.000Z","1653983040",
"2551","22b77d7829c68dcd","E2:1F:7B:35:CC:08","41.02564102564103","1","0.294811320754717","0","156","2022-05-31T07:45:00.000Z","1653983100",
"2551","22b77d7829c68dcd","E2:1F:7B:35:CC:08","38.46153846153846","2","0.28935185185185186","0","156","2022-05-31T07:46:00.000Z","1653983160",
"2551","22b77d7829c68dcd","E2:1F:7B:35:CC:08","37.17948717948718","0","0.2840909090909091","0","156","2022-05-31T07:47:00.000Z","1653983220",
"2551","22b77d7829c68dcd","E2:1F:7B:35:CC:08","25.641025641025642","0","0.28935185185185186","0","156","2022-05-31T07:48:00.000Z","1653983280",
"2551","22b77d7829c68dcd","E2:1F:7B:35:CC:08","32.05128205128205","3","0.28935185185185186","1","156","2022-05-31T07:49:00.000Z","1653983340",
"2551","22b77d7829c68dcd","E2:1F:7B:35:CC:08","33.333333333333336","2","0.3004807692307692","0","156","2022-05-31T07:50:00.000Z","1653983400",
"2551","22b77d7829c68dcd","E2:1F:7B:35:CC:08","21.794871794871796","0","0.30637254901960786","0","156","2022-05-31T07:51:00.000Z","1653983460",
"2551","22b77d7829c68dcd","E2:1F:7B:35:CC:08","26.923076923076923","2","0.3004807692307692","0","156","2022-05-31T07:52:00.000Z","1653983520",
"2551","22b77d7829c68dcd","E2:1F:7B:35:CC:08","32.05128205128205","1","0.28935185185185186","1","156","2022-05-31T07:53:00.000Z","1653983580",
"2551","22b77d7829c68dcd","E2:1F:7B:35:CC:08","46.15384615384615","5","0.294811320754717","0","156","2022-05-31T07:54:00.000Z","1653983640",
"2551","22b77d7829c68dcd","E2:1F:7B:35:CC:08","48.717948717948715","3","0.2840909090909091","4","156","2022-05-31T07:55:00.000Z","1653983700",
"2551","22b77d7829c68dcd","E2:1F:7B:35:CC:08","64.1025641025641","2","0.3004807692307692","1","156","2022-05-31T07:56:00.000Z","1653983760",
"2551","22b77d7829c68dcd","E2:1F:7B:35:CC:08","53.84615384615385","3","0.25614754098360654","4","156","2022-05-31T07:57:00.000Z","1653983820",
"2551","22b77d7829c68dcd","E2:1F:7B:35:CC:08","69.23076923076923","5","0.30637254901960786","1","156","2022-05-31T07:58:00.000Z","1653983880",
"2551","22b77d7829c68dcd","E2:1F:7B:35:CC:08","66.66666666666667","6","0.13354700854700854","4","156","2022-05-31T07:59:00.000Z","1653983940",
"2551","22b77d7829c68dcd","E2:1F:7B:35:CC:08","70.51282051282051","4","0.11574074074074074","5","156","2022-05-31T08:00:00.000Z","1653984000",
"2551","22b77d7829c68dcd","E2:1F:7B:35:CC:08","58.97435897435897","5","0.19054878048780488","0","156","2022-05-31T08:01:00.000Z","1653984060",
"2551","22b77d7829c68dcd","E2:1F:7B:35:CC:08","52.56410256410256","1","0.175561797752809","0","156","2022-05-31T08:02:00.000Z","1653984120",
"2551","22b77d7829c68dcd","E2:1F:7B:35:CC:08","67.94871794871794","6","0.27901785714285715","0","156","2022-05-31T08:03:00.000Z","1653984180",
"2551","22b77d7829c68dcd","E2:1F:7B:35:CC:08","100","5","0.143348623853211","2","156","2022-05-31T08:04:00.000Z","1653984240",
"2551","22b77d7829c68dcd","E2:1F:7B:35:CC:08","100","3","0.1816860465116279","1","156","2022-05-31T08:05:00.000Z","1653984300",
"2551","22b77d7829c68dcd","E2:1F:7B:35:CC:08","100","4","0.1953125","0","156","2022-05-31T08:06:00.000Z","1653984360",
"2551","22b77d7829c68dcd","E2:1F:7B:35:CC:08","100","4","0.17755681818181818","0","156","2022-05-31T08:07:00.000Z","1653984420",
"2551","22b77d7829c68dcd","E2:1F:7B:35:CC:08","61.53846153846154","5","0.1717032967032967","0","156","2022-05-31T08:08:00.000Z","1653984480",
"2551","22b77d7829c68dcd","E2:1F:7B:35:CC:08","70.51282051282051","6","0.18601190476190477","4","156","2022-05-31T08:09:00.000Z","1653984540",
"2551","22b77d7829c68dcd","E2:1F:7B:35:CC:08","66.66666666666667","0","0.06677350427350427","1","156","2022-05-31T08:13:00.000Z","1653984780",
"2551","22b77d7829c68dcd","E2:1F:7B:35:CC:08","64.1025641025641","0","3.90625","8","156","2022-05-31T08:15:00.000Z","1653984900",
"2551","22b77d7829c68dcd","E2:1F:7B:35:CC:08","74.35897435897436","1","3.125","4","156","2022-05-31T08:16:00.000Z","1653984960",
"2551","22b77d7829c68dcd","E2:1F:7B:35:CC:08","100","6","1.5625","21","156","2022-05-31T08:17:00.000Z","1653985020",
"2551","22b77d7829c68dcd","E2:1F:7B:35:CC:08","100","0","0.3324468085106383","23","156","2022-05-31T08:18:00.000Z","1653985080",
"2551","22b77d7829c68dcd","E2:1F:7B:35:CC:08","94.87179487179488","2","0.1488095238095238","2","156","2022-05-31T08:19:00.000Z","1653985140",
"2551","22b77d7829c68dcd","E2:1F:7B:35:CC:08","93.58974358974359","0","0.062250996015936255","21","156","2022-05-31T08:20:00.000Z","1653985200",
"2551","22b77d7829c68dcd","E2:1F:7B:35:CC:08","100","5","0.125","15","156","2022-05-31T08:29:00.000Z","1653985740",
"2551","22b77d7829c68dcd","E2:1F:7B:35:CC:08","100","9","0.1736111111111111","2","156","2022-05-31T08:30:00.000Z","1653985800",
"2551","22b77d7829c68dcd","E2:1F:7B:35:CC:08","100","14","0.15625","11","156","2022-05-31T08:31:00.000Z","1653985860",
"2551","22b77d7829c68dcd","E2:1F:7B:35:CC:08","100","7","0.1816860465116279","4","156","2022-05-31T08:32:00.000Z","1653985920",
"2551","22b77d7829c68dcd","E2:1F:7B:35:CC:08","100","0","0.062250996015936255","5","156","2022-05-31T08:37:00.000Z","1653986220",
"2551","22b77d7829c68dcd","E2:1F:7B:35:CC:08","100","0","0.13827433628318583","5","156","2022-05-31T08:43:00.000Z","1653986580",
"2551","22b77d7829c68dcd","E2:1F:7B:35:CC:08","93.58974358974359","3","0.19778481012658228","2","156","2022-05-31T08:53:00.000Z","1653987180",
"2551","22b77d7829c68dcd","E2:1F:7B:35:CC:08","73.07692307692308","5","0.23674242424242425","1","156","2022-05-31T08:54:00.000Z","1653987240",
"2551","22b77d7829c68dcd","E2:1F:7B:35:CC:08","46.15384615384615","0","0.062250996015936255","0","156","2022-05-31T08:55:00.000Z","1653987300",
"2551","22b77d7829c68dcd","E2:1F:7B:35:CC:08","67.94871794871794","5","0.07267441860465117","1","156","2022-05-31T09:06:00.000Z","1653987960",
"2551","22b77d7829c68dcd","E2:1F:7B:35:CC:08","65.38461538461539","3","0.10557432432432433","1","156","2022-05-31T09:52:00.000Z","1653990720",
"2551","22b77d7829c68dcd","E2:1F:7B:35:CC:08","52.56410256410256","4","0.07659313725490197","36","156","2022-05-31T09:53:00.000Z","1653990780",
"2551","22b77d7829c68dcd","E2:1F:7B:35:CC:08","100","4","0.44642857142857145","0","156","2022-05-31T10:54:00.000Z","1653994440",
"2551","22b77d7829c68dcd","E2:1F:7B:35:CC:08","100","7","0.07971938775510204","0","156","2022-05-31T10:55:00.000Z","1653994500",
"2551","22b77d7829c68dcd","E2:1F:7B:35:CC:08","74.35897435897436","0","0.08680555555555555","0","156","2022-05-31T10:56:00.000Z","1653994560",
"2551","22b77d7829c68dcd","E2:1F:7B:35:CC:08","32.05128205128205","0","0.09084302325581395","0","156","2022-05-31T10:57:00.000Z","1653994620",
"2551","22b77d7829c68dcd","E2:1F:7B:35:CC:08","19.23076923076923","1","0.08680555555555555","0","156","2022-05-31T10:58:00.000Z","1653994680",
"2551","22b77d7829c68dcd","E2:1F:7B:35:CC:08","50","8","0.09645061728395062","0","156","2022-05-31T10:59:00.000Z","1653994740",
"2551","22b77d7829c68dcd","E2:1F:7B:35:CC:08","51.282051282051285","2","0.10486577181208054","0","156","2022-05-31T11:00:00.000Z","1653994800",
"2551","22b77d7829c68dcd","E2:1F:7B:35:CC:08","51.282051282051285","7","0.10016025641025642","0","156","2022-05-31T11:01:00.000Z","1653994860",
"2551","22b77d7829c68dcd","E2:1F:7B:35:CC:08","55.12820512820513","4","0.0882768361581921","0","156","2022-05-31T11:05:00.000Z","1653995100",
"2551","22b77d7829c68dcd","E2:1F:7B:35:CC:08","46.15384615384615","4","0.0744047619047619","0","156","2022-05-31T11:06:00.000Z","1653995160",
"2551","22b77d7829c68dcd","E2:1F:7B:35:CC:08","52.56410256410256","7","0.09889240506329114","0","156","2022-05-31T11:07:00.000Z","1653995220",
"2551","22b77d7829c68dcd","E2:1F:7B:35:CC:08","44.87179487179487","3","0.11081560283687943","0","156","2022-05-31T11:08:00.000Z","1653995280",
"2551","22b77d7829c68dcd","E2:1F:7B:35:CC:08","55.12820512820513","9","0.12112403100775193","0","156","2022-05-31T11:26:00.000Z","1653996360",
"2551","22b77d7829c68dcd","E2:1F:7B:35:CC:08","52.56410256410256","8","0.09245562130177515","1","156","2022-05-31T11:58:00.000Z","1653998280",
"2551","22b77d7829c68dcd","E2:1F:7B:35:CC:08","48.717948717948715","5","0.10279605263157894","2","156","2022-05-31T11:59:00.000Z","1653998340",
"2551","22b77d7829c68dcd","E2:1F:7B:35:CC:08","42.30769230769231","3","0.11574074074074074","2","156","2022-05-31T12:00:00.000Z","1653998400",
"2551","22b77d7829c68dcd","E2:1F:7B:35:CC:08","25.641025641025642","0","0.12303149606299213","1","156","2022-05-31T12:01:00.000Z","1653998460",
"2551","22b77d7829c68dcd","E2:1F:7B:35:CC:08","34.61538461538461","6","0.07735148514851485","11","156","2022-05-31T12:02:00.000Z","1653998520",
"2551","22b77d7829c68dcd","E2:1F:7B:35:CC:08","100","3","0.13241525423728814","1","156","2022-05-31T12:03:00.000Z","1653998580",
"2551","22b77d7829c68dcd","E2:1F:7B:35:CC:08","62.82051282051282","5","0.13706140350877194","7","156","2022-05-31T12:04:00.000Z","1653998640",
"2551","22b77d7829c68dcd","E2:1F:7B:35:CC:08","41.02564102564103","0","0.15318627450980393","0","156","2022-05-31T12:05:00.000Z","1653998700",
"2551","22b77d7829c68dcd","E2:1F:7B:35:CC:08","35.8974358974359","0","0.15782828282828282","11","156","2022-05-31T12:06:00.000Z","1653998760",
"2551","22b77d7829c68dcd","E2:1F:7B:35:CC:08","52.56410256410256","4","0.14602803738317757","12","156","2022-05-31T12:07:00.000Z","1653998820",
"2551","22b77d7829c68dcd","E2:1F:7B:35:CC:08","56.41025641025641","7","0.1717032967032967","44","156","2022-05-31T12:08:00.000Z","1653998880",
"2551","22b77d7829c68dcd","E2:1F:7B:35:CC:08","48.717948717948715","1","0.10850694444444445","60","156","2022-05-31T12:09:00.000Z","1653998940",
"2551","22b77d7829c68dcd","E2:1F:7B:35:CC:08","84.61538461538461","10","0.16108247422680413","33","156","2022-05-31T12:10:00.000Z","1653999000",
"2551","22b77d7829c68dcd","E2:1F:7B:35:CC:08","79.48717948717949","9","0.11003521126760564","35","156","2022-05-31T12:11:00.000Z","1653999060",
"2551","22b77d7829c68dcd","E2:1F:7B:35:CC:08","84.61538461538461","4","0.08223684210526316","0","156","2022-05-31T12:26:00.000Z","1653999960",
"2551","22b77d7829c68dcd","E2:1F:7B:35:CC:08","70.51282051282051","0","0.062250996015936255","11","156","2022-05-31T12:34:00.000Z","1654000440",
"2551","22b77d7829c68dcd","E2:1F:7B:35:CC:08","78.2051282051282","8","0.10416666666666667","0","156","2022-05-31T12:39:00.000Z","1654000740",
"2551","22b77d7829c68dcd","E2:1F:7B:35:CC:08","97.43589743589743","8","0.10016025641025642","2","156","2022-05-31T12:40:00.000Z","1654000800",
"2551","22b77d7829c68dcd","E2:1F:7B:35:CC:08","100","9","0.12303149606299213","0","156","2022-05-31T12:41:00.000Z","1654000860",
"2551","22b77d7829c68dcd","E2:1F:7B:35:CC:08","100","5","0.09412650602409639","1","156","2022-05-31T12:42:00.000Z","1654000920",
"2551","22b77d7829c68dcd","E2:1F:7B:35:CC:08","100","6","0.13130252100840337","8","156","2022-05-31T12:43:00.000Z","1654000980",
"2551","22b77d7829c68dcd","E2:1F:7B:35:CC:08","100","6","0.1474056603773585","2","156","2022-05-31T12:44:00.000Z","1654001040",
"2551","22b77d7829c68dcd","E2:1F:7B:35:CC:08","100","9","0.14204545454545456","4","156","2022-05-31T12:45:00.000Z","1654001100",
"2551","22b77d7829c68dcd","E2:1F:7B:35:CC:08","100","3","0.10557432432432433","1","156","2022-05-31T12:46:00.000Z","1654001160",
"2551","22b77d7829c68dcd","E2:1F:7B:35:CC:08","89.74358974358974","8","0.14467592592592593","0","156","2022-05-31T12:49:00.000Z","1654001340",
"2551","22b77d7829c68dcd","E2:1F:7B:35:CC:08","80.76923076923077","6","0.2648305084745763","7","156","2022-05-31T12:50:00.000Z","1654001400",
"2551","22b77d7829c68dcd","E2:1F:7B:35:CC:08","76.92307692307692","6","0.20559210526315788","7","156","2022-05-31T12:51:00.000Z","1654001460",
"2551","22b77d7829c68dcd","E2:1F:7B:35:CC:08","75.64102564102564","0","0.11160714285714286","1","156","2022-05-31T12:52:00.000Z","1654001520",
"2551","22b77d7829c68dcd","E2:1F:7B:35:CC:08","74.35897435897436","7","0.1166044776119403","9","156","2022-05-31T12:54:00.000Z","1654001640",
"2551","22b77d7829c68dcd","E2:1F:7B:35:CC:08","75.64102564102564","8","0.12112403100775193","9","156","2022-05-31T12:55:00.000Z","1654001700",
"2551","22b77d7829c68dcd","E2:1F:7B:35:CC:08","82.05128205128206","6","0.25614754098360654","7","156","2022-05-31T12:56:00.000Z","1654001760",
"2551","22b77d7829c68dcd","E2:1F:7B:35:CC:08","85.8974358974359","3","0.18382352941176472","5","156","2022-05-31T12:57:00.000Z","1654001820",
"2551","22b77d7829c68dcd","E2:1F:7B:35:CC:08","94.87179487179488","7","0.10486577181208054","16","156","2022-05-31T12:58:00.000Z","1654001880",
"2551","22b77d7829c68dcd","E2:1F:7B:35:CC:08","94.87179487179488","9","0.10080645161290322","5","156","2022-05-31T13:01:00.000Z","1654002060",
"2551","22b77d7829c68dcd","E2:1F:7B:35:CC:08","100","6","0.3255208333333333","0","156","2022-05-31T13:02:00.000Z","1654002120",
"2551","22b77d7829c68dcd","E2:1F:7B:35:CC:08","100","2","0.12913223140495866","0","156","2022-05-31T13:03:00.000Z","1654002180",
"2551","22b77d7829c68dcd","E2:1F:7B:35:CC:08","100","4","0.062250996015936255","0","156","2022-05-31T13:04:00.000Z","1654002240",
"2551","22b77d7829c68dcd","E2:1F:7B:35:CC:08","100","5","0.16108247422680413","5","156","2022-05-31T13:06:00.000Z","1654002360",
"2551","22b77d7829c68dcd","E2:1F:7B:35:CC:08","100","5","0.13020833333333334","1","156","2022-05-31T13:09:00.000Z","1654002540",
"2551","22b77d7829c68dcd","E2:1F:7B:35:CC:08","79.48717948717949","8","0.143348623853211","1","156","2022-05-31T13:10:00.000Z","1654002600",
"2551","22b77d7829c68dcd","E2:1F:7B:35:CC:08","73.07692307692308","5","0.12112403100775193","14","156","2022-05-31T13:11:00.000Z","1654002660",
"2551","22b77d7829c68dcd","E2:1F:7B:35:CC:08","57.69230769230769","7","0.11003521126760564","67","156","2022-05-31T13:13:00.000Z","1654002780",
"2551","22b77d7829c68dcd","E2:1F:7B:35:CC:08","61.53846153846154","9","0.13354700854700854","0","156","2022-05-31T13:21:00.000Z","1654003260",
"2551","22b77d7829c68dcd","E2:1F:7B:35:CC:08","60.256410256410255","7","0.16622340425531915","0","156","2022-05-31T13:22:00.000Z","1654003320",
"2551","22b77d7829c68dcd","E2:1F:7B:35:CC:08","37.17948717948718","0","0.18382352941176472","0","156","2022-05-31T13:23:00.000Z","1654003380",
"2551","22b77d7829c68dcd","E2:1F:7B:35:CC:08","26.923076923076923","0","0.19290123456790123","0","156","2022-05-31T13:24:00.000Z","1654003440",
"2551","22b77d7829c68dcd","E2:1F:7B:35:CC:08","19.23076923076923","0","0.20833333333333334","0","156","2022-05-31T13:25:00.000Z","1654003500",
"2551","22b77d7829c68dcd","E2:1F:7B:35:CC:08","21.794871794871796","2","0.1358695652173913","16","156","2022-05-31T13:26:00.000Z","1654003560",
"2551","22b77d7829c68dcd","E2:1F:7B:35:CC:08","25.641025641025642","0","0.13020833333333334","23","156","2022-05-31T13:27:00.000Z","1654003620",
"2551","22b77d7829c68dcd","E2:1F:7B:35:CC:08","46.15384615384615","8","0.21114864864864866","0","156","2022-05-31T13:40:00.000Z","1654004400",
"2551","22b77d7829c68dcd","E2:1F:7B:35:CC:08","58.97435897435897","8","0.26939655172413796","0","156","2022-05-31T13:41:00.000Z","1654004460",
"2551","22b77d7829c68dcd","E2:1F:7B:35:CC:08","55.12820512820513","4","0.294811320754717","1","156","2022-05-31T13:42:00.000Z","1654004520",
"2551","22b77d7829c68dcd","E2:1F:7B:35:CC:08","76.92307692307692","2","0.21404109589041095","0","156","2022-05-31T13:43:00.000Z","1654004580",
"2551","22b77d7829c68dcd","E2:1F:7B:35:CC:08","80.76923076923077","5","0.2332089552238806","0","156","2022-05-31T13:44:00.000Z","1654004640",
"2551","22b77d7829c68dcd","E2:1F:7B:35:CC:08","80.76923076923077","8","0.20833333333333334","1","156","2022-05-31T13:45:00.000Z","1654004700",
"2551","22b77d7829c68dcd","E2:1F:7B:35:CC:08","93.58974358974359","6","0.31887755102040816","0","156","2022-05-31T13:46:00.000Z","1654004760",
"2551","22b77d7829c68dcd","E2:1F:7B:35:CC:08","100","6","0.4222972972972973","1","156","2022-05-31T13:47:00.000Z","1654004820",
"2551","22b77d7829c68dcd","E2:1F:7B:35:CC:08","73.07692307692308","5","0.5040322580645161","0","156","2022-05-31T13:48:00.000Z","1654004880",
"2551","22b77d7829c68dcd","E2:1F:7B:35:CC:08","80.76923076923077","2","0.5787037037037037","0","156","2022-05-31T13:49:00.000Z","1654004940",
"2551","22b77d7829c68dcd","E2:1F:7B:35:CC:08","74.35897435897436","4","0.41118421052631576","8","156","2022-05-31T13:50:00.000Z","1654005000",
"2551","22b77d7829c68dcd","E2:1F:7B:35:CC:08","71.7948717948718","4","0.35511363636363635","1","156","2022-05-31T13:51:00.000Z","1654005060",
"2551","22b77d7829c68dcd","E2:1F:7B:35:CC:08","82.05128205128206","12","0.07070135746606335","0","156","2022-05-31T13:52:00.000Z","1654005120",
"2551","22b77d7829c68dcd","E2:1F:7B:35:CC:08","97.43589743589743","7","0.18382352941176472","1","156","2022-05-31T13:54:00.000Z","1654005240",
"2551","22b77d7829c68dcd","E2:1F:7B:35:CC:08","100","8","0.22977941176470587","5","156","2022-05-31T13:55:00.000Z","1654005300",
"2551","22b77d7829c68dcd","E2:1F:7B:35:CC:08","100","5","0.11241007194244604","4","156","2022-05-31T13:56:00.000Z","1654005360",
"2551","22b77d7829c68dcd","E2:1F:7B:35:CC:08","100","4","0.11574074074074074","8","156","2022-05-31T13:57:00.000Z","1654005420",
"2551","22b77d7829c68dcd","E2:1F:7B:35:CC:08","100","4","0.18601190476190477","4","156","2022-05-31T13:58:00.000Z","1654005480",
"2551","22b77d7829c68dcd","E2:1F:7B:35:CC:08","100","5","0.175561797752809","14","156","2022-05-31T13:59:00.000Z","1654005540",
"2551","22b77d7829c68dcd","E2:1F:7B:35:CC:08","100","9","0.1736111111111111","11","156","2022-05-31T14:00:00.000Z","1654005600",
"2551","22b77d7829c68dcd","E2:1F:7B:35:CC:08","100","8","0.18382352941176472","19","156","2022-05-31T14:01:00.000Z","1654005660",
"2551","22b77d7829c68dcd","E2:1F:7B:35:CC:08","98.71794871794872","5","0.20292207792207792","2","156","2022-05-31T14:02:00.000Z","1654005720",
"2551","22b77d7829c68dcd","E2:1F:7B:35:CC:08","94.87179487179488","10","0.23674242424242425","5","156","2022-05-31T14:03:00.000Z","1654005780",
"2551","22b77d7829c68dcd","E2:1F:7B:35:CC:08","96.15384615384616","5","0.27901785714285715","7","156","2022-05-31T14:04:00.000Z","1654005840",
"2551","22b77d7829c68dcd","E2:1F:7B:35:CC:08","88.46153846153847","0","0.06793478260869565","4","156","2022-05-31T14:05:00.000Z","1654005900",
"2551","22b77d7829c68dcd","E2:1F:7B:35:CC:08","87.17948717948718","5","0.16801075268817203","8","156","2022-05-31T14:06:00.000Z","1654005960",
"2551","22b77d7829c68dcd","E2:1F:7B:35:CC:08","100","2","0.16801075268817203","8","156","2022-05-31T14:07:00.000Z","1654006020",
"2551","22b77d7829c68dcd","E2:1F:7B:35:CC:08","100","4","0.21114864864864866","9","156","2022-05-31T14:08:00.000Z","1654006080",
"2551","22b77d7829c68dcd","E2:1F:7B:35:CC:08","100","14","0.11160714285714286","15","156","2022-05-31T14:09:00.000Z","1654006140",
"2551","22b77d7829c68dcd","E2:1F:7B:35:CC:08","98.71794871794872","3","0.12807377049180327","19","156","2022-05-31T14:10:00.000Z","1654006200",
"2551","22b77d7829c68dcd","E2:1F:7B:35:CC:08","100","7","0.12913223140495866","28","156","2022-05-31T14:13:00.000Z","1654006380",
"2551","22b77d7829c68dcd","E2:1F:7B:35:CC:08","100","3","0.1358695652173913","12","156","2022-05-31T14:14:00.000Z","1654006440",
"2551","22b77d7829c68dcd","E2:1F:7B:35:CC:08","93.58974358974359","9","0.1502403846153846","0","156","2022-05-31T14:15:00.000Z","1654006500",
"2551","22b77d7829c68dcd","E2:1F:7B:35:CC:08","82.05128205128206","11","0.18382352941176472","0","156","2022-05-31T14:16:00.000Z","1654006560",
"2551","22b77d7829c68dcd","E2:1F:7B:35:CC:08","47.43589743589744","0","0.20292207792207792","0","156","2022-05-31T14:17:00.000Z","1654006620",
"2551","22b77d7829c68dcd","E2:1F:7B:35:CC:08","37.17948717948718","0","0.22321428571428573","1","156","2022-05-31T14:18:00.000Z","1654006680",
"2551","22b77d7829c68dcd","E2:1F:7B:35:CC:08","39.743589743589745","1","0.22977941176470587","1","156","2022-05-31T14:19:00.000Z","1654006740",
"2551","22b77d7829c68dcd","E2:1F:7B:35:CC:08","53.84615384615385","6","0.21404109589041095","0","156","2022-05-31T14:20:00.000Z","1654006800",
"2551","22b77d7829c68dcd","E2:1F:7B:35:CC:08","70.51282051282051","7","0.2604166666666667","0","156","2022-05-31T14:21:00.000Z","1654006860",
"2551","22b77d7829c68dcd","E2:1F:7B:35:CC:08","65.38461538461539","8","0.15943877551020408","0","156","2022-05-31T14:22:00.000Z","1654006920",
"2551","22b77d7829c68dcd","E2:1F:7B:35:CC:08","58.97435897435897","2","0.22644927536231885","0","156","2022-05-31T14:23:00.000Z","1654006980",
"2551","22b77d7829c68dcd","E2:1F:7B:35:CC:08","57.69230769230769","4","0.20559210526315788","0","156","2022-05-31T14:24:00.000Z","1654007040",
"2551","22b77d7829c68dcd","E2:1F:7B:35:CC:08","57.69230769230769","3","0.1717032967032967","2","156","2022-05-31T14:25:00.000Z","1654007100",
"2551","22b77d7829c68dcd","E2:1F:7B:35:CC:08","60.256410256410255","2","0.22977941176470587","1","156","2022-05-31T14:26:00.000Z","1654007160",
"2551","22b77d7829c68dcd","E2:1F:7B:35:CC:08","43.58974358974359","3","0.20559210526315788","1","156","2022-05-31T14:27:00.000Z","1654007220",
"2551","22b77d7829c68dcd","E2:1F:7B:35:CC:08","37.17948717948718","2","0.2332089552238806","0","156","2022-05-31T14:28:00.000Z","1654007280",
"2551","22b77d7829c68dcd","E2:1F:7B:35:CC:08","37.17948717948718","0","0.16108247422680413","1","156","2022-05-31T14:34:00.000Z","1654007640",
"2551","22b77d7829c68dcd","E2:1F:7B:35:CC:08","41.02564102564103","9","0.1220703125","1","156","2022-05-31T14:35:00.000Z","1654007700",
"2551","22b77d7829c68dcd","E2:1F:7B:35:CC:08","48.717948717948715","2","0.13130252100840337","0","156","2022-05-31T14:36:00.000Z","1654007760",
"2551","22b77d7829c68dcd","E2:1F:7B:35:CC:08","57.69230769230769","10","0.12807377049180327","0","156","2022-05-31T14:37:00.000Z","1654007820",
"2551","22b77d7829c68dcd","E2:1F:7B:35:CC:08","62.82051282051282","4","0.11574074074074074","0","156","2022-05-31T14:39:00.000Z","1654007940",
"2551","22b77d7829c68dcd","E2:1F:7B:35:CC:08","100","9","0.12112403100775193","0","156","2022-05-31T14:40:00.000Z","1654008000",
"2551","22b77d7829c68dcd","E2:1F:7B:35:CC:08","100","8","0.13130252100840337","0","156","2022-05-31T14:41:00.000Z","1654008060",
"2551","22b77d7829c68dcd","E2:1F:7B:35:CC:08","100","6","0.13020833333333334","1","156","2022-05-31T14:42:00.000Z","1654008120",
"2551","22b77d7829c68dcd","E2:1F:7B:35:CC:08","100","7","0.0946969696969697","2","156","2022-05-31T14:43:00.000Z","1654008180",
"2551","22b77d7829c68dcd","E2:1F:7B:35:CC:08","100","0","0.11081560283687943","2","156","2022-05-31T14:44:00.000Z","1654008240",
"2551","22b77d7829c68dcd","E2:1F:7B:35:CC:08","100","8","0.09585889570552147","0","156","2022-05-31T14:45:00.000Z","1654008300",
"2551","22b77d7829c68dcd","E2:1F:7B:35:CC:08","100","9","0.08632596685082873","0","156","2022-05-31T14:46:00.000Z","1654008360",
"2551","22b77d7829c68dcd","E2:1F:7B:35:CC:08","100","11","0.10279605263157894","2","156","2022-05-31T14:47:00.000Z","1654008420",
"2551","22b77d7829c68dcd","E2:1F:7B:35:CC:08","100","6","0.11322463768115942","0","156","2022-05-31T14:48:00.000Z","1654008480",
"2551","22b77d7829c68dcd","E2:1F:7B:35:CC:08","76.92307692307692","6","0.12400793650793651","0","156","2022-05-31T14:49:00.000Z","1654008540",
"2551","22b77d7829c68dcd","E2:1F:7B:35:CC:08","64.1025641025641","7","0.1166044776119403","0","156","2022-05-31T14:50:00.000Z","1654008600",
"2551","22b77d7829c68dcd","E2:1F:7B:35:CC:08","75.64102564102564","4","0.10212418300653595","2","156","2022-05-31T14:51:00.000Z","1654008660",
"2551","22b77d7829c68dcd","E2:1F:7B:35:CC:08","100","4","0.12600806451612903","1","156","2022-05-31T14:52:00.000Z","1654008720",
"2551","22b77d7829c68dcd","E2:1F:7B:35:CC:08","100","6","0.08680555555555555","0","156","2022-05-31T14:53:00.000Z","1654008780",
"2551","22b77d7829c68dcd","E2:1F:7B:35:CC:08","100","8","0.1201923076923077","5","156","2022-05-31T14:54:00.000Z","1654008840",
"2551","22b77d7829c68dcd","E2:1F:7B:35:CC:08","100","0","0.08680555555555555","7","156","2022-05-31T14:55:00.000Z","1654008900",
"2551","22b77d7829c68dcd","E2:1F:7B:35:CC:08","100","2","0.08680555555555555","0","156","2022-05-31T14:56:00.000Z","1654008960",
"2551","22b77d7829c68dcd","E2:1F:7B:35:CC:08","100","3","0.13241525423728814","5","156","2022-05-31T14:57:00.000Z","1654009020",
"2551","22b77d7829c68dcd","E2:1F:7B:35:CC:08","100","6","0.09031791907514451","2","156","2022-05-31T14:58:00.000Z","1654009080",
"2551","22b77d7829c68dcd","E2:1F:7B:35:CC:08","100","5","0.07584951456310679","4","156","2022-05-31T15:09:00.000Z","1654009740",
"2551","22b77d7829c68dcd","E2:1F:7B:35:CC:08","100","8","0.09084302325581395","0","157","2022-05-31T15:25:00.000Z","1654010700",
"2551","22b77d7829c68dcd","E2:1F:7B:35:CC:08","100","8","0.10347682119205298","0","157","2022-05-31T15:26:00.000Z","1654010760",
"2551","22b77d7829c68dcd","E2:1F:7B:35:CC:08","100","10","0.15625","0","157","2022-05-31T15:27:00.000Z","1654010820",
"2551","22b77d7829c68dcd","E2:1F:7B:35:CC:08","96.81528662420382","12","0.18601190476190477","0","157","2022-05-31T15:28:00.000Z","1654010880",
"2551","22b77d7829c68dcd","E2:1F:7B:35:CC:08","50.955414012738856","0","0.21114864864864866","0","157","2022-05-31T15:29:00.000Z","1654010940",
"2551","22b77d7829c68dcd","E2:1F:7B:35:CC:08","36.94267515923567","2","0.15169902912621358","0","157","2022-05-31T15:30:00.000Z","1654011000",
"2551","22b77d7829c68dcd","E2:1F:7B:35:CC:08","48.40764331210191","10","0.10016025641025642","1","157","2022-05-31T15:31:00.000Z","1654011060",
"2551","22b77d7829c68dcd","E2:1F:7B:35:CC:08","53.503184713375795","1","0.17959770114942528","7","157","2022-05-31T15:35:00.000Z","1654011300",
"2551","22b77d7829c68dcd","E2:1F:7B:35:CC:08","70.06369426751593","5","0.09356287425149701","11","157","2022-05-31T15:36:00.000Z","1654011360",
"2551","22b77d7829c68dcd","E2:1F:7B:35:CC:08","92.99363057324841","5","0.0877808988764045","8","157","2022-05-31T15:37:00.000Z","1654011420",
"2551","22b77d7829c68dcd","E2:1F:7B:35:CC:08","100","8","0.12303149606299213","0","157","2022-05-31T16:45:00.000Z","1654015500",
"2551","22b77d7829c68dcd","E2:1F:7B:35:CC:08","100","9","0.19778481012658228","0","157","2022-05-31T16:46:00.000Z","1654015560",
"2551","22b77d7829c68dcd","E2:1F:7B:35:CC:08","100","6","0.2403846153846154","0","157","2022-05-31T16:47:00.000Z","1654015620",
"2551","22b77d7829c68dcd","E2:1F:7B:35:CC:08","100","11","0.18601190476190477","1","157","2022-05-31T16:48:00.000Z","1654015680",
"2551","22b77d7829c68dcd","E2:1F:7B:35:CC:08","100","13","0.20292207792207792","1","157","2022-05-31T20:00:00.000Z","1654027200",
"2551","22b77d7829c68dcd","E2:1F:7B:35:CC:08","100","11","0.294811320754717","0","157","2022-05-31T20:01:00.000Z","1654027260",
"2551","22b77d7829c68dcd","E2:1F:7B:35:CC:08","100","10","0.3633720930232558","1","157","2022-05-31T20:02:00.000Z","1654027320",
"2551","22b77d7829c68dcd","E2:1F:7B:35:CC:08","77.70700636942675","11","0.44642857142857145","0","157","2022-05-31T20:03:00.000Z","1654027380",
"2551","22b77d7829c68dcd","E2:1F:7B:35:CC:08","52.22929936305732","8","0.48828125","0","157","2022-05-31T20:04:00.000Z","1654027440",
"2551","22b77d7829c68dcd","E2:1F:7B:35:CC:08","45.859872611464965","4","0.5040322580645161","0","157","2022-05-31T20:05:00.000Z","1654027500",
"2551","22b77d7829c68dcd","E2:1F:7B:35:CC:08","56.05095541401274","7","0.5387931034482759","0","157","2022-05-31T20:06:00.000Z","1654027560",
"2551","22b77d7829c68dcd","E2:1F:7B:35:CC:08","84.07643312101911","4","0.5787037037037037","0","157","2022-05-31T20:07:00.000Z","1654027620",
"2551","22b77d7829c68dcd","E2:1F:7B:35:CC:08","67.51592356687898","3","0.7440476190476191","0","157","2022-05-31T20:08:00.000Z","1654027680",
"2551","22b77d7829c68dcd","E2:1F:7B:35:CC:08","100","7","0.20559210526315788","0","157","2022-05-31T20:09:00.000Z","1654027740",
"2551","22b77d7829c68dcd","E2:1F:7B:35:CC:08","100","6","0.24801587301587302","1","157","2022-05-31T20:10:00.000Z","1654027800",
"2551","22b77d7829c68dcd","E2:1F:7B:35:CC:08","100","3","0.28935185185185186","4","157","2022-05-31T20:11:00.000Z","1654027860",
"2551","22b77d7829c68dcd","E2:1F:7B:35:CC:08","100","0","0.1816860465116279","11","157","2022-05-31T20:12:00.000Z","1654027920",
"2551","22b77d7829c68dcd","E2:1F:7B:35:CC:08","100","5","0.5040322580645161","0","157","2022-05-31T20:13:00.000Z","1654027980",
"2551","22b77d7829c68dcd","E2:1F:7B:35:CC:08","100","5","0.625","0","157","2022-05-31T20:14:00.000Z","1654028040",
"2551","22b77d7829c68dcd","E2:1F:7B:35:CC:08","100","5","0.6510416666666666","0","157","2022-05-31T20:15:00.000Z","1654028100",
"2551","22b77d7829c68dcd","E2:1F:7B:35:CC:08","58.59872611464968","0","0.7102272727272727","0","157","2022-05-31T20:16:00.000Z","1654028160",
"2551","22b77d7829c68dcd","E2:1F:7B:35:CC:08","24.203821656050955","0","0.7440476190476191","0","157","2022-05-31T20:17:00.000Z","1654028220",
"2551","22b77d7829c68dcd","E2:1F:7B:35:CC:08","10.19108280254777","0","0.78125","0","157","2022-05-31T20:18:00.000Z","1654028280",
"2551","22b77d7829c68dcd","E2:1F:7B:35:CC:08","12.738853503184714","0","0.7440476190476191","0","157","2022-05-31T20:19:00.000Z","1654028340",
"2551","22b77d7829c68dcd","E2:1F:7B:35:CC:08","17.8343949044586","0","0.78125","0","157","2022-05-31T20:20:00.000Z","1654028400",
"2551","22b77d7829c68dcd","E2:1F:7B:35:CC:08","30.573248407643312","2","0.78125","1","157","2022-05-31T20:21:00.000Z","1654028460",
"2551","22b77d7829c68dcd","E2:1F:7B:35:CC:08","29.29936305732484","1","0.7102272727272727","2","157","2022-05-31T20:22:00.000Z","1654028520",
"2551","22b77d7829c68dcd","E2:1F:7B:35:CC:08","31.84713375796178","4","0.8223684210526315","2","157","2022-05-31T20:23:00.000Z","1654028580",
"2551","22b77d7829c68dcd","E2:1F:7B:35:CC:08","43.31210191082803","0","0.8680555555555556","0","157","2022-05-31T20:24:00.000Z","1654028640",
"2551","22b77d7829c68dcd","E2:1F:7B:35:CC:08","36.94267515923567","2","0.8223684210526315","0","157","2022-05-31T20:25:00.000Z","1654028700",
"2551","22b77d7829c68dcd","E2:1F:7B:35:CC:08","25.477707006369428","0","0.8680555555555556","0","157","2022-05-31T20:26:00.000Z","1654028760",
"2551","22b77d7829c68dcd","E2:1F:7B:35:CC:08","33.12101910828026","1","0.8223684210526315","14","157","2022-05-31T20:27:00.000Z","1654028820",
"2551","22b77d7829c68dcd","E2:1F:7B:35:CC:08","36.94267515923567","3","0.78125","18","157","2022-05-31T20:28:00.000Z","1654028880",
"2551","22b77d7829c68dcd","E2:1F:7B:35:CC:08","39.49044585987261","6","0.8680555555555556","22","157","2022-05-31T20:29:00.000Z","1654028940",
"2551","22b77d7829c68dcd","E2:1F:7B:35:CC:08","36.94267515923567","2","0.8680555555555556","22","157","2022-05-31T20:30:00.000Z","1654029000",
"2551","22b77d7829c68dcd","E2:1F:7B:35:CC:08","33.12101910828026","2","0.9765625","28","157","2022-05-31T20:31:00.000Z","1654029060",
"2551","22b77d7829c68dcd","E2:1F:7B:35:CC:08","33.12101910828026","3","0.9765625","22","157","2022-05-31T20:32:00.000Z","1654029120",
"2551","22b77d7829c68dcd","E2:1F:7B:35:CC:08","28.02547770700637","0","0.9765625","4","157","2022-05-31T20:33:00.000Z","1654029180",
"2551","22b77d7829c68dcd","E2:1F:7B:35:CC:08","30.573248407643312","2","0.9765625","16","157","2022-05-31T20:34:00.000Z","1654029240",
"2551","22b77d7829c68dcd","E2:1F:7B:35:CC:08","43.31210191082803","2","0.9191176470588235","22","157","2022-05-31T20:35:00.000Z","1654029300",
"2551","22b77d7829c68dcd","E2:1F:7B:35:CC:08","38.21656050955414","2","0.4734848484848485","14","157","2022-05-31T20:36:00.000Z","1654029360",
"2551","22b77d7829c68dcd","E2:1F:7B:35:CC:08","49.681528662420384","6","0.6009615384615384","4","157","2022-05-31T20:37:00.000Z","1654029420",
"2551","22b77d7829c68dcd","E2:1F:7B:35:CC:08","39.49044585987261","3","0.6510416666666666","7","157","2022-05-31T20:38:00.000Z","1654029480",
"2551","22b77d7829c68dcd","E2:1F:7B:35:CC:08","39.49044585987261","4","0.6793478260869565","1","157","2022-05-31T20:39:00.000Z","1654029540",
"2551","22b77d7829c68dcd","E2:1F:7B:35:CC:08","30.573248407643312","0","0.7102272727272727","4","157","2022-05-31T20:40:00.000Z","1654029600",
"2551","22b77d7829c68dcd","E2:1F:7B:35:CC:08","31.84713375796178","1","0.6793478260869565","2","157","2022-05-31T20:41:00.000Z","1654029660",
"2551","22b77d7829c68dcd","E2:1F:7B:35:CC:08","35.6687898089172","3","0.6793478260869565","9","157","2022-05-31T20:42:00.000Z","1654029720",
"2551","22b77d7829c68dcd","E2:1F:7B:35:CC:08","33.12101910828026","3","0.5580357142857143","7","157","2022-05-31T20:43:00.000Z","1654029780",
"2551","22b77d7829c68dcd","E2:1F:7B:35:CC:08","52.22929936305732","7","0.5208333333333334","0","157","2022-05-31T20:44:00.000Z","1654029840",
"2551","22b77d7829c68dcd","E2:1F:7B:35:CC:08","54.90196078431372","1","0.6793478260869565","0","153","2022-05-31T20:47:00.000Z","1654030020",
"2551","22b77d7829c68dcd","E2:1F:7B:35:CC:08","44.44444444444444","4","0.6009615384615384","0","153","2022-05-31T20:48:00.000Z","1654030080",
"2551","22b77d7829c68dcd","E2:1F:7B:35:CC:08","71.89542483660131","5","0.6510416666666666","0","153","2022-05-31T20:49:00.000Z","1654030140",
"2551","22b77d7829c68dcd","E2:1F:7B:35:CC:08","54.90196078431372","1","0.6510416666666666","0","153","2022-05-31T20:50:00.000Z","1654030200",
"2551","22b77d7829c68dcd","E2:1F:7B:35:CC:08","41.830065359477125","3","0.625","0","153","2022-05-31T20:51:00.000Z","1654030260",
"2551","22b77d7829c68dcd","E2:1F:7B:35:CC:08","28.758169934640524","0","0.625","0","153","2022-05-31T20:52:00.000Z","1654030320",
"2551","22b77d7829c68dcd","E2:1F:7B:35:CC:08","19.607843137254903","0","0.625","0","153","2022-05-31T20:53:00.000Z","1654030380",
"2551","22b77d7829c68dcd","E2:1F:7B:35:CC:08","22.22222222222222","0","0.6510416666666666","0","153","2022-05-31T20:54:00.000Z","1654030440",
"2551","22b77d7829c68dcd","E2:1F:7B:35:CC:08","23.529411764705884","0","0.6510416666666666","0","153","2022-05-31T20:55:00.000Z","1654030500",
"2551","22b77d7829c68dcd","E2:1F:7B:35:CC:08","28.758169934640524","2","0.625","0","153","2022-05-31T20:56:00.000Z","1654030560",
"2551","22b77d7829c68dcd","E2:1F:7B:35:CC:08","43.13725490196079","7","0.6510416666666666","0","153","2022-05-31T20:57:00.000Z","1654030620",
"2551","22b77d7829c68dcd","E2:1F:7B:35:CC:08","48.36601307189542","2","0.625","0","153","2022-05-31T20:58:00.000Z","1654030680",
"2551","22b77d7829c68dcd","E2:1F:7B:35:CC:08","39.21568627450981","1","0.6510416666666666","0","153","2022-05-31T20:59:00.000Z","1654030740",
"2551","22b77d7829c68dcd","E2:1F:7B:35:CC:08","14.379084967320262","0","0.6793478260869565","0","153","2022-05-31T21:00:00.000Z","1654030800",
"2551","22b77d7829c68dcd","E2:1F:7B:35:CC:08","5.228758169934641","0","0.6793478260869565","0","153","2022-05-31T21:01:00.000Z","1654030860",
"2551","22b77d7829c68dcd","E2:1F:7B:35:CC:08","5.228758169934641","0","0.6793478260869565","0","153","2022-05-31T21:02:00.000Z","1654030920",
"2551","22b77d7829c68dcd","E2:1F:7B:35:CC:08","22.22222222222222","0","0.6793478260869565","0","153","2022-05-31T21:03:00.000Z","1654030980",
"2551","22b77d7829c68dcd","E2:1F:7B:35:CC:08","15.686274509803921","0","0.6793478260869565","1","153","2022-05-31T21:04:00.000Z","1654031040",
"2551","22b77d7829c68dcd","E2:1F:7B:35:CC:08","23.529411764705884","0","0.7102272727272727","2","153","2022-05-31T21:05:00.000Z","1654031100",
"2551","22b77d7829c68dcd","E2:1F:7B:35:CC:08","32.6797385620915","0","0.8223684210526315","0","153","2022-05-31T21:06:00.000Z","1654031160",
"2551","22b77d7829c68dcd","E2:1F:7B:35:CC:08","23.529411764705884","0","0.6009615384615384","0","153","2022-05-31T21:07:00.000Z","1654031220",
"2551","22b77d7829c68dcd","E2:1F:7B:35:CC:08","94.11764705882354","6","0.625","1","153","2022-05-31T21:08:00.000Z","1654031280",
"2551","22b77d7829c68dcd","E2:1F:7B:35:CC:08","41.830065359477125","0","0.6510416666666666","0","153","2022-05-31T21:09:00.000Z","1654031340",
"2551","22b77d7829c68dcd","E2:1F:7B:35:CC:08","15.686274509803921","0","0.6793478260869565","0","153","2022-05-31T21:10:00.000Z","1654031400",
"2551","22b77d7829c68dcd","E2:1F:7B:35:CC:08","6.5359477124183005","0","0.6793478260869565","0","153","2022-05-31T21:11:00.000Z","1654031460",
"2551","22b77d7829c68dcd","E2:1F:7B:35:CC:08","3.9215686274509802","0","0.6793478260869565","0","153","2022-05-31T21:12:00.000Z","1654031520",
"2551","22b77d7829c68dcd","E2:1F:7B:35:CC:08","3.9215686274509802","0","0.6793478260869565","0","153","2022-05-31T21:13:00.000Z","1654031580",
"2551","22b77d7829c68dcd","E2:1F:7B:35:CC:08","2.6143790849673203","0","0.7102272727272727","0","153","2022-05-31T21:14:00.000Z","1654031640",
"2551","22b77d7829c68dcd","E2:1F:7B:35:CC:08","6.5359477124183005","0","0.6793478260869565","0","153","2022-05-31T21:15:00.000Z","1654031700",
"2551","22b77d7829c68dcd","E2:1F:7B:35:CC:08","5.228758169934641","0","0.6793478260869565","0","153","2022-05-31T21:16:00.000Z","1654031760",
"2551","22b77d7829c68dcd","E2:1F:7B:35:CC:08","3.9215686274509802","0","0.6793478260869565","0","153","2022-05-31T21:17:00.000Z","1654031820",
"2551","22b77d7829c68dcd","E2:1F:7B:35:CC:08","5.228758169934641","0","0.6793478260869565","0","153","2022-05-31T21:18:00.000Z","1654031880",
"2551","22b77d7829c68dcd","E2:1F:7B:35:CC:08","5.228758169934641","0","0.6793478260869565","0","153","2022-05-31T21:19:00.000Z","1654031940",
"2551","22b77d7829c68dcd","E2:1F:7B:35:CC:08","3.9215686274509802","0","0.6793478260869565","0","153","2022-05-31T21:20:00.000Z","1654032000",
"2551","22b77d7829c68dcd","E2:1F:7B:35:CC:08","3.9215686274509802","0","0.6793478260869565","0","153","2022-05-31T21:21:00.000Z","1654032060",
"2551","22b77d7829c68dcd","E2:1F:7B:35:CC:08","3.9215686274509802","0","0.6793478260869565","0","153","2022-05-31T21:22:00.000Z","1654032120",
"2551","22b77d7829c68dcd","E2:1F:7B:35:CC:08","3.9215686274509802","0","0.6793478260869565","0","153","2022-05-31T21:23:00.000Z","1654032180",
"2551","22b77d7829c68dcd","E2:1F:7B:35:CC:08","3.9215686274509802","0","0.6793478260869565","0","153","2022-05-31T21:24:00.000Z","1654032240",
"2551","22b77d7829c68dcd","E2:1F:7B:35:CC:08","3.9215686274509802","0","0.6793478260869565","0","153","2022-05-31T21:25:00.000Z","1654032300",
"2551","22b77d7829c68dcd","E2:1F:7B:35:CC:08","3.9215686274509802","0","0.6793478260869565","0","153","2022-05-31T21:26:00.000Z","1654032360",
"2551","22b77d7829c68dcd","E2:1F:7B:35:CC:08","3.9215686274509802","0","0.6793478260869565","0","153","2022-05-31T21:27:00.000Z","1654032420",
"2551","22b77d7829c68dcd","E2:1F:7B:35:CC:08","3.9215686274509802","0","0.6793478260869565","0","153","2022-05-31T21:28:00.000Z","1654032480",
"2551","22b77d7829c68dcd","E2:1F:7B:35:CC:08","3.9215686274509802","0","0.6793478260869565","0","153","2022-05-31T21:29:00.000Z","1654032540",
"2551","22b77d7829c68dcd","E2:1F:7B:35:CC:08","3.9215686274509802","0","0.6793478260869565","0","153","2022-05-31T21:30:00.000Z","1654032600",
"2551","22b77d7829c68dcd","E2:1F:7B:35:CC:08","3.9215686274509802","0","0.6793478260869565","0","153","2022-05-31T21:31:00.000Z","1654032660",
"2551","22b77d7829c68dcd","E2:1F:7B:35:CC:08","3.9215686274509802","0","0.6793478260869565","0","153","2022-05-31T21:32:00.000Z","1654032720",
"2551","22b77d7829c68dcd","E2:1F:7B:35:CC:08","2.6143790849673203","0","0.6793478260869565","0","153","2022-05-31T21:33:00.000Z","1654032780",
"2551","22b77d7829c68dcd","E2:1F:7B:35:CC:08","2.6143790849673203","0","0.6793478260869565","0","153","2022-05-31T21:34:00.000Z","1654032840",
"2551","22b77d7829c68dcd","E2:1F:7B:35:CC:08","2.6143790849673203","0","0.7102272727272727","0","153","2022-05-31T21:35:00.000Z","1654032900",
"2551","22b77d7829c68dcd","E2:1F:7B:35:CC:08","2.6143790849673203","0","0.7102272727272727","0","153","2022-05-31T21:36:00.000Z","1654032960",
"2551","22b77d7829c68dcd","E2:1F:7B:35:CC:08","7.8431372549019605","0","0.7440476190476191","0","153","2022-05-31T21:37:00.000Z","1654033020",
"2551","22b77d7829c68dcd","E2:1F:7B:35:CC:08","13.071895424836601","0","0.78125","0","153","2022-05-31T21:38:00.000Z","1654033080",
"2551","22b77d7829c68dcd","E2:1F:7B:35:CC:08","9.15032679738562","0","0.8223684210526315","0","153","2022-05-31T21:39:00.000Z","1654033140",
"2551","22b77d7829c68dcd","E2:1F:7B:35:CC:08","7.8431372549019605","0","0.8223684210526315","0","153","2022-05-31T21:40:00.000Z","1654033200",
"2551","22b77d7829c68dcd","E2:1F:7B:35:CC:08","7.8431372549019605","0","0.8223684210526315","0","153","2022-05-31T21:41:00.000Z","1654033260",
"2551","22b77d7829c68dcd","E2:1F:7B:35:CC:08","9.15032679738562","0","0.8680555555555556","0","153","2022-05-31T21:42:00.000Z","1654033320",
"2551","22b77d7829c68dcd","E2:1F:7B:35:CC:08","10.457516339869281","0","0.9191176470588235","0","153","2022-05-31T21:43:00.000Z","1654033380",
"2551","22b77d7829c68dcd","E2:1F:7B:35:CC:08","16.99346405228758","1","0.9191176470588235","0","153","2022-05-31T21:44:00.000Z","1654033440",
"2551","22b77d7829c68dcd","E2:1F:7B:35:CC:08","16.99346405228758","1","0.9765625","0","153","2022-05-31T21:45:00.000Z","1654033500",
"2551","22b77d7829c68dcd","E2:1F:7B:35:CC:08","20.915032679738562","1","1.0416666666666667","0","153","2022-05-31T21:46:00.000Z","1654033560",
"2551","22b77d7829c68dcd","E2:1F:7B:35:CC:08","20.915032679738562","3","1.1160714285714286","0","153","2022-05-31T21:47:00.000Z","1654033620",
"2551","22b77d7829c68dcd","E2:1F:7B:35:CC:08","19.607843137254903","2","1.2019230769230769","0","153","2022-05-31T21:48:00.000Z","1654033680",
"2551","22b77d7829c68dcd","E2:1F:7B:35:CC:08","52.287581699346404","4","1.1160714285714286","0","153","2022-05-31T21:49:00.000Z","1654033740",
"2551","22b77d7829c68dcd","E2:1F:7B:35:CC:08","43.13725490196079","4","0.8680555555555556","0","153","2022-05-31T21:50:00.000Z","1654033800",
"2551","22b77d7829c68dcd","E2:1F:7B:35:CC:08","26.143790849673202","0","0.8223684210526315","0","153","2022-05-31T21:51:00.000Z","1654033860",
"2551","22b77d7829c68dcd","E2:1F:7B:35:CC:08","47.05882352941177","6","0.9765625","0","153","2022-05-31T21:52:00.000Z","1654033920",
"2551","22b77d7829c68dcd","E2:1F:7B:35:CC:08","35.294117647058826","3","1.1160714285714286","0","153","2022-05-31T21:53:00.000Z","1654033980",
"2551","22b77d7829c68dcd","E2:1F:7B:35:CC:08","24.836601307189543","3","1.2019230769230769","0","153","2022-05-31T21:54:00.000Z","1654034040",
"2551","22b77d7829c68dcd","E2:1F:7B:35:CC:08","23.529411764705884","2","1.3020833333333333","0","153","2022-05-31T21:55:00.000Z","1654034100",
"2551","22b77d7829c68dcd","E2:1F:7B:35:CC:08","23.529411764705884","3","1.3020833333333333","0","153","2022-05-31T21:56:00.000Z","1654034160",
"2551","22b77d7829c68dcd","E2:1F:7B:35:CC:08","26.143790849673202","2","0.9765625","0","153","2022-05-31T21:57:00.000Z","1654034220",
"2551","22b77d7829c68dcd","E2:1F:7B:35:CC:08","31.372549019607842","3","1.0416666666666667","0","153","2022-05-31T21:58:00.000Z","1654034280",
"2551","22b77d7829c68dcd","E2:1F:7B:35:CC:08","28.758169934640524","4","1.1160714285714286","0","153","2022-05-31T21:59:00.000Z","1654034340",
"2551","22b77d7829c68dcd","E2:1F:7B:35:CC:08","28.758169934640524","3","1.1160714285714286","0","153","2022-05-31T22:00:00.000Z","1654034400",
"2551","22b77d7829c68dcd","E2:1F:7B:35:CC:08","35.294117647058826","4","1.1160714285714286","0","153","2022-05-31T22:01:00.000Z","1654034460",
"2551","22b77d7829c68dcd","E2:1F:7B:35:CC:08","32.6797385620915","5","1.2019230769230769","0","153","2022-05-31T22:02:00.000Z","1654034520",
"2551","22b77d7829c68dcd","E2:1F:7B:35:CC:08","32.6797385620915","2","1.1160714285714286","0","153","2022-05-31T22:03:00.000Z","1654034580",
"2551","22b77d7829c68dcd","E2:1F:7B:35:CC:08","30.065359477124183","1","1.1160714285714286","0","153","2022-05-31T22:04:00.000Z","1654034640",
"2551","22b77d7829c68dcd","E2:1F:7B:35:CC:08","32.6797385620915","4","1.2019230769230769","0","153","2022-05-31T22:05:00.000Z","1654034700",
"2551","22b77d7829c68dcd","E2:1F:7B:35:CC:08","33.98692810457516","6","1.2019230769230769","0","153","2022-05-31T22:06:00.000Z","1654034760",
"2551","22b77d7829c68dcd","E2:1F:7B:35:CC:08","31.372549019607842","4","1.2019230769230769","0","153","2022-05-31T22:07:00.000Z","1654034820",
"2551","22b77d7829c68dcd","E2:1F:7B:35:CC:08","28.758169934640524","4","1.3020833333333333","0","153","2022-05-31T22:08:00.000Z","1654034880",
"2551","22b77d7829c68dcd","E2:1F:7B:35:CC:08","30.065359477124183","3","1.3020833333333333","0","153","2022-05-31T22:09:00.000Z","1654034940",
"2551","22b77d7829c68dcd","E2:1F:7B:35:CC:08","33.98692810457516","4","1.3020833333333333","0","153","2022-05-31T22:10:00.000Z","1654035000",
"2551","22b77d7829c68dcd","E2:1F:7B:35:CC:08","32.6797385620915","5","1.3020833333333333","0","153","2022-05-31T22:11:00.000Z","1654035060",
"2551","22b77d7829c68dcd","E2:1F:7B:35:CC:08","33.98692810457516","2","1.3020833333333333","0","153","2022-05-31T22:12:00.000Z","1654035120",
"2551","22b77d7829c68dcd","E2:1F:7B:35:CC:08","30.065359477124183","3","1.3020833333333333","0","153","2022-05-31T22:13:00.000Z","1654035180",
"2551","22b77d7829c68dcd","E2:1F:7B:35:CC:08","32.6797385620915","2","1.4204545454545454","0","153","2022-05-31T22:14:00.000Z","1654035240",
"2551","22b77d7829c68dcd","E2:1F:7B:35:CC:08","26.143790849673202","0","1.4204545454545454","0","153","2022-05-31T22:15:00.000Z","1654035300",
"2551","22b77d7829c68dcd","E2:1F:7B:35:CC:08","27.45098039215686","2","1.4204545454545454","0","153","2022-05-31T22:16:00.000Z","1654035360",
"2551","22b77d7829c68dcd","E2:1F:7B:35:CC:08","30.065359477124183","2","1.4204545454545454","0","153","2022-05-31T22:17:00.000Z","1654035420",
"2551","22b77d7829c68dcd","E2:1F:7B:35:CC:08","28.758169934640524","1","1.4204545454545454","0","153","2022-05-31T22:18:00.000Z","1654035480",
"2551","22b77d7829c68dcd","E2:1F:7B:35:CC:08","32.6797385620915","2","1.4204545454545454","0","153","2022-05-31T22:19:00.000Z","1654035540",
"2551","22b77d7829c68dcd","E2:1F:7B:35:CC:08","40.52287581699346","3","1.4204545454545454","0","153","2022-05-31T22:20:00.000Z","1654035600",
"2551","22b77d7829c68dcd","E2:1F:7B:35:CC:08","30.065359477124183","0","1.4204545454545454","0","153","2022-05-31T22:21:00.000Z","1654035660",
"2551","22b77d7829c68dcd","E2:1F:7B:35:CC:08","31.372549019607842","3","1.4204545454545454","0","153","2022-05-31T22:22:00.000Z","1654035720",
"2551","22b77d7829c68dcd","E2:1F:7B:35:CC:08","36.60130718954248","5","1.4204545454545454","0","153","2022-05-31T22:23:00.000Z","1654035780",
"2551","22b77d7829c68dcd","E2:1F:7B:35:CC:08","33.98692810457516","0","1.4204545454545454","0","153","2022-05-31T22:24:00.000Z","1654035840",
"2551","22b77d7829c68dcd","E2:1F:7B:35:CC:08","31.372549019607842","1","1.4204545454545454","0","153","2022-05-31T22:25:00.000Z","1654035900",
"2551","22b77d7829c68dcd","E2:1F:7B:35:CC:08","31.372549019607842","1","1.4204545454545454","0","153","2022-05-31T22:26:00.000Z","1654035960",
"2551","22b77d7829c68dcd","E2:1F:7B:35:CC:08","27.45098039215686","0","1.4204545454545454","0","153","2022-05-31T22:27:00.000Z","1654036020",
"2551","22b77d7829c68dcd","E2:1F:7B:35:CC:08","32.6797385620915","3","1.4204545454545454","0","153","2022-05-31T22:28:00.000Z","1654036080",
"2551","22b77d7829c68dcd","E2:1F:7B:35:CC:08","36.60130718954248","2","1.4204545454545454","0","153","2022-05-31T22:29:00.000Z","1654036140",
"2551","22b77d7829c68dcd","E2:1F:7B:35:CC:08","35.294117647058826","2","1.4204545454545454","0","153","2022-05-31T22:30:00.000Z","1654036200",
"2551","22b77d7829c68dcd","E2:1F:7B:35:CC:08","36.60130718954248","1","1.4204545454545454","0","153","2022-05-31T22:31:00.000Z","1654036260",
"2551","22b77d7829c68dcd","E2:1F:7B:35:CC:08","35.294117647058826","2","1.1160714285714286","0","153","2022-05-31T22:32:00.000Z","1654036320",
"2551","22b77d7829c68dcd","E2:1F:7B:35:CC:08","24.836601307189543","0","1.0416666666666667","0","153","2022-05-31T22:33:00.000Z","1654036380",
"2551","22b77d7829c68dcd","E2:1F:7B:35:CC:08","20.915032679738562","0","0.9765625","0","153","2022-05-31T22:34:00.000Z","1654036440",
"2551","22b77d7829c68dcd","E2:1F:7B:35:CC:08","20.915032679738562","0","0.9191176470588235","0","153","2022-05-31T22:35:00.000Z","1654036500",
"2551","22b77d7829c68dcd","E2:1F:7B:35:CC:08","23.529411764705884","0","0.9191176470588235","0","153","2022-05-31T22:36:00.000Z","1654036560",
"2551","22b77d7829c68dcd","E2:1F:7B:35:CC:08","53.59477124183007","4","0.7102272727272727","0","153","2022-05-31T22:37:00.000Z","1654036620",
"2551","22b77d7829c68dcd","E2:1F:7B:35:CC:08","64.05228758169935","6","0.8680555555555556","0","153","2022-05-31T22:38:00.000Z","1654036680",
"2551","22b77d7829c68dcd","E2:1F:7B:35:CC:08","28.758169934640524","0","0.9191176470588235","0","153","2022-05-31T22:39:00.000Z","1654036740",
"2551","22b77d7829c68dcd","E2:1F:7B:35:CC:08","19.607843137254903","0","0.9191176470588235","0","153","2022-05-31T22:40:00.000Z","1654036800",
"2551","22b77d7829c68dcd","E2:1F:7B:35:CC:08","11.764705882352942","0","0.9191176470588235","0","153","2022-05-31T22:41:00.000Z","1654036860",
"2551","22b77d7829c68dcd","E2:1F:7B:35:CC:08","6.5359477124183005","0","0.9191176470588235","0","153","2022-05-31T22:42:00.000Z","1654036920",
"2551","22b77d7829c68dcd","E2:1F:7B:35:CC:08","6.5359477124183005","0","0.9191176470588235","0","153","2022-05-31T22:43:00.000Z","1654036980",
"2551","22b77d7829c68dcd","E2:1F:7B:35:CC:08","7.8431372549019605","0","0.9191176470588235","0","153","2022-05-31T22:44:00.000Z","1654037040",
"2551","22b77d7829c68dcd","E2:1F:7B:35:CC:08","9.15032679738562","0","0.9191176470588235","0","153","2022-05-31T22:45:00.000Z","1654037100",
"2551","22b77d7829c68dcd","E2:1F:7B:35:CC:08","6.5359477124183005","0","0.9191176470588235","0","153","2022-05-31T22:46:00.000Z","1654037160",
"2551","22b77d7829c68dcd","E2:1F:7B:35:CC:08","7.8431372549019605","0","0.9191176470588235","0","153","2022-05-31T22:47:00.000Z","1654037220",
"2551","22b77d7829c68dcd","E2:1F:7B:35:CC:08","7.8431372549019605","0","0.9191176470588235","0","153","2022-05-31T22:48:00.000Z","1654037280",
"2551","22b77d7829c68dcd","E2:1F:7B:35:CC:08","6.5359477124183005","0","0.8223684210526315","0","153","2022-05-31T22:49:00.000Z","1654037340",
"2551","22b77d7829c68dcd","E2:1F:7B:35:CC:08","11.764705882352942","2","0.5208333333333334","0","153","2022-05-31T22:50:00.000Z","1654037400",
"2551","22b77d7829c68dcd","E2:1F:7B:35:CC:08","13.071895424836601","0","0.5208333333333334","0","153","2022-05-31T22:51:00.000Z","1654037460",
"2551","22b77d7829c68dcd","E2:1F:7B:35:CC:08","10.457516339869281","0","0.5208333333333334","0","153","2022-05-31T22:52:00.000Z","1654037520",
"2551","22b77d7829c68dcd","E2:1F:7B:35:CC:08","6.5359477124183005","0","0.5208333333333334","0","153","2022-05-31T22:53:00.000Z","1654037580",
"2551","22b77d7829c68dcd","E2:1F:7B:35:CC:08","5.228758169934641","0","0.5208333333333334","0","153","2022-05-31T22:54:00.000Z","1654037640",
"2551","22b77d7829c68dcd","E2:1F:7B:35:CC:08","9.15032679738562","0","0.5040322580645161","0","153","2022-05-31T22:55:00.000Z","1654037700",
"2551","22b77d7829c68dcd","E2:1F:7B:35:CC:08","7.8431372549019605","0","0.48828125","0","153","2022-05-31T22:56:00.000Z","1654037760",
"2551","22b77d7829c68dcd","E2:1F:7B:35:CC:08","9.15032679738562","0","0.5040322580645161","0","153","2022-05-31T22:57:00.000Z","1654037820",
"2551","22b77d7829c68dcd","E2:1F:7B:35:CC:08","6.5359477124183005","0","0.5040322580645161","0","153","2022-05-31T22:58:00.000Z","1654037880",
"2551","22b77d7829c68dcd","E2:1F:7B:35:CC:08","5.228758169934641","0","0.5040322580645161","0","153","2022-05-31T22:59:00.000Z","1654037940",
"2551","22b77d7829c68dcd","E2:1F:7B:35:CC:08","5.228758169934641","0","0.48828125","0","153","2022-05-31T23:00:00.000Z","1654038000",
"2551","22b77d7829c68dcd","E2:1F:7B:35:CC:08","5.228758169934641","0","0.48828125","0","153","2022-05-31T23:01:00.000Z","1654038060",
"2551","22b77d7829c68dcd","E2:1F:7B:35:CC:08","5.228758169934641","0","0.48828125","0","153","2022-05-31T23:02:00.000Z","1654038120",
"2551","22b77d7829c68dcd","E2:1F:7B:35:CC:08","3.9215686274509802","0","0.48828125","0","153","2022-05-31T23:03:00.000Z","1654038180",
"2551","22b77d7829c68dcd","E2:1F:7B:35:CC:08","5.228758169934641","0","0.3633720930232558","0","153","2022-05-31T23:04:00.000Z","1654038240",
"2551","22b77d7829c68dcd","E2:1F:7B:35:CC:08","39.21568627450981","13","0.48828125","0","153","2022-05-31T23:05:00.000Z","1654038300",
"2551","22b77d7829c68dcd","E2:1F:7B:35:CC:08","44.44444444444444","0","0.5787037037037037","0","153","2022-05-31T23:06:00.000Z","1654038360",
"2551","22b77d7829c68dcd","E2:1F:7B:35:CC:08","24.836601307189543","0","0.6009615384615384","0","153","2022-05-31T23:07:00.000Z","1654038420",
"2551","22b77d7829c68dcd","E2:1F:7B:35:CC:08","11.764705882352942","0","0.625","0","153","2022-05-31T23:08:00.000Z","1654038480",
"2551","22b77d7829c68dcd","E2:1F:7B:35:CC:08","5.228758169934641","0","0.6510416666666666","0","153","2022-05-31T23:09:00.000Z","1654038540",
"2551","22b77d7829c68dcd","E2:1F:7B:35:CC:08","3.9215686274509802","0","0.6793478260869565","0","153","2022-05-31T23:10:00.000Z","1654038600",
"2551","22b77d7829c68dcd","E2:1F:7B:35:CC:08","2.6143790849673203","0","0.6793478260869565","0","153","2022-05-31T23:11:00.000Z","1654038660",
"2551","22b77d7829c68dcd","E2:1F:7B:35:CC:08","2.6143790849673203","0","0.6793478260869565","0","153","2022-05-31T23:12:00.000Z","1654038720",
"2551","22b77d7829c68dcd","E2:1F:7B:35:CC:08","2.6143790849673203","0","0.7102272727272727","0","153","2022-05-31T23:13:00.000Z","1654038780",
"2551","22b77d7829c68dcd","E2:1F:7B:35:CC:08","2.6143790849673203","0","0.7102272727272727","0","153","2022-05-31T23:14:00.000Z","1654038840",
"2551","22b77d7829c68dcd","E2:1F:7B:35:CC:08","2.6143790849673203","0","0.7102272727272727","0","153","2022-05-31T23:15:00.000Z","1654038900",
"2551","22b77d7829c68dcd","E2:1F:7B:35:CC:08","2.6143790849673203","0","0.7440476190476191","0","153","2022-05-31T23:16:00.000Z","1654038960",
"2551","22b77d7829c68dcd","E2:1F:7B:35:CC:08","2.6143790849673203","0","0.7440476190476191","0","153","2022-05-31T23:17:00.000Z","1654039020",
"2551","22b77d7829c68dcd","E2:1F:7B:35:CC:08","3.9215686274509802","0","0.7440476190476191","0","153","2022-05-31T23:18:00.000Z","1654039080",
"2551","22b77d7829c68dcd","E2:1F:7B:35:CC:08","2.6143790849673203","0","0.7440476190476191","0","153","2022-05-31T23:19:00.000Z","1654039140",
"2551","22b77d7829c68dcd","E2:1F:7B:35:CC:08","3.9215686274509802","0","0.7440476190476191","0","153","2022-05-31T23:20:00.000Z","1654039200",
"2551","22b77d7829c68dcd","E2:1F:7B:35:CC:08","2.6143790849673203","0","0.7440476190476191","0","153","2022-05-31T23:21:00.000Z","1654039260",
"2551","22b77d7829c68dcd","E2:1F:7B:35:CC:08","2.6143790849673203","0","0.7440476190476191","0","153","2022-05-31T23:22:00.000Z","1654039320",
"2551","22b77d7829c68dcd","E2:1F:7B:35:CC:08","2.6143790849673203","0","0.78125","0","153","2022-05-31T23:23:00.000Z","1654039380",
"2551","22b77d7829c68dcd","E2:1F:7B:35:CC:08","3.9215686274509802","0","0.78125","0","153","2022-05-31T23:24:00.000Z","1654039440",
"2551","22b77d7829c68dcd","E2:1F:7B:35:CC:08","3.9215686274509802","0","0.78125","0","153","2022-05-31T23:25:00.000Z","1654039500",
"2551","22b77d7829c68dcd","E2:1F:7B:35:CC:08","3.9215686274509802","0","0.78125","0","153","2022-05-31T23:26:00.000Z","1654039560",
"2551","22b77d7829c68dcd","E2:1F:7B:35:CC:08","3.9215686274509802","0","0.44642857142857145","1","153","2022-05-31T23:27:00.000Z","1654039620",
"2551","22b77d7829c68dcd","E2:1F:7B:35:CC:08","9.15032679738562","0","0.5208333333333334","1","153","2022-05-31T23:28:00.000Z","1654039680",
"2551","22b77d7829c68dcd","E2:1F:7B:35:CC:08","5.228758169934641","0","0.5208333333333334","0","153","2022-05-31T23:29:00.000Z","1654039740",
"2551","22b77d7829c68dcd","E2:1F:7B:35:CC:08","3.9215686274509802","0","0.5387931034482759","0","153","2022-05-31T23:30:00.000Z","1654039800",
"2551","22b77d7829c68dcd","E2:1F:7B:35:CC:08","2.6143790849673203","0","0.5387931034482759","0","153","2022-05-31T23:31:00.000Z","1654039860",
"2551","22b77d7829c68dcd","E2:1F:7B:35:CC:08","2.6143790849673203","0","0.5387931034482759","0","153","2022-05-31T23:32:00.000Z","1654039920",
"2551","22b77d7829c68dcd","E2:1F:7B:35:CC:08","2.6143790849673203","0","0.5387931034482759","0","153","2022-05-31T23:33:00.000Z","1654039980",
"2551","22b77d7829c68dcd","E2:1F:7B:35:CC:08","7.8431372549019605","0","0.5580357142857143","0","153","2022-05-31T23:34:00.000Z","1654040040",
"2551","22b77d7829c68dcd","E2:1F:7B:35:CC:08","9.15032679738562","0","0.6009615384615384","0","153","2022-05-31T23:35:00.000Z","1654040100",
"2551","22b77d7829c68dcd","E2:1F:7B:35:CC:08","6.5359477124183005","0","0.625","0","153","2022-05-31T23:36:00.000Z","1654040160",
"2551","22b77d7829c68dcd","E2:1F:7B:35:CC:08","5.228758169934641","0","0.625","0","153","2022-05-31T23:37:00.000Z","1654040220",
"2551","22b77d7829c68dcd","E2:1F:7B:35:CC:08","2.6143790849673203","0","0.6510416666666666","0","153","2022-05-31T23:38:00.000Z","1654040280",
"2551","22b77d7829c68dcd","E2:1F:7B:35:CC:08","3.9215686274509802","0","0.5040322580645161","0","153","2022-05-31T23:39:00.000Z","1654040340",
"2551","22b77d7829c68dcd","E2:1F:7B:35:CC:08","16.99346405228758","0","0.5387931034482759","0","153","2022-05-31T23:40:00.000Z","1654040400",
"2551","22b77d7829c68dcd","E2:1F:7B:35:CC:08","9.15032679738562","0","0.5580357142857143","0","153","2022-05-31T23:41:00.000Z","1654040460",
"2551","22b77d7829c68dcd","E2:1F:7B:35:CC:08","5.228758169934641","0","0.5580357142857143","0","153","2022-05-31T23:42:00.000Z","1654040520",
"2551","22b77d7829c68dcd","E2:1F:7B:35:CC:08","2.6143790849673203","0","0.5580357142857143","0","153","2022-05-31T23:43:00.000Z","1654040580",
"2551","22b77d7829c68dcd","E2:1F:7B:35:CC:08","2.6143790849673203","0","0.5580357142857143","0","153","2022-05-31T23:44:00.000Z","1654040640",
"2551","22b77d7829c68dcd","E2:1F:7B:35:CC:08","2.6143790849673203","0","0.5787037037037037","0","153","2022-05-31T23:45:00.000Z","1654040700",
"2551","22b77d7829c68dcd","E2:1F:7B:35:CC:08","2.6143790849673203","0","0.5787037037037037","0","153","2022-05-31T23:46:00.000Z","1654040760",
"2551","22b77d7829c68dcd","E2:1F:7B:35:CC:08","2.6143790849673203","0","0.5787037037037037","0","153","2022-05-31T23:47:00.000Z","1654040820",
"2551","22b77d7829c68dcd","E2:1F:7B:35:CC:08","2.6143790849673203","0","0.5787037037037037","0","153","2022-05-31T23:48:00.000Z","1654040880",
"2551","22b77d7829c68dcd","E2:1F:7B:35:CC:08","3.9215686274509802","0","0.5787037037037037","0","153","2022-05-31T23:49:00.000Z","1654040940",
"2551","22b77d7829c68dcd","E2:1F:7B:35:CC:08","3.9215686274509802","0","0.5787037037037037","0","153","2022-05-31T23:50:00.000Z","1654041000",
"2551","22b77d7829c68dcd","E2:1F:7B:35:CC:08","3.9215686274509802","0","0.5787037037037037","0","153","2022-05-31T23:51:00.000Z","1654041060",
"2551","22b77d7829c68dcd","E2:1F:7B:35:CC:08","3.9215686274509802","0","0.5787037037037037","0","153","2022-05-31T23:52:00.000Z","1654041120",
"2551","22b77d7829c68dcd","E2:1F:7B:35:CC:08","3.9215686274509802","0","0.5787037037037037","0","153","2022-05-31T23:53:00.000Z","1654041180",
"2551","22b77d7829c68dcd","E2:1F:7B:35:CC:08","20.915032679738562","0","0.5580357142857143","0","153","2022-05-31T23:54:00.000Z","1654041240",
"2551","22b77d7829c68dcd","E2:1F:7B:35:CC:08","13.071895424836601","0","0.5580357142857143","0","153","2022-05-31T23:55:00.000Z","1654041300",
"2551","22b77d7829c68dcd","E2:1F:7B:35:CC:08","6.5359477124183005","0","0.5580357142857143","0","153","2022-05-31T23:56:00.000Z","1654041360",
"2551","22b77d7829c68dcd","E2:1F:7B:35:CC:08","3.9215686274509802","0","0.5580357142857143","0","153","2022-05-31T23:57:00.000Z","1654041420",
"2551","22b77d7829c68dcd","E2:1F:7B:35:CC:08","10.457516339869281","1","0.5580357142857143","1","153","2022-05-31T23:58:00.000Z","1654041480",
"2551","22b77d7829c68dcd","E2:1F:7B:35:CC:08","24.836601307189543","0","0.625","0","153","2022-05-31T23:59:00.000Z","1654041540",
"2551","22b77d7829c68dcd","E2:1F:7B:35:CC:08","15.686274509803921","0","0.6510416666666666","0","153","2022-06-01T00:00:00.000Z","1654041600",
"2551","22b77d7829c68dcd","E2:1F:7B:35:CC:08","14.379084967320262","0","0.6793478260869565","0","153","2022-06-01T00:01:00.000Z","1654041660",
"2551","22b77d7829c68dcd","E2:1F:7B:35:CC:08","9.15032679738562","0","0.7102272727272727","0","153","2022-06-01T00:02:00.000Z","1654041720",
"2551","22b77d7829c68dcd","E2:1F:7B:35:CC:08","6.5359477124183005","0","0.7440476190476191","0","153","2022-06-01T00:03:00.000Z","1654041780",
"2551","22b77d7829c68dcd","E2:1F:7B:35:CC:08","5.228758169934641","0","0.78125","0","153","2022-06-01T00:04:00.000Z","1654041840",
"2551","22b77d7829c68dcd","E2:1F:7B:35:CC:08","3.9215686274509802","0","0.78125","0","153","2022-06-01T00:05:00.000Z","1654041900",
"2551","22b77d7829c68dcd","E2:1F:7B:35:CC:08","3.9215686274509802","0","0.8223684210526315","0","153","2022-06-01T00:06:00.000Z","1654041960",
"2551","22b77d7829c68dcd","E2:1F:7B:35:CC:08","3.9215686274509802","0","0.7102272727272727","1","153","2022-06-01T00:07:00.000Z","1654042020",
"2551","22b77d7829c68dcd","E2:1F:7B:35:CC:08","9.15032679738562","1","0.5787037037037037","4","153","2022-06-01T00:08:00.000Z","1654042080",
"2551","22b77d7829c68dcd","E2:1F:7B:35:CC:08","11.764705882352942","0","0.5580357142857143","0","153","2022-06-01T00:09:00.000Z","1654042140",
"2551","22b77d7829c68dcd","E2:1F:7B:35:CC:08","9.15032679738562","0","0.5580357142857143","0","153","2022-06-01T00:10:00.000Z","1654042200",
"2551","22b77d7829c68dcd","E2:1F:7B:35:CC:08","6.5359477124183005","0","0.5580357142857143","0","153","2022-06-01T00:11:00.000Z","1654042260",
"2551","22b77d7829c68dcd","E2:1F:7B:35:CC:08","3.9215686274509802","0","0.5580357142857143","0","153","2022-06-01T00:12:00.000Z","1654042320",
"2551","22b77d7829c68dcd","E2:1F:7B:35:CC:08","3.9215686274509802","0","0.5580357142857143","0","153","2022-06-01T00:13:00.000Z","1654042380",
"2551","22b77d7829c68dcd","E2:1F:7B:35:CC:08","3.9215686274509802","0","0.5580357142857143","0","153","2022-06-01T00:14:00.000Z","1654042440",
"2551","22b77d7829c68dcd","E2:1F:7B:35:CC:08","3.9215686274509802","0","0.5387931034482759","1","153","2022-06-01T00:15:00.000Z","1654042500",
"2551","22b77d7829c68dcd","E2:1F:7B:35:CC:08","40.52287581699346","8","0.625","1","153","2022-06-01T00:16:00.000Z","1654042560",
"2551","22b77d7829c68dcd","E2:1F:7B:35:CC:08","33.98692810457516","0","0.6793478260869565","0","153","2022-06-01T00:17:00.000Z","1654042620",
"2551","22b77d7829c68dcd","E2:1F:7B:35:CC:08","18.30065359477124","0","0.7440476190476191","0","153","2022-06-01T00:18:00.000Z","1654042680",
"2551","22b77d7829c68dcd","E2:1F:7B:35:CC:08","9.15032679738562","0","0.45955882352941174","0","153","2022-06-01T00:19:00.000Z","1654042740",
"2551","22b77d7829c68dcd","E2:1F:7B:35:CC:08","16.99346405228758","2","0.5040322580645161","0","153","2022-06-01T00:20:00.000Z","1654042800",
"2551","22b77d7829c68dcd","E2:1F:7B:35:CC:08","7.8431372549019605","0","0.5040322580645161","0","153","2022-06-01T00:21:00.000Z","1654042860",
"2551","22b77d7829c68dcd","E2:1F:7B:35:CC:08","3.9215686274509802","0","0.5208333333333334","0","153","2022-06-01T00:22:00.000Z","1654042920",
"2551","22b77d7829c68dcd","E2:1F:7B:35:CC:08","2.6143790849673203","0","0.5208333333333334","0","153","2022-06-01T00:23:00.000Z","1654042980",
"2551","22b77d7829c68dcd","E2:1F:7B:35:CC:08","2.6143790849673203","0","0.5208333333333334","0","153","2022-06-01T00:24:00.000Z","1654043040",
"2551","22b77d7829c68dcd","E2:1F:7B:35:CC:08","3.9215686274509802","0","0.5208333333333334","0","153","2022-06-01T00:25:00.000Z","1654043100",
"2551","22b77d7829c68dcd","E2:1F:7B:35:CC:08","2.6143790849673203","0","0.5208333333333334","0","153","2022-06-01T00:26:00.000Z","1654043160",
"2551","22b77d7829c68dcd","E2:1F:7B:35:CC:08","3.9215686274509802","0","0.5208333333333334","0","153","2022-06-01T00:27:00.000Z","1654043220",
"2551","22b77d7829c68dcd","E2:1F:7B:35:CC:08","3.9215686274509802","0","0.5208333333333334","0","153","2022-06-01T00:28:00.000Z","1654043280",
"2551","22b77d7829c68dcd","E2:1F:7B:35:CC:08","2.6143790849673203","0","0.5208333333333334","0","153","2022-06-01T00:29:00.000Z","1654043340",
"2551","22b77d7829c68dcd","E2:1F:7B:35:CC:08","2.6143790849673203","0","0.5208333333333334","0","153","2022-06-01T00:30:00.000Z","1654043400",
"2551","22b77d7829c68dcd","E2:1F:7B:35:CC:08","2.6143790849673203","0","0.5208333333333334","0","153","2022-06-01T00:31:00.000Z","1654043460",
"2551","22b77d7829c68dcd","E2:1F:7B:35:CC:08","2.6143790849673203","0","0.5208333333333334","0","153","2022-06-01T00:32:00.000Z","1654043520",
"2551","22b77d7829c68dcd","E2:1F:7B:35:CC:08","47.05882352941177","3","0.37202380952380953","0","153","2022-06-01T00:33:00.000Z","1654043580",
"2551","22b77d7829c68dcd","E2:1F:7B:35:CC:08","33.98692810457516","0","0.41118421052631576","0","153","2022-06-01T00:34:00.000Z","1654043640",
"2551","22b77d7829c68dcd","E2:1F:7B:35:CC:08","16.99346405228758","0","0.4222972972972973","0","153","2022-06-01T00:35:00.000Z","1654043700",
"2551","22b77d7829c68dcd","E2:1F:7B:35:CC:08","9.15032679738562","0","0.4340277777777778","0","153","2022-06-01T00:36:00.000Z","1654043760",
"2551","22b77d7829c68dcd","E2:1F:7B:35:CC:08","5.228758169934641","0","0.44642857142857145","0","153","2022-06-01T00:37:00.000Z","1654043820",
"2551","22b77d7829c68dcd","E2:1F:7B:35:CC:08","3.9215686274509802","0","0.45955882352941174","0","153","2022-06-01T00:38:00.000Z","1654043880",
"2551","22b77d7829c68dcd","E2:1F:7B:35:CC:08","3.9215686274509802","0","0.4734848484848485","0","153","2022-06-01T00:39:00.000Z","1654043940",
"2551","22b77d7829c68dcd","E2:1F:7B:35:CC:08","43.13725490196079","1","0.3633720930232558","0","153","2022-06-01T00:40:00.000Z","1654044000",
"2551","22b77d7829c68dcd","E2:1F:7B:35:CC:08","58.8235294117647","2","0.37202380952380953","0","153","2022-06-01T00:41:00.000Z","1654044060",
"2551","22b77d7829c68dcd","E2:1F:7B:35:CC:08","45.751633986928105","2","0.4222972972972973","1","153","2022-06-01T00:42:00.000Z","1654044120",
"2551","22b77d7829c68dcd","E2:1F:7B:35:CC:08","27.45098039215686","0","0.45955882352941174","0","153","2022-06-01T00:43:00.000Z","1654044180",
"2551","22b77d7829c68dcd","E2:1F:7B:35:CC:08","18.30065359477124","0","0.48828125","0","153","2022-06-01T00:44:00.000Z","1654044240",
"2551","22b77d7829c68dcd","E2:1F:7B:35:CC:08","16.99346405228758","0","0.48828125","0","153","2022-06-01T00:45:00.000Z","1654044300",
"2551","22b77d7829c68dcd","E2:1F:7B:35:CC:08","15.686274509803921","0","0.5208333333333334","0","153","2022-06-01T00:46:00.000Z","1654044360",
"2551","22b77d7829c68dcd","E2:1F:7B:35:CC:08","11.764705882352942","0","0.5580357142857143","0","153","2022-06-01T00:47:00.000Z","1654044420",
"2551","22b77d7829c68dcd","E2:1F:7B:35:CC:08","7.8431372549019605","0","0.5787037037037037","0","153","2022-06-01T00:48:00.000Z","1654044480",
"2551","22b77d7829c68dcd","E2:1F:7B:35:CC:08","7.8431372549019605","0","0.6009615384615384","0","153","2022-06-01T00:49:00.000Z","1654044540",
"2551","22b77d7829c68dcd","E2:1F:7B:35:CC:08","5.228758169934641","0","0.625","0","153","2022-06-01T00:50:00.000Z","1654044600",
"2551","22b77d7829c68dcd","E2:1F:7B:35:CC:08","5.228758169934641","0","0.6510416666666666","0","153","2022-06-01T00:51:00.000Z","1654044660",
"2551","22b77d7829c68dcd","E2:1F:7B:35:CC:08","3.9215686274509802","0","0.6793478260869565","0","153","2022-06-01T00:52:00.000Z","1654044720",
"2551","22b77d7829c68dcd","E2:1F:7B:35:CC:08","5.228758169934641","0","0.5787037037037037","0","153","2022-06-01T00:53:00.000Z","1654044780",
"2551","22b77d7829c68dcd","E2:1F:7B:35:CC:08","16.99346405228758","0","0.6510416666666666","0","153","2022-06-01T00:54:00.000Z","1654044840",
"2551","22b77d7829c68dcd","E2:1F:7B:35:CC:08","9.15032679738562","0","0.6793478260869565","0","153","2022-06-01T00:55:00.000Z","1654044900",
"2551","22b77d7829c68dcd","E2:1F:7B:35:CC:08","5.228758169934641","0","0.6793478260869565","0","153","2022-06-01T00:56:00.000Z","1654044960",
"2551","22b77d7829c68dcd","E2:1F:7B:35:CC:08","5.228758169934641","0","0.7102272727272727","0","153","2022-06-01T00:57:00.000Z","1654045020",
"2551","22b77d7829c68dcd","E2:1F:7B:35:CC:08","3.9215686274509802","0","0.7102272727272727","0","153","2022-06-01T00:58:00.000Z","1654045080",
"2551","22b77d7829c68dcd","E2:1F:7B:35:CC:08","3.9215686274509802","0","0.6009615384615384","0","153","2022-06-01T00:59:00.000Z","1654045140",
"2551","22b77d7829c68dcd","E2:1F:7B:35:CC:08","53.59477124183007","12","0.8680555555555556","0","153","2022-06-01T01:00:00.000Z","1654045200",
"2551","22b77d7829c68dcd","E2:1F:7B:35:CC:08","67.97385620915033","6","0.8680555555555556","0","153","2022-06-01T01:01:00.000Z","1654045260",
"2551","22b77d7829c68dcd","E2:1F:7B:35:CC:08","44.44444444444444","0","0.9765625","0","153","2022-06-01T01:02:00.000Z","1654045320",
"2551","22b77d7829c68dcd","E2:1F:7B:35:CC:08","24.836601307189543","0","1.1160714285714286","0","153","2022-06-01T01:03:00.000Z","1654045380",
"2551","22b77d7829c68dcd","E2:1F:7B:35:CC:08","14.379084967320262","0","1.2019230769230769","0","153","2022-06-01T01:04:00.000Z","1654045440",
"2551","22b77d7829c68dcd","E2:1F:7B:35:CC:08","10.457516339869281","0","1.2019230769230769","0","153","2022-06-01T01:05:00.000Z","1654045500",
"2551","22b77d7829c68dcd","E2:1F:7B:35:CC:08","6.5359477124183005","0","1.3020833333333333","0","153","2022-06-01T01:06:00.000Z","1654045560",
"2551","22b77d7829c68dcd","E2:1F:7B:35:CC:08","5.228758169934641","0","1.4204545454545454","0","153","2022-06-01T01:07:00.000Z","1654045620",
"2551","22b77d7829c68dcd","E2:1F:7B:35:CC:08","5.228758169934641","0","0.6793478260869565","0","153","2022-06-01T01:08:00.000Z","1654045680",
"2551","22b77d7829c68dcd","E2:1F:7B:35:CC:08","11.764705882352942","0","0.7440476190476191","0","153","2022-06-01T01:09:00.000Z","1654045740",
"2551","22b77d7829c68dcd","E2:1F:7B:35:CC:08","5.228758169934641","0","0.7440476190476191","0","153","2022-06-01T01:10:00.000Z","1654045800",
"2551","22b77d7829c68dcd","E2:1F:7B:35:CC:08","2.6143790849673203","0","0.78125","0","153","2022-06-01T01:11:00.000Z","1654045860",
"2551","22b77d7829c68dcd","E2:1F:7B:35:CC:08","20.915032679738562","1","0.8223684210526315","1","153","2022-06-01T01:12:00.000Z","1654045920",
"2551","22b77d7829c68dcd","E2:1F:7B:35:CC:08","18.30065359477124","0","0.8680555555555556","0","153","2022-06-01T01:13:00.000Z","1654045980",
"2551","22b77d7829c68dcd","E2:1F:7B:35:CC:08","10.457516339869281","0","0.9191176470588235","0","153","2022-06-01T01:14:00.000Z","1654046040",
"2551","22b77d7829c68dcd","E2:1F:7B:35:CC:08","5.228758169934641","0","0.9191176470588235","0","153","2022-06-01T01:15:00.000Z","1654046100",
"2551","22b77d7829c68dcd","E2:1F:7B:35:CC:08","3.9215686274509802","0","0.9765625","0","153","2022-06-01T01:16:00.000Z","1654046160",
"2551","22b77d7829c68dcd","E2:1F:7B:35:CC:08","30.065359477124183","3","1.2019230769230769","0","153","2022-06-01T01:17:00.000Z","1654046220",
"2551","22b77d7829c68dcd","E2:1F:7B:35:CC:08","22.22222222222222","0","1.4204545454545454","0","153","2022-06-01T01:18:00.000Z","1654046280",
"2551","22b77d7829c68dcd","E2:1F:7B:35:CC:08","13.071895424836601","0","1.4204545454545454","0","153","2022-06-01T01:19:00.000Z","1654046340",
"2551","22b77d7829c68dcd","E2:1F:7B:35:CC:08","24.836601307189543","1","1.4204545454545454","0","153","2022-06-01T01:20:00.000Z","1654046400",
"2551","22b77d7829c68dcd","E2:1F:7B:35:CC:08","14.379084967320262","0","1.5625","0","153","2022-06-01T01:21:00.000Z","1654046460",
"2551","22b77d7829c68dcd","E2:1F:7B:35:CC:08","6.5359477124183005","0","1.5625","0","153","2022-06-01T01:22:00.000Z","1654046520",
"2551","22b77d7829c68dcd","E2:1F:7B:35:CC:08","3.9215686274509802","0","1.5625","0","153","2022-06-01T01:23:00.000Z","1654046580",
"2551","22b77d7829c68dcd","E2:1F:7B:35:CC:08","13.071895424836601","1","0.5387931034482759","5","153","2022-06-01T01:24:00.000Z","1654046640",
"2551","22b77d7829c68dcd","E2:1F:7B:35:CC:08","58.8235294117647","6","0.5787037037037037","16","153","2022-06-01T01:25:00.000Z","1654046700",
"2551","22b77d7829c68dcd","E2:1F:7B:35:CC:08","31.372549019607842","0","0.6009615384615384","0","153","2022-06-01T01:26:00.000Z","1654046760",
"2551","22b77d7829c68dcd","E2:1F:7B:35:CC:08","10.457516339869281","0","0.6009615384615384","0","153","2022-06-01T01:27:00.000Z","1654046820",
"2551","22b77d7829c68dcd","E2:1F:7B:35:CC:08","3.9215686274509802","0","0.625","0","153","2022-06-01T01:28:00.000Z","1654046880",
"2551","22b77d7829c68dcd","E2:1F:7B:35:CC:08","2.6143790849673203","0","0.625","0","153","2022-06-01T01:29:00.000Z","1654046940",
"2551","22b77d7829c68dcd","E2:1F:7B:35:CC:08","3.9215686274509802","0","0.625","0","153","2022-06-01T01:30:00.000Z","1654047000",
"2551","22b77d7829c68dcd","E2:1F:7B:35:CC:08","3.9215686274509802","0","0.625","0","153","2022-06-01T01:31:00.000Z","1654047060",
"2551","22b77d7829c68dcd","E2:1F:7B:35:CC:08","3.9215686274509802","0","0.625","0","153","2022-06-01T01:32:00.000Z","1654047120",
"2551","22b77d7829c68dcd","E2:1F:7B:35:CC:08","3.9215686274509802","0","0.5787037037037037","0","153","2022-06-01T01:33:00.000Z","1654047180",
"2551","22b77d7829c68dcd","E2:1F:7B:35:CC:08","3.9215686274509802","0","0.5787037037037037","0","153","2022-06-01T01:34:00.000Z","1654047240",
"2551","22b77d7829c68dcd","E2:1F:7B:35:CC:08","5.228758169934641","0","0.6009615384615384","0","153","2022-06-01T01:35:00.000Z","1654047300",
"2551","22b77d7829c68dcd","E2:1F:7B:35:CC:08","5.228758169934641","0","0.6009615384615384","0","153","2022-06-01T01:36:00.000Z","1654047360",
"2551","22b77d7829c68dcd","E2:1F:7B:35:CC:08","5.228758169934641","0","0.5787037037037037","0","153","2022-06-01T01:37:00.000Z","1654047420",
"2551","22b77d7829c68dcd","E2:1F:7B:35:CC:08","5.228758169934641","0","0.5387931034482759","1","153","2022-06-01T01:38:00.000Z","1654047480",
"2551","22b77d7829c68dcd","E2:1F:7B:35:CC:08","22.22222222222222","3","0.5580357142857143","0","153","2022-06-01T01:39:00.000Z","1654047540",
"2551","22b77d7829c68dcd","E2:1F:7B:35:CC:08","15.686274509803921","0","0.6009615384615384","0","153","2022-06-01T01:40:00.000Z","1654047600",
"2551","22b77d7829c68dcd","E2:1F:7B:35:CC:08","11.764705882352942","0","0.6009615384615384","0","153","2022-06-01T01:41:00.000Z","1654047660",
"2551","22b77d7829c68dcd","E2:1F:7B:35:CC:08","44.44444444444444","5","0.4222972972972973","0","153","2022-06-01T01:42:00.000Z","1654047720",
"2551","22b77d7829c68dcd","E2:1F:7B:35:CC:08","33.98692810457516","0","0.4734848484848485","0","153","2022-06-01T01:43:00.000Z","1654047780",
"2551","22b77d7829c68dcd","E2:1F:7B:35:CC:08","26.143790849673202","0","0.40064102564102566","1","153","2022-06-01T01:44:00.000Z","1654047840",
"2551","22b77d7829c68dcd","E2:1F:7B:35:CC:08","11.764705882352942","0","0.41118421052631576","0","153","2022-06-01T01:45:00.000Z","1654047900",
"2551","22b77d7829c68dcd","E2:1F:7B:35:CC:08","15.686274509803921","2","0.30637254901960786","0","153","2022-06-01T01:46:00.000Z","1654047960",
"2551","22b77d7829c68dcd","E2:1F:7B:35:CC:08","31.372549019607842","1","0.3472222222222222","0","153","2022-06-01T01:47:00.000Z","1654048020",
"2551","22b77d7829c68dcd","E2:1F:7B:35:CC:08","43.13725490196079","6","0.3324468085106383","0","153","2022-06-01T01:48:00.000Z","1654048080",
"2551","22b77d7829c68dcd","E2:1F:7B:35:CC:08","49.673202614379086","7","0.40064102564102566","0","153","2022-06-01T01:49:00.000Z","1654048140",
"2551","22b77d7829c68dcd","E2:1F:7B:35:CC:08","32.6797385620915","0","0.44642857142857145","0","153","2022-06-01T01:50:00.000Z","1654048200",
"2551","22b77d7829c68dcd","E2:1F:7B:35:CC:08","24.836601307189543","0","0.4340277777777778","0","153","2022-06-01T01:51:00.000Z","1654048260",
"2551","22b77d7829c68dcd","E2:1F:7B:35:CC:08","26.143790849673202","1","0.48828125","0","153","2022-06-01T01:52:00.000Z","1654048320",
"2551","22b77d7829c68dcd","E2:1F:7B:35:CC:08","13.071895424836601","0","0.5040322580645161","0","153","2022-06-01T01:53:00.000Z","1654048380",
"2551","22b77d7829c68dcd","E2:1F:7B:35:CC:08","15.686274509803921","2","0.5387931034482759","0","153","2022-06-01T01:54:00.000Z","1654048440",
"2551","22b77d7829c68dcd","E2:1F:7B:35:CC:08","18.30065359477124","1","0.5580357142857143","0","153","2022-06-01T01:55:00.000Z","1654048500",
"2551","22b77d7829c68dcd","E2:1F:7B:35:CC:08","20.915032679738562","2","0.5580357142857143","0","153","2022-06-01T01:56:00.000Z","1654048560",
"2551","22b77d7829c68dcd","E2:1F:7B:35:CC:08","19.607843137254903","1","0.5787037037037037","0","153","2022-06-01T01:57:00.000Z","1654048620",
"2551","22b77d7829c68dcd","E2:1F:7B:35:CC:08","11.764705882352942","0","0.3324468085106383","0","153","2022-06-01T01:58:00.000Z","1654048680",
"2551","22b77d7829c68dcd","E2:1F:7B:35:CC:08","39.21568627450981","2","0.3472222222222222","0","153","2022-06-01T01:59:00.000Z","1654048740",
"2551","22b77d7829c68dcd","E2:1F:7B:35:CC:08","24.836601307189543","0","0.37202380952380953","0","153","2022-06-01T02:00:00.000Z","1654048800",
"2551","22b77d7829c68dcd","E2:1F:7B:35:CC:08","11.764705882352942","0","0.390625","0","153","2022-06-01T02:01:00.000Z","1654048860",
"2551","22b77d7829c68dcd","E2:1F:7B:35:CC:08","7.8431372549019605","0","0.3633720930232558","2","153","2022-06-01T02:02:00.000Z","1654048920",
"2551","22b77d7829c68dcd","E2:1F:7B:35:CC:08","15.686274509803921","0","0.3472222222222222","0","153","2022-06-01T02:03:00.000Z","1654048980",
"2551","22b77d7829c68dcd","E2:1F:7B:35:CC:08","10.457516339869281","0","0.3633720930232558","0","153","2022-06-01T02:04:00.000Z","1654049040",
"2551","22b77d7829c68dcd","E2:1F:7B:35:CC:08","7.8431372549019605","0","0.37202380952380953","0","153","2022-06-01T02:05:00.000Z","1654049100",
"2551","22b77d7829c68dcd","E2:1F:7B:35:CC:08","19.607843137254903","4","0.37202380952380953","0","153","2022-06-01T02:06:00.000Z","1654049160",
"2551","22b77d7829c68dcd","E2:1F:7B:35:CC:08","27.45098039215686","0","0.41118421052631576","0","153","2022-06-01T02:07:00.000Z","1654049220",
"2551","22b77d7829c68dcd","E2:1F:7B:35:CC:08","15.686274509803921","0","0.4340277777777778","0","153","2022-06-01T02:08:00.000Z","1654049280",
"2551","22b77d7829c68dcd","E2:1F:7B:35:CC:08","9.15032679738562","0","0.44642857142857145","0","153","2022-06-01T02:09:00.000Z","1654049340",
"2551","22b77d7829c68dcd","E2:1F:7B:35:CC:08","5.228758169934641","0","0.45955882352941174","0","153","2022-06-01T02:10:00.000Z","1654049400",
"2551","22b77d7829c68dcd","E2:1F:7B:35:CC:08","3.9215686274509802","0","0.4734848484848485","0","153","2022-06-01T02:11:00.000Z","1654049460",
"2551","22b77d7829c68dcd","E2:1F:7B:35:CC:08","3.9215686274509802","0","0.4734848484848485","0","153","2022-06-01T02:12:00.000Z","1654049520",
"2551","22b77d7829c68dcd","E2:1F:7B:35:CC:08","2.6143790849673203","0","0.48828125","0","153","2022-06-01T02:13:00.000Z","1654049580",
"2551","22b77d7829c68dcd","E2:1F:7B:35:CC:08","2.6143790849673203","0","0.48828125","0","153","2022-06-01T02:14:00.000Z","1654049640",
"2551","22b77d7829c68dcd","E2:1F:7B:35:CC:08","2.6143790849673203","0","0.5040322580645161","0","153","2022-06-01T02:15:00.000Z","1654049700",
"2551","22b77d7829c68dcd","E2:1F:7B:35:CC:08","1.3071895424836601","0","0.5040322580645161","0","153","2022-06-01T02:16:00.000Z","1654049760",
"2551","22b77d7829c68dcd","E2:1F:7B:35:CC:08","3.9215686274509802","0","0.5040322580645161","0","153","2022-06-01T02:17:00.000Z","1654049820",
"2551","22b77d7829c68dcd","E2:1F:7B:35:CC:08","2.6143790849673203","0","0.5208333333333334","0","153","2022-06-01T02:18:00.000Z","1654049880",
"2551","22b77d7829c68dcd","E2:1F:7B:35:CC:08","2.6143790849673203","0","0.5208333333333334","0","153","2022-06-01T02:19:00.000Z","1654049940",
"2551","22b77d7829c68dcd","E2:1F:7B:35:CC:08","2.6143790849673203","0","0.5208333333333334","0","153","2022-06-01T02:20:00.000Z","1654050000",
"2551","22b77d7829c68dcd","E2:1F:7B:35:CC:08","2.6143790849673203","0","0.5387931034482759","0","153","2022-06-01T02:21:00.000Z","1654050060",
"2551","22b77d7829c68dcd","E2:1F:7B:35:CC:08","2.6143790849673203","0","0.5387931034482759","0","153","2022-06-01T02:22:00.000Z","1654050120",
"2551","22b77d7829c68dcd","E2:1F:7B:35:CC:08","2.6143790849673203","0","0.5387931034482759","0","153","2022-06-01T02:23:00.000Z","1654050180",
"2551","22b77d7829c68dcd","E2:1F:7B:35:CC:08","2.6143790849673203","0","0.5387931034482759","0","153","2022-06-01T02:24:00.000Z","1654050240",
"2551","22b77d7829c68dcd","E2:1F:7B:35:CC:08","2.6143790849673203","0","0.5580357142857143","0","153","2022-06-01T02:25:00.000Z","1654050300",
"2551","22b77d7829c68dcd","E2:1F:7B:35:CC:08","2.6143790849673203","0","0.5580357142857143","0","153","2022-06-01T02:26:00.000Z","1654050360",
"2551","22b77d7829c68dcd","E2:1F:7B:35:CC:08","2.6143790849673203","0","0.5787037037037037","0","153","2022-06-01T02:27:00.000Z","1654050420",
"2551","22b77d7829c68dcd","E2:1F:7B:35:CC:08","2.6143790849673203","0","0.5787037037037037","0","153","2022-06-01T02:28:00.000Z","1654050480",
"2551","22b77d7829c68dcd","E2:1F:7B:35:CC:08","2.6143790849673203","0","0.6009615384615384","0","153","2022-06-01T02:29:00.000Z","1654050540",
"2551","22b77d7829c68dcd","E2:1F:7B:35:CC:08","2.6143790849673203","0","0.6009615384615384","0","153","2022-06-01T02:30:00.000Z","1654050600",
"2551","22b77d7829c68dcd","E2:1F:7B:35:CC:08","3.9215686274509802","0","0.625","0","153","2022-06-01T02:31:00.000Z","1654050660",
"2551","22b77d7829c68dcd","E2:1F:7B:35:CC:08","3.9215686274509802","0","0.6510416666666666","0","153","2022-06-01T02:32:00.000Z","1654050720",
"2551","22b77d7829c68dcd","E2:1F:7B:35:CC:08","6.5359477124183005","0","0.6510416666666666","0","153","2022-06-01T02:33:00.000Z","1654050780",
"2551","22b77d7829c68dcd","E2:1F:7B:35:CC:08","5.228758169934641","0","0.6510416666666666","0","153","2022-06-01T02:34:00.000Z","1654050840",
"2551","22b77d7829c68dcd","E2:1F:7B:35:CC:08","5.228758169934641","0","0.6793478260869565","0","153","2022-06-01T02:35:00.000Z","1654050900",
"2551","22b77d7829c68dcd","E2:1F:7B:35:CC:08","9.15032679738562","0","0.7102272727272727","0","153","2022-06-01T02:36:00.000Z","1654050960",
"2551","22b77d7829c68dcd","E2:1F:7B:35:CC:08","13.071895424836601","0","0.7440476190476191","0","153","2022-06-01T02:37:00.000Z","1654051020",
"2551","22b77d7829c68dcd","E2:1F:7B:35:CC:08","16.99346405228758","1","0.8223684210526315","0","153","2022-06-01T02:38:00.000Z","1654051080",
"2551","22b77d7829c68dcd","E2:1F:7B:35:CC:08","19.607843137254903","0","0.9191176470588235","0","153","2022-06-01T02:39:00.000Z","1654051140",
"2551","22b77d7829c68dcd","E2:1F:7B:35:CC:08","22.22222222222222","3","0.9765625","0","153","2022-06-01T02:40:00.000Z","1654051200",
"2551","22b77d7829c68dcd","E2:1F:7B:35:CC:08","23.529411764705884","3","1.0416666666666667","0","153","2022-06-01T02:41:00.000Z","1654051260",
"2551","22b77d7829c68dcd","E2:1F:7B:35:CC:08","22.22222222222222","0","1.1160714285714286","0","153","2022-06-01T02:42:00.000Z","1654051320",
"2551","22b77d7829c68dcd","E2:1F:7B:35:CC:08","22.22222222222222","0","1.1160714285714286","0","153","2022-06-01T02:43:00.000Z","1654051380",
"2551","22b77d7829c68dcd","E2:1F:7B:35:CC:08","24.836601307189543","0","1.0416666666666667","0","153","2022-06-01T02:44:00.000Z","1654051440",
"2551","22b77d7829c68dcd","E2:1F:7B:35:CC:08","27.45098039215686","2","1.0416666666666667","0","153","2022-06-01T02:45:00.000Z","1654051500",
"2551","22b77d7829c68dcd","E2:1F:7B:35:CC:08","27.45098039215686","0","1.0416666666666667","0","153","2022-06-01T02:46:00.000Z","1654051560",
"2551","22b77d7829c68dcd","E2:1F:7B:35:CC:08","24.836601307189543","0","1.0416666666666667","0","153","2022-06-01T02:47:00.000Z","1654051620",
"2551","22b77d7829c68dcd","E2:1F:7B:35:CC:08","22.22222222222222","0","1.1160714285714286","0","153","2022-06-01T02:48:00.000Z","1654051680",
"2551","22b77d7829c68dcd","E2:1F:7B:35:CC:08","26.143790849673202","3","1.2019230769230769","0","153","2022-06-01T02:49:00.000Z","1654051740",
"2551","22b77d7829c68dcd","E2:1F:7B:35:CC:08","33.98692810457516","2","1.2019230769230769","0","153","2022-06-01T02:50:00.000Z","1654051800",
"2551","22b77d7829c68dcd","E2:1F:7B:35:CC:08","32.6797385620915","2","1.2019230769230769","0","153","2022-06-01T02:51:00.000Z","1654051860",
"2551","22b77d7829c68dcd","E2:1F:7B:35:CC:08","36.60130718954248","4","1.2019230769230769","0","153","2022-06-01T02:52:00.000Z","1654051920",
"2551","22b77d7829c68dcd","E2:1F:7B:35:CC:08","35.294117647058826","3","1.3020833333333333","0","153","2022-06-01T02:53:00.000Z","1654051980",
"2551","22b77d7829c68dcd","E2:1F:7B:35:CC:08","35.294117647058826","2","1.3020833333333333","0","153","2022-06-01T02:54:00.000Z","1654052040",
"2551","22b77d7829c68dcd","E2:1F:7B:35:CC:08","31.372549019607842","2","1.3020833333333333","0","153","2022-06-01T02:55:00.000Z","1654052100",
"2551","22b77d7829c68dcd","E2:1F:7B:35:CC:08","27.45098039215686","1","1.3020833333333333","0","153","2022-06-01T02:56:00.000Z","1654052160",
"2551","22b77d7829c68dcd","E2:1F:7B:35:CC:08","28.758169934640524","2","1.3020833333333333","0","153","2022-06-01T02:57:00.000Z","1654052220",
"2551","22b77d7829c68dcd","E2:1F:7B:35:CC:08","26.143790849673202","1","1.3020833333333333","0","153","2022-06-01T02:58:00.000Z","1654052280",
"2551","22b77d7829c68dcd","E2:1F:7B:35:CC:08","30.065359477124183","3","1.4204545454545454","0","153","2022-06-01T02:59:00.000Z","1654052340",
"2551","22b77d7829c68dcd","E2:1F:7B:35:CC:08","30.065359477124183","2","1.4204545454545454","0","153","2022-06-01T03:00:00.000Z","1654052400",
"2551","22b77d7829c68dcd","E2:1F:7B:35:CC:08","28.758169934640524","2","1.4204545454545454","0","153","2022-06-01T03:01:00.000Z","1654052460",
"2551","22b77d7829c68dcd","E2:1F:7B:35:CC:08","26.143790849673202","0","1.4204545454545454","0","153","2022-06-01T03:02:00.000Z","1654052520",
"2551","22b77d7829c68dcd","E2:1F:7B:35:CC:08","31.372549019607842","3","1.4204545454545454","0","153","2022-06-01T03:03:00.000Z","1654052580",
"2551","22b77d7829c68dcd","E2:1F:7B:35:CC:08","31.372549019607842","2","1.4204545454545454","0","153","2022-06-01T03:04:00.000Z","1654052640",
"2551","22b77d7829c68dcd","E2:1F:7B:35:CC:08","31.372549019607842","1","1.4204545454545454","0","153","2022-06-01T03:05:00.000Z","1654052700",
"2551","22b77d7829c68dcd","E2:1F:7B:35:CC:08","31.372549019607842","2","1.4204545454545454","0","153","2022-06-01T03:06:00.000Z","1654052760",
"2551","22b77d7829c68dcd","E2:1F:7B:35:CC:08","30.065359477124183","1","1.5625","0","153","2022-06-01T03:07:00.000Z","1654052820",
"2551","22b77d7829c68dcd","E2:1F:7B:35:CC:08","30.065359477124183","2","1.5625","0","153","2022-06-01T03:08:00.000Z","1654052880",
"2551","22b77d7829c68dcd","E2:1F:7B:35:CC:08","31.372549019607842","2","1.5625","0","153","2022-06-01T03:09:00.000Z","1654052940",
"2551","22b77d7829c68dcd","E2:1F:7B:35:CC:08","31.372549019607842","2","1.5625","0","153","2022-06-01T03:10:00.000Z","1654053000",
"2551","22b77d7829c68dcd","E2:1F:7B:35:CC:08","30.065359477124183","0","1.5625","0","153","2022-06-01T03:11:00.000Z","1654053060",
"2551","22b77d7829c68dcd","E2:1F:7B:35:CC:08","31.372549019607842","4","1.5625","0","153","2022-06-01T03:12:00.000Z","1654053120",
"2551","22b77d7829c68dcd","E2:1F:7B:35:CC:08","35.294117647058826","4","1.5625","0","153","2022-06-01T03:13:00.000Z","1654053180",
"2551","22b77d7829c68dcd","E2:1F:7B:35:CC:08","31.372549019607842","0","1.4204545454545454","0","153","2022-06-01T03:14:00.000Z","1654053240",
"2551","22b77d7829c68dcd","E2:1F:7B:35:CC:08","32.6797385620915","3","1.4204545454545454","0","153","2022-06-01T03:15:00.000Z","1654053300",
"2551","22b77d7829c68dcd","E2:1F:7B:35:CC:08","31.372549019607842","2","1.1160714285714286","0","153","2022-06-01T03:16:00.000Z","1654053360",
"2551","22b77d7829c68dcd","E2:1F:7B:35:CC:08","31.372549019607842","1","1.1160714285714286","0","153","2022-06-01T03:17:00.000Z","1654053420",
"2551","22b77d7829c68dcd","E2:1F:7B:35:CC:08","23.529411764705884","0","1.1160714285714286","0","153","2022-06-01T03:18:00.000Z","1654053480",
"2551","22b77d7829c68dcd","E2:1F:7B:35:CC:08","20.915032679738562","0","1.1160714285714286","0","153","2022-06-01T03:19:00.000Z","1654053540",
"2551","22b77d7829c68dcd","E2:1F:7B:35:CC:08","32.6797385620915","5","0.9191176470588235","0","153","2022-06-01T03:20:00.000Z","1654053600",
"2551","22b77d7829c68dcd","E2:1F:7B:35:CC:08","41.830065359477125","5","1.0416666666666667","0","153","2022-06-01T03:21:00.000Z","1654053660",
"2551","22b77d7829c68dcd","E2:1F:7B:35:CC:08","36.60130718954248","2","1.0416666666666667","0","153","2022-06-01T03:22:00.000Z","1654053720",
"2551","22b77d7829c68dcd","E2:1F:7B:35:CC:08","35.294117647058826","0","1.0416666666666667","0","153","2022-06-01T03:23:00.000Z","1654053780",
"2551","22b77d7829c68dcd","E2:1F:7B:35:CC:08","31.372549019607842","1","0.7102272727272727","0","153","2022-06-01T03:24:00.000Z","1654053840",
"2551","22b77d7829c68dcd","E2:1F:7B:35:CC:08","31.372549019607842","2","0.8223684210526315","0","153","2022-06-01T03:25:00.000Z","1654053900",
"2551","22b77d7829c68dcd","E2:1F:7B:35:CC:08","16.99346405228758","0","0.78125","0","153","2022-06-01T03:26:00.000Z","1654053960",
"2551","22b77d7829c68dcd","E2:1F:7B:35:CC:08","14.379084967320262","0","0.7102272727272727","0","153","2022-06-01T03:27:00.000Z","1654054020",
"2551","22b77d7829c68dcd","E2:1F:7B:35:CC:08","10.457516339869281","0","0.7102272727272727","0","153","2022-06-01T03:28:00.000Z","1654054080",
"2551","22b77d7829c68dcd","E2:1F:7B:35:CC:08","10.457516339869281","0","0.7102272727272727","0","153","2022-06-01T03:29:00.000Z","1654054140",
"2551","22b77d7829c68dcd","E2:1F:7B:35:CC:08","28.758169934640524","0","0.7102272727272727","0","153","2022-06-01T03:30:00.000Z","1654054200",
"2551","22b77d7829c68dcd","E2:1F:7B:35:CC:08","14.379084967320262","0","0.7102272727272727","0","153","2022-06-01T03:31:00.000Z","1654054260",
"2551","22b77d7829c68dcd","E2:1F:7B:35:CC:08","7.8431372549019605","0","0.7440476190476191","0","153","2022-06-01T03:32:00.000Z","1654054320",
"2551","22b77d7829c68dcd","E2:1F:7B:35:CC:08","6.5359477124183005","0","0.7440476190476191","0","153","2022-06-01T03:33:00.000Z","1654054380",
"2551","22b77d7829c68dcd","E2:1F:7B:35:CC:08","6.5359477124183005","0","0.7102272727272727","0","153","2022-06-01T03:34:00.000Z","1654054440",
"2551","22b77d7829c68dcd","E2:1F:7B:35:CC:08","6.5359477124183005","0","0.7102272727272727","0","153","2022-06-01T03:35:00.000Z","1654054500",
"2551","22b77d7829c68dcd","E2:1F:7B:35:CC:08","5.228758169934641","0","0.7102272727272727","0","153","2022-06-01T03:36:00.000Z","1654054560",
"2551","22b77d7829c68dcd","E2:1F:7B:35:CC:08","6.5359477124183005","0","0.7102272727272727","0","153","2022-06-01T03:37:00.000Z","1654054620",
"2551","22b77d7829c68dcd","E2:1F:7B:35:CC:08","7.8431372549019605","0","0.7102272727272727","0","153","2022-06-01T03:38:00.000Z","1654054680",
"2551","22b77d7829c68dcd","E2:1F:7B:35:CC:08","6.5359477124183005","0","0.7102272727272727","0","153","2022-06-01T03:39:00.000Z","1654054740",
"2551","22b77d7829c68dcd","E2:1F:7B:35:CC:08","6.5359477124183005","0","0.6793478260869565","0","153","2022-06-01T03:40:00.000Z","1654054800",
"2551","22b77d7829c68dcd","E2:1F:7B:35:CC:08","5.228758169934641","0","0.6793478260869565","0","153","2022-06-01T03:41:00.000Z","1654054860",
"2551","22b77d7829c68dcd","E2:1F:7B:35:CC:08","5.228758169934641","0","0.6793478260869565","0","153","2022-06-01T03:42:00.000Z","1654054920",
"2551","22b77d7829c68dcd","E2:1F:7B:35:CC:08","5.228758169934641","0","0.6793478260869565","0","153","2022-06-01T03:43:00.000Z","1654054980",
"2551","22b77d7829c68dcd","E2:1F:7B:35:CC:08","5.228758169934641","0","0.6793478260869565","0","153","2022-06-01T03:44:00.000Z","1654055040",
"2551","22b77d7829c68dcd","E2:1F:7B:35:CC:08","5.228758169934641","0","0.6793478260869565","0","153","2022-06-01T03:45:00.000Z","1654055100",
"2551","22b77d7829c68dcd","E2:1F:7B:35:CC:08","5.228758169934641","0","0.625","0","153","2022-06-01T03:46:00.000Z","1654055160",
"2551","22b77d7829c68dcd","E2:1F:7B:35:CC:08","28.758169934640524","2","0.6009615384615384","0","153","2022-06-01T03:47:00.000Z","1654055220",
"2551","22b77d7829c68dcd","E2:1F:7B:35:CC:08","14.379084967320262","0","0.625","0","153","2022-06-01T03:48:00.000Z","1654055280",
"2551","22b77d7829c68dcd","E2:1F:7B:35:CC:08","6.5359477124183005","0","0.625","0","153","2022-06-01T03:49:00.000Z","1654055340",
"2551","22b77d7829c68dcd","E2:1F:7B:35:CC:08","5.228758169934641","0","0.625","0","153","2022-06-01T03:50:00.000Z","1654055400",
"2551","22b77d7829c68dcd","E2:1F:7B:35:CC:08","5.228758169934641","0","0.625","0","153","2022-06-01T03:51:00.000Z","1654055460",
"2551","22b77d7829c68dcd","E2:1F:7B:35:CC:08","3.9215686274509802","0","0.625","0","153","2022-06-01T03:52:00.000Z","1654055520",
"2551","22b77d7829c68dcd","E2:1F:7B:35:CC:08","5.228758169934641","0","0.625","0","153","2022-06-01T03:53:00.000Z","1654055580",
"2551","22b77d7829c68dcd","E2:1F:7B:35:CC:08","6.5359477124183005","0","0.6510416666666666","0","153","2022-06-01T03:54:00.000Z","1654055640",
"2551","22b77d7829c68dcd","E2:1F:7B:35:CC:08","7.8431372549019605","0","0.6510416666666666","0","153","2022-06-01T03:55:00.000Z","1654055700",
"2551","22b77d7829c68dcd","E2:1F:7B:35:CC:08","6.5359477124183005","0","0.6510416666666666","0","153","2022-06-01T03:56:00.000Z","1654055760",
"2551","22b77d7829c68dcd","E2:1F:7B:35:CC:08","7.8431372549019605","0","0.35511363636363635","2","153","2022-06-01T03:57:00.000Z","1654055820",
"2551","22b77d7829c68dcd","E2:1F:7B:35:CC:08","62.745098039215684","2","0.294811320754717","0","153","2022-06-01T03:58:00.000Z","1654055880",
"2551","22b77d7829c68dcd","E2:1F:7B:35:CC:08","75.81699346405229","2","0.35511363636363635","0","153","2022-06-01T03:59:00.000Z","1654055940",
"2551","22b77d7829c68dcd","E2:1F:7B:35:CC:08","26.143790849673202","0","0.3633720930232558","0","153","2022-06-01T04:00:00.000Z","1654056000",
"2551","22b77d7829c68dcd","E2:1F:7B:35:CC:08","9.15032679738562","0","0.3633720930232558","0","153","2022-06-01T04:01:00.000Z","1654056060",
"2551","22b77d7829c68dcd","E2:1F:7B:35:CC:08","5.228758169934641","0","0.3633720930232558","0","153","2022-06-01T04:02:00.000Z","1654056120",
"2551","22b77d7829c68dcd","E2:1F:7B:35:CC:08","3.9215686274509802","0","0.3633720930232558","0","153","2022-06-01T04:03:00.000Z","1654056180",
"2551","22b77d7829c68dcd","E2:1F:7B:35:CC:08","3.9215686274509802","1","0.38109756097560976","1","153","2022-06-01T04:04:00.000Z","1654056240",
"2551","22b77d7829c68dcd","E2:1F:7B:35:CC:08","41.830065359477125","3","0.48828125","0","153","2022-06-01T04:05:00.000Z","1654056300",
"2551","22b77d7829c68dcd","E2:1F:7B:35:CC:08","31.372549019607842","0","0.5387931034482759","0","153","2022-06-01T04:06:00.000Z","1654056360",
"2551","22b77d7829c68dcd","E2:1F:7B:35:CC:08","19.607843137254903","0","0.5787037037037037","0","153","2022-06-01T04:07:00.000Z","1654056420",
"2551","22b77d7829c68dcd","E2:1F:7B:35:CC:08","14.379084967320262","0","0.625","0","153","2022-06-01T04:08:00.000Z","1654056480",
"2551","22b77d7829c68dcd","E2:1F:7B:35:CC:08","20.915032679738562","0","0.41118421052631576","0","153","2022-06-01T04:09:00.000Z","1654056540",
"2551","22b77d7829c68dcd","E2:1F:7B:35:CC:08","18.30065359477124","0","0.4222972972972973","0","153","2022-06-01T04:10:00.000Z","1654056600",
"2551","22b77d7829c68dcd","E2:1F:7B:35:CC:08","22.22222222222222","2","0.390625","0","153","2022-06-01T04:11:00.000Z","1654056660",
"2551","22b77d7829c68dcd","E2:1F:7B:35:CC:08","16.99346405228758","0","0.40064102564102566","0","153","2022-06-01T04:12:00.000Z","1654056720",
"2551","22b77d7829c68dcd","E2:1F:7B:35:CC:08","22.22222222222222","3","0.5580357142857143","1","153","2022-06-01T04:13:00.000Z","1654056780",
"2551","22b77d7829c68dcd","E2:1F:7B:35:CC:08","28.758169934640524","0","0.625","0","153","2022-06-01T04:14:00.000Z","1654056840",
"2551","22b77d7829c68dcd","E2:1F:7B:35:CC:08","14.379084967320262","0","0.6510416666666666","0","153","2022-06-01T04:15:00.000Z","1654056900",
"2551","22b77d7829c68dcd","E2:1F:7B:35:CC:08","33.98692810457516","3","0.5580357142857143","2","153","2022-06-01T04:16:00.000Z","1654056960",
"2551","22b77d7829c68dcd","E2:1F:7B:35:CC:08","27.45098039215686","0","0.6009615384615384","0","153","2022-06-01T04:17:00.000Z","1654057020",
"2551","22b77d7829c68dcd","E2:1F:7B:35:CC:08","28.758169934640524","0","0.4222972972972973","0","153","2022-06-01T04:18:00.000Z","1654057080",
"2551","22b77d7829c68dcd","E2:1F:7B:35:CC:08","20.915032679738562","0","0.44642857142857145","0","153","2022-06-01T04:19:00.000Z","1654057140",
"2551","22b77d7829c68dcd","E2:1F:7B:35:CC:08","22.22222222222222","0","0.4734848484848485","0","153","2022-06-01T04:20:00.000Z","1654057200",
"2551","22b77d7829c68dcd","E2:1F:7B:35:CC:08","15.686274509803921","0","0.48828125","0","153","2022-06-01T04:21:00.000Z","1654057260",
"2551","22b77d7829c68dcd","E2:1F:7B:35:CC:08","20.915032679738562","0","0.48828125","0","153","2022-06-01T04:22:00.000Z","1654057320",
"2551","22b77d7829c68dcd","E2:1F:7B:35:CC:08","22.22222222222222","0","0.5040322580645161","0","153","2022-06-01T04:23:00.000Z","1654057380",
"2551","22b77d7829c68dcd","E2:1F:7B:35:CC:08","23.529411764705884","4","0.38109756097560976","0","153","2022-06-01T04:24:00.000Z","1654057440",
"2551","22b77d7829c68dcd","E2:1F:7B:35:CC:08","33.98692810457516","2","0.390625","12","153","2022-06-01T04:25:00.000Z","1654057500",
"2551","22b77d7829c68dcd","E2:1F:7B:35:CC:08","32.6797385620915","1","0.062250996015936255","0","153","2022-06-01T04:26:00.000Z","1654057560",
"2551","22b77d7829c68dcd","E2:1F:7B:35:CC:08","32.6797385620915","0","0.20032051282051283","2","153","2022-06-01T04:35:00.000Z","1654058100",
"2551","22b77d7829c68dcd","E2:1F:7B:35:CC:08","32.6797385620915","0","0.2332089552238806","16","153","2022-06-01T04:36:00.000Z","1654058160",
"2551","22b77d7829c68dcd","E2:1F:7B:35:CC:08","31.372549019607842","12","0.17755681818181818","9","153","2022-06-01T04:37:00.000Z","1654058220",
"2551","22b77d7829c68dcd","E2:1F:7B:35:CC:08","31.372549019607842","0","0.15943877551020408","4","153","2022-06-01T04:38:00.000Z","1654058280",
"2551","22b77d7829c68dcd","E2:1F:7B:35:CC:08","31.372549019607842","5","0.19054878048780488","11","153","2022-06-01T04:39:00.000Z","1654058340",
"2551","22b77d7829c68dcd","E2:1F:7B:35:CC:08","32.6797385620915","6","0.09031791907514451","7","153","2022-06-01T04:40:00.000Z","1654058400",
"2551","22b77d7829c68dcd","E2:1F:7B:35:CC:08","44.44444444444444","8","0.14602803738317757","1","153","2022-06-01T04:43:00.000Z","1654058580",
"2551","22b77d7829c68dcd","E2:1F:7B:35:CC:08","57.51633986928105","3","0.16276041666666666","0","153","2022-06-01T04:44:00.000Z","1654058640",
"2551","22b77d7829c68dcd","E2:1F:7B:35:CC:08","60.130718954248366","8","0.12913223140495866","12","153","2022-06-01T04:45:00.000Z","1654058700",
"2551","22b77d7829c68dcd","E2:1F:7B:35:CC:08","56.209150326797385","0","0.10702054794520548","1","153","2022-06-01T04:46:00.000Z","1654058760",
"2551","22b77d7829c68dcd","E2:1F:7B:35:CC:08","66.66666666666667","9","0.13827433628318583","5","153","2022-06-01T04:47:00.000Z","1654058820",
"2551","22b77d7829c68dcd","E2:1F:7B:35:CC:08","66.66666666666667","8","0.13130252100840337","19","153","2022-06-01T04:48:00.000Z","1654058880",
"2551","22b77d7829c68dcd","E2:1F:7B:35:CC:08","64.05228758169935","9","0.11322463768115942","5","153","2022-06-01T04:49:00.000Z","1654058940",
"2551","22b77d7829c68dcd","E2:1F:7B:35:CC:08","64.05228758169935","0","0.11488970588235294","7","153","2022-06-01T04:50:00.000Z","1654059000",
"2551","22b77d7829c68dcd","E2:1F:7B:35:CC:08","64.05228758169935","0","0.10926573426573427","8","153","2022-06-01T04:51:00.000Z","1654059060",
"2551","22b77d7829c68dcd","E2:1F:7B:35:CC:08","66.66666666666667","7","0.12913223140495866","0","153","2022-06-01T04:52:00.000Z","1654059120",
"2551","22b77d7829c68dcd","E2:1F:7B:35:CC:08","49.673202614379086","3","0.13020833333333334","0","153","2022-06-01T04:53:00.000Z","1654059180",
"2551","22b77d7829c68dcd","E2:1F:7B:35:CC:08","44.44444444444444","5","0.143348623853211","1","153","2022-06-01T04:54:00.000Z","1654059240",
"2551","22b77d7829c68dcd","E2:1F:7B:35:CC:08","86.27450980392157","1","0.20292207792207792","0","153","2022-06-01T04:55:00.000Z","1654059300",
"2551","22b77d7829c68dcd","E2:1F:7B:35:CC:08","78.43137254901961","7","0.15318627450980393","0","153","2022-06-01T04:56:00.000Z","1654059360",
"2551","22b77d7829c68dcd","E2:1F:7B:35:CC:08","57.51633986928105","3","0.20032051282051283","0","153","2022-06-01T04:57:00.000Z","1654059420",
"2551","22b77d7829c68dcd","E2:1F:7B:35:CC:08","82.3529411764706","4","0.2332089552238806","0","153","2022-06-01T04:58:00.000Z","1654059480",
"2551","22b77d7829c68dcd","E2:1F:7B:35:CC:08","47.05882352941177","0","0.1717032967032967","0","153","2022-06-01T04:59:00.000Z","1654059540",
"2551","22b77d7829c68dcd","E2:1F:7B:35:CC:08","24.836601307189543","2","0.15169902912621358","1","153","2022-06-01T05:00:00.000Z","1654059600",
"2551","22b77d7829c68dcd","E2:1F:7B:35:CC:08","28.758169934640524","0","0.13241525423728814","7","153","2022-06-01T05:01:00.000Z","1654059660",
"2551","22b77d7829c68dcd","E2:1F:7B:35:CC:08","35.294117647058826","0","0.13950892857142858","15","153","2022-06-01T05:03:00.000Z","1654059780",
"2551","22b77d7829c68dcd","E2:1F:7B:35:CC:08","58.8235294117647","3","0.1488095238095238","64","153","2022-06-01T05:04:00.000Z","1654059840",
"2551","22b77d7829c68dcd","E2:1F:7B:35:CC:08","44.44444444444444","0","0.14076576576576577","53","153","2022-06-01T05:05:00.000Z","1654059900",
"2551","22b77d7829c68dcd","E2:1F:7B:35:CC:08","64.05228758169935","4","0.1201923076923077","47","153","2022-06-01T05:06:00.000Z","1654059960",
"2551","22b77d7829c68dcd","E2:1F:7B:35:CC:08","54.90196078431372","3","0.1201923076923077","49","153","2022-06-01T05:07:00.000Z","1654060020",
"2551","22b77d7829c68dcd","E2:1F:7B:35:CC:08","49.673202614379086","5","0.08680555555555555","0","153","2022-06-01T06:07:00.000Z","1654063620",
"2551","22b77d7829c68dcd","E2:1F:7B:35:CC:08","39.21568627450981","1","0.09356287425149701","0","153","2022-06-01T06:08:00.000Z","1654063680",
"2551","22b77d7829c68dcd","E2:1F:7B:35:CC:08","30.065359477124183","3","0.10016025641025642","0","153","2022-06-01T06:09:00.000Z","1654063740",
"2551","22b77d7829c68dcd","E2:1F:7B:35:CC:08","43.13725490196079","2","0.11574074074074074","0","153","2022-06-01T06:10:00.000Z","1654063800",
"2551","22b77d7829c68dcd","E2:1F:7B:35:CC:08","31.372549019607842","2","0.11837121212121213","0","153","2022-06-01T06:11:00.000Z","1654063860",
"2551","22b77d7829c68dcd","E2:1F:7B:35:CC:08","31.372549019607842","3","0.12600806451612903","0","153","2022-06-01T06:12:00.000Z","1654063920",
"2551","22b77d7829c68dcd","E2:1F:7B:35:CC:08","30.065359477124183","3","0.13469827586206898","0","153","2022-06-01T06:13:00.000Z","1654063980",
"2551","22b77d7829c68dcd","E2:1F:7B:35:CC:08","23.529411764705884","1","0.10557432432432433","0","153","2022-06-01T06:14:00.000Z","1654064040",
"2551","22b77d7829c68dcd","E2:1F:7B:35:CC:08","37.908496732026144","1","0.12112403100775193","0","153","2022-06-01T06:15:00.000Z","1654064100",
"2551","22b77d7829c68dcd","E2:1F:7B:35:CC:08","33.98692810457516","6","0.11322463768115942","0","153","2022-06-01T06:16:00.000Z","1654064160",
"2551","22b77d7829c68dcd","E2:1F:7B:35:CC:08","37.908496732026144","4","0.13130252100840337","0","153","2022-06-01T06:17:00.000Z","1654064220",
"2551","22b77d7829c68dcd","E2:1F:7B:35:CC:08","22.22222222222222","0","0.1358695652173913","0","153","2022-06-01T06:18:00.000Z","1654064280",
"2551","22b77d7829c68dcd","E2:1F:7B:35:CC:08","28.758169934640524","2","0.13827433628318583","0","153","2022-06-01T06:19:00.000Z","1654064340",
"2551","22b77d7829c68dcd","E2:1F:7B:35:CC:08","33.98692810457516","1","0.1358695652173913","0","153","2022-06-01T06:20:00.000Z","1654064400",
"2551","22b77d7829c68dcd","E2:1F:7B:35:CC:08","28.758169934640524","1","0.143348623853211","0","153","2022-06-01T06:21:00.000Z","1654064460",
"2551","22b77d7829c68dcd","E2:1F:7B:35:CC:08","26.143790849673202","1","0.14467592592592593","0","153","2022-06-01T06:22:00.000Z","1654064520",
"2551","22b77d7829c68dcd","E2:1F:7B:35:CC:08","32.6797385620915","1","0.14076576576576577","0","153","2022-06-01T06:23:00.000Z","1654064580",
"2551","22b77d7829c68dcd","E2:1F:7B:35:CC:08","22.22222222222222","1","0.13020833333333334","0","153","2022-06-01T06:24:00.000Z","1654064640",
"2551","22b77d7829c68dcd","E2:1F:7B:35:CC:08","32.6797385620915","3","0.11081560283687943","0","153","2022-06-01T06:25:00.000Z","1654064700",
"2551","22b77d7829c68dcd","E2:1F:7B:35:CC:08","22.22222222222222","0","0.11405109489051095","0","153","2022-06-01T06:26:00.000Z","1654064760",
"2551","22b77d7829c68dcd","E2:1F:7B:35:CC:08","13.071895424836601","0","0.10926573426573427","0","153","2022-06-01T06:27:00.000Z","1654064820",
"2551","22b77d7829c68dcd","E2:1F:7B:35:CC:08","27.45098039215686","0","3.125","11","153","2022-06-01T06:49:00.000Z","1654066140",
"2551","22b77d7829c68dcd","E2:1F:7B:35:CC:08","35.294117647058826","0","1.7361111111111112","14","153","2022-06-01T06:50:00.000Z","1654066200",
"2551","22b77d7829c68dcd","E2:1F:7B:35:CC:08","39.21568627450981","0","0.9765625","11","153","2022-06-01T06:51:00.000Z","1654066260",
"2551","22b77d7829c68dcd","E2:1F:7B:35:CC:08","41.830065359477125","0","0.7102272727272727","5","153","2022-06-01T06:52:00.000Z","1654066320",
"2551","22b77d7829c68dcd","E2:1F:7B:35:CC:08","40.52287581699346","0","0.294811320754717","28","153","2022-06-01T06:53:00.000Z","1654066380",
"2551","22b77d7829c68dcd","E2:1F:7B:35:CC:08","40.52287581699346","6","0.3324468085106383","5","153","2022-06-01T06:54:00.000Z","1654066440",
"2551","22b77d7829c68dcd","E2:1F:7B:35:CC:08","49.673202614379086","2","0.22977941176470587","1","153","2022-06-01T06:55:00.000Z","1654066500",
"2551","22b77d7829c68dcd","E2:1F:7B:35:CC:08","53.59477124183007","2","0.2741228070175439","7","153","2022-06-01T06:56:00.000Z","1654066560",
"2551","22b77d7829c68dcd","E2:1F:7B:35:CC:08","56.209150326797385","2","0.19054878048780488","5","153","2022-06-01T06:58:00.000Z","1654066680",
"2551","22b77d7829c68dcd","E2:1F:7B:35:CC:08","53.59477124183007","0","0.23674242424242425","22","153","2022-06-01T06:59:00.000Z","1654066740",
"2551","22b77d7829c68dcd","E2:1F:7B:35:CC:08","53.59477124183007","2","0.22644927536231885","21","153","2022-06-01T07:00:00.000Z","1654066800",
"2551","22b77d7829c68dcd","E2:1F:7B:35:CC:08","54.90196078431372","0","0.16447368421052633","8","153","2022-06-01T07:01:00.000Z","1654066860",
"2551","22b77d7829c68dcd","E2:1F:7B:35:CC:08","54.90196078431372","0","0.11241007194244604","9","153","2022-06-01T07:02:00.000Z","1654066920",
"2551","22b77d7829c68dcd","E2:1F:7B:35:CC:08","57.51633986928105","0","0.22977941176470587","14","153","2022-06-01T07:03:00.000Z","1654066980",
"2551","22b77d7829c68dcd","E2:1F:7B:35:CC:08","57.51633986928105","0","0.25614754098360654","9","153","2022-06-01T07:04:00.000Z","1654067040",
"2551","22b77d7829c68dcd","E2:1F:7B:35:CC:08","57.51633986928105","0","0.1953125","5","153","2022-06-01T07:05:00.000Z","1654067100",
"2551","22b77d7829c68dcd","E2:1F:7B:35:CC:08","58.8235294117647","7","0.294811320754717","0","153","2022-06-01T07:06:00.000Z","1654067160",
"2551","22b77d7829c68dcd","E2:1F:7B:35:CC:08","65.359477124183","4","0.19778481012658228","19","153","2022-06-01T07:07:00.000Z","1654067220",
"2551","22b77d7829c68dcd","E2:1F:7B:35:CC:08","100","3","0.37202380952380953","11","153","2022-06-01T07:08:00.000Z","1654067280",
"2551","22b77d7829c68dcd","E2:1F:7B:35:CC:08","100","6","0.38109756097560976","19","153","2022-06-01T07:09:00.000Z","1654067340",
"2551","22b77d7829c68dcd","E2:1F:7B:35:CC:08","88.88888888888889","5","0.38109756097560976","44","153","2022-06-01T07:10:00.000Z","1654067400",
"2551","22b77d7829c68dcd","E2:1F:7B:35:CC:08","87.58169934640523","6","0.26939655172413796","16","153","2022-06-01T07:11:00.000Z","1654067460",
"2551","22b77d7829c68dcd","E2:1F:7B:35:CC:08","88.88888888888889","0","0.1736111111111111","23","153","2022-06-01T07:12:00.000Z","1654067520",
"2551","22b77d7829c68dcd","E2:1F:7B:35:CC:08","88.88888888888889","0","0.2741228070175439","4","153","2022-06-01T07:13:00.000Z","1654067580",
"2551","22b77d7829c68dcd","E2:1F:7B:35:CC:08","91.50326797385621","0","0.16276041666666666","21","153","2022-06-01T07:14:00.000Z","1654067640",
"2551","22b77d7829c68dcd","E2:1F:7B:35:CC:08","99.34640522875817","4","0.19290123456790123","2","153","2022-06-01T07:16:00.000Z","1654067760",
"2551","22b77d7829c68dcd","E2:1F:7B:35:CC:08","100","5","0.19290123456790123","4","153","2022-06-01T07:17:00.000Z","1654067820",
"2551","22b77d7829c68dcd","E2:1F:7B:35:CC:08","100","0","0.15943877551020408","11","153","2022-06-01T07:18:00.000Z","1654067880",
"2551","22b77d7829c68dcd","E2:1F:7B:35:CC:08","100","0","0.2741228070175439","8","153","2022-06-01T07:19:00.000Z","1654067940",
"2551","22b77d7829c68dcd","E2:1F:7B:35:CC:08","100","0","0.38109756097560976","19","153","2022-06-01T07:20:00.000Z","1654068000",
"2551","22b77d7829c68dcd","E2:1F:7B:35:CC:08","100","9","0.44642857142857145","5","153","2022-06-01T07:21:00.000Z","1654068060",
"2551","22b77d7829c68dcd","E2:1F:7B:35:CC:08","100","7","0.3633720930232558","8","153","2022-06-01T07:22:00.000Z","1654068120",
"2551","22b77d7829c68dcd","E2:1F:7B:35:CC:08","100","15","0.3004807692307692","16","154","2022-06-01T07:24:00.000Z","1654068240",
"2551","22b77d7829c68dcd","E2:1F:7B:35:CC:08","100","9","0.2604166666666667","7","154","2022-06-01T07:25:00.000Z","1654068300",
"2551","22b77d7829c68dcd","E2:1F:7B:35:CC:08","100","7","0.28935185185185186","2","154","2022-06-01T07:26:00.000Z","1654068360",
"2551","22b77d7829c68dcd","E2:1F:7B:35:CC:08","100","0","0.35511363636363635","11","154","2022-06-01T07:27:00.000Z","1654068420",
"2551","22b77d7829c68dcd","E2:1F:7B:35:CC:08","100","3","0.37202380952380953","15","154","2022-06-01T07:28:00.000Z","1654068480",
"2551","22b77d7829c68dcd","E2:1F:7B:35:CC:08","100","3","0.3255208333333333","22","154","2022-06-01T07:29:00.000Z","1654068540",
"2551","22b77d7829c68dcd","E2:1F:7B:35:CC:08","100","8","0.3472222222222222","15","154","2022-06-01T07:30:00.000Z","1654068600",
"2551","22b77d7829c68dcd","E2:1F:7B:35:CC:08","100","0","0.21114864864864866","18","154","2022-06-01T07:31:00.000Z","1654068660",
"2551","22b77d7829c68dcd","E2:1F:7B:35:CC:08","100","5","0.48828125","16","154","2022-06-01T07:32:00.000Z","1654068720",
"2551","22b77d7829c68dcd","E2:1F:7B:35:CC:08","100","10","0.38109756097560976","9","154","2022-06-01T07:33:00.000Z","1654068780",
"2551","22b77d7829c68dcd","E2:1F:7B:35:CC:08","100","0","0.48828125","2","154","2022-06-01T07:34:00.000Z","1654068840",
"2551","22b77d7829c68dcd","E2:1F:7B:35:CC:08","100","0","0.625","9","154","2022-06-01T07:35:00.000Z","1654068900",
"2551","22b77d7829c68dcd","E2:1F:7B:35:CC:08","100","0","0.5387931034482759","18","154","2022-06-01T07:36:00.000Z","1654068960",
"2551","22b77d7829c68dcd","E2:1F:7B:35:CC:08","100","0","0.390625","1","154","2022-06-01T07:37:00.000Z","1654069020",
"2551","22b77d7829c68dcd","E2:1F:7B:35:CC:08","100","0","0.5787037037037037","7","154","2022-06-01T07:38:00.000Z","1654069080",
"2551","22b77d7829c68dcd","E2:1F:7B:35:CC:08","100","0","0.5387931034482759","12","154","2022-06-01T07:39:00.000Z","1654069140",
"2551","22b77d7829c68dcd","E2:1F:7B:35:CC:08","100","3","0.78125","4","154","2022-06-01T07:40:00.000Z","1654069200",
"2551","22b77d7829c68dcd","E2:1F:7B:35:CC:08","100","9","0.6510416666666666","4","154","2022-06-01T07:41:00.000Z","1654069260",
"2551","22b77d7829c68dcd","E2:1F:7B:35:CC:08","98.7012987012987","4","0.48828125","7","154","2022-06-01T07:42:00.000Z","1654069320",
"2551","22b77d7829c68dcd","E2:1F:7B:35:CC:08","100","10","0.6510416666666666","7","154","2022-06-01T07:43:00.000Z","1654069380",
"2551","22b77d7829c68dcd","E2:1F:7B:35:CC:08","100","6","0.48828125","18","154","2022-06-01T07:44:00.000Z","1654069440",
"2551","22b77d7829c68dcd","E2:1F:7B:35:CC:08","100","0","0.45955882352941174","9","154","2022-06-01T07:45:00.000Z","1654069500",
"2551","22b77d7829c68dcd","E2:1F:7B:35:CC:08","100","0","0.31887755102040816","19","154","2022-06-01T07:46:00.000Z","1654069560",
"2551","22b77d7829c68dcd","E2:1F:7B:35:CC:08","100","0","0.5387931034482759","16","154","2022-06-01T07:47:00.000Z","1654069620",
"2551","22b77d7829c68dcd","E2:1F:7B:35:CC:08","100","0","0.44642857142857145","16","154","2022-06-01T07:48:00.000Z","1654069680",
"2551","22b77d7829c68dcd","E2:1F:7B:35:CC:08","100","7","0.4222972972972973","4","154","2022-06-01T07:49:00.000Z","1654069740",
"2551","22b77d7829c68dcd","E2:1F:7B:35:CC:08","100","0","0.5040322580645161","21","154","2022-06-01T07:50:00.000Z","1654069800",
"2551","22b77d7829c68dcd","E2:1F:7B:35:CC:08","100","6","0.6510416666666666","18","154","2022-06-01T07:51:00.000Z","1654069860",
"2551","22b77d7829c68dcd","E2:1F:7B:35:CC:08","100","10","0.7102272727272727","1","154","2022-06-01T07:52:00.000Z","1654069920",
"2551","22b77d7829c68dcd","E2:1F:7B:35:CC:08","100","4","0.7102272727272727","11","154","2022-06-01T07:53:00.000Z","1654069980",
"2551","22b77d7829c68dcd","E2:1F:7B:35:CC:08","100","9","0.8680555555555556","5","154","2022-06-01T07:54:00.000Z","1654070040",
"2551","22b77d7829c68dcd","E2:1F:7B:35:CC:08","100","7","0.8680555555555556","7","154","2022-06-01T07:55:00.000Z","1654070100",
"2551","22b77d7829c68dcd","E2:1F:7B:35:CC:08","100","8","0.48828125","8","154","2022-06-01T07:56:00.000Z","1654070160",
"2551","22b77d7829c68dcd","E2:1F:7B:35:CC:08","100","5","0.5208333333333334","8","154","2022-06-01T07:57:00.000Z","1654070220",
"2551","22b77d7829c68dcd","E2:1F:7B:35:CC:08","100","8","0.5387931034482759","11","154","2022-06-01T07:58:00.000Z","1654070280",
"2551","22b77d7829c68dcd","E2:1F:7B:35:CC:08","100","9","0.4222972972972973","9","154","2022-06-01T07:59:00.000Z","1654070340",
"2551","22b77d7829c68dcd","E2:1F:7B:35:CC:08","100","12","0.78125","8","154","2022-06-01T08:00:00.000Z","1654070400",
"2551","22b77d7829c68dcd","E2:1F:7B:35:CC:08","100","0","0.9765625","7","154","2022-06-01T08:01:00.000Z","1654070460",
"2551","22b77d7829c68dcd","E2:1F:7B:35:CC:08","100","15","0.9765625","9","154","2022-06-01T08:02:00.000Z","1654070520",
"2551","22b77d7829c68dcd","E2:1F:7B:35:CC:08","100","6","0.8223684210526315","14","154","2022-06-01T08:03:00.000Z","1654070580",
"2551","22b77d7829c68dcd","E2:1F:7B:35:CC:08","100","10","0.9191176470588235","5","154","2022-06-01T08:04:00.000Z","1654070640",
"2551","22b77d7829c68dcd","E2:1F:7B:35:CC:08","100","4","0.9191176470588235","8","154","2022-06-01T08:05:00.000Z","1654070700",
"2551","22b77d7829c68dcd","E2:1F:7B:35:CC:08","100","9","0.7440476190476191","19","154","2022-06-01T08:06:00.000Z","1654070760",
"2551","22b77d7829c68dcd","E2:1F:7B:35:CC:08","100","7","0.78125","21","154","2022-06-01T08:07:00.000Z","1654070820",
"2551","22b77d7829c68dcd","E2:1F:7B:35:CC:08","100","4","0.41118421052631576","29","154","2022-06-01T08:08:00.000Z","1654070880",
"2551","22b77d7829c68dcd","E2:1F:7B:35:CC:08","100","9","0.5787037037037037","14","154","2022-06-01T08:09:00.000Z","1654070940",
"2551","22b77d7829c68dcd","E2:1F:7B:35:CC:08","100","9","0.78125","14","154","2022-06-01T08:10:00.000Z","1654071000",
"2551","22b77d7829c68dcd","E2:1F:7B:35:CC:08","100","2","0.5208333333333334","0","154","2022-06-01T08:11:00.000Z","1654071060",
"2551","22b77d7829c68dcd","E2:1F:7B:35:CC:08","100","5","0.5208333333333334","7","154","2022-06-01T08:12:00.000Z","1654071120",
"2551","22b77d7829c68dcd","E2:1F:7B:35:CC:08","100","5","0.390625","21","154","2022-06-01T08:13:00.000Z","1654071180",
"2551","22b77d7829c68dcd","E2:1F:7B:35:CC:08","100","3","0.5387931034482759","2","154","2022-06-01T08:14:00.000Z","1654071240",
"2551","22b77d7829c68dcd","E2:1F:7B:35:CC:08","100","7","0.8680555555555556","0","154","2022-06-01T08:15:00.000Z","1654071300",
"2551","22b77d7829c68dcd","E2:1F:7B:35:CC:08","100","3","0.4222972972972973","7","154","2022-06-01T08:16:00.000Z","1654071360",
"2551","22b77d7829c68dcd","E2:1F:7B:35:CC:08","93.50649350649351","9","0.4734848484848485","9","154","2022-06-01T08:17:00.000Z","1654071420",
"2551","22b77d7829c68dcd","E2:1F:7B:35:CC:08","100","7","0.37202380952380953","8","154","2022-06-01T08:18:00.000Z","1654071480",
"2551","22b77d7829c68dcd","E2:1F:7B:35:CC:08","100","4","0.40064102564102566","19","154","2022-06-01T08:19:00.000Z","1654071540",
"2551","22b77d7829c68dcd","E2:1F:7B:35:CC:08","100","0","0.390625","14","154","2022-06-01T08:20:00.000Z","1654071600",
"2551","22b77d7829c68dcd","E2:1F:7B:35:CC:08","100","7","0.4734848484848485","5","154","2022-06-01T08:21:00.000Z","1654071660",
"2551","22b77d7829c68dcd","E2:1F:7B:35:CC:08","100","10","0.5787037037037037","4","154","2022-06-01T08:22:00.000Z","1654071720",
"2551","22b77d7829c68dcd","E2:1F:7B:35:CC:08","97.40259740259741","6","0.625","23","154","2022-06-01T08:23:00.000Z","1654071780",
"2551","22b77d7829c68dcd","E2:1F:7B:35:CC:08","85.71428571428571","3","0.7440476190476191","25","154","2022-06-01T08:24:00.000Z","1654071840",
"2551","22b77d7829c68dcd","E2:1F:7B:35:CC:08","72.72727272727273","3","0.8680555555555556","0","154","2022-06-01T08:25:00.000Z","1654071900",
"2551","22b77d7829c68dcd","E2:1F:7B:35:CC:08","96.1038961038961","8","0.5787037037037037","2","154","2022-06-01T08:27:00.000Z","1654072020",
"2551","22b77d7829c68dcd","E2:1F:7B:35:CC:08","97.40259740259741","8","0.6510416666666666","1","154","2022-06-01T08:28:00.000Z","1654072080",
"2551","22b77d7829c68dcd","E2:1F:7B:35:CC:08","100","1","0.8223684210526315","1","154","2022-06-01T08:29:00.000Z","1654072140",
"2551","22b77d7829c68dcd","E2:1F:7B:35:CC:08","94.8051948051948","8","0.10146103896103896","4","154","2022-06-01T08:30:00.000Z","1654072200",
"2551","22b77d7829c68dcd","E2:1F:7B:35:CC:08","100","0","0.4734848484848485","2","154","2022-06-01T08:31:00.000Z","1654072260",
"2551","22b77d7829c68dcd","E2:1F:7B:35:CC:08","100","7","0.625","0","154","2022-06-01T08:32:00.000Z","1654072320",
"2551","22b77d7829c68dcd","E2:1F:7B:35:CC:08","98.7012987012987","6","0.6009615384615384","0","154","2022-06-01T08:33:00.000Z","1654072380",
"2551","22b77d7829c68dcd","E2:1F:7B:35:CC:08","51.94805194805195","0","0.6009615384615384","0","154","2022-06-01T08:34:00.000Z","1654072440",
"2551","22b77d7829c68dcd","E2:1F:7B:35:CC:08","33.76623376623377","0","0.6009615384615384","0","154","2022-06-01T08:35:00.000Z","1654072500",
"2551","22b77d7829c68dcd","E2:1F:7B:35:CC:08","22.07792207792208","0","0.5787037037037037","0","154","2022-06-01T08:37:00.000Z","1654072620",
"2551","22b77d7829c68dcd","E2:1F:7B:35:CC:08","29.87012987012987","2","0.5387931034482759","2","154","2022-06-01T08:38:00.000Z","1654072680",
"2551","22b77d7829c68dcd","E2:1F:7B:35:CC:08","29.87012987012987","0","0.5387931034482759","0","154","2022-06-01T08:39:00.000Z","1654072740",
"2551","22b77d7829c68dcd","E2:1F:7B:35:CC:08","18.181818181818183","0","0.5580357142857143","0","154","2022-06-01T08:40:00.000Z","1654072800",
"2551","22b77d7829c68dcd","E2:1F:7B:35:CC:08","23.376623376623378","2","0.5387931034482759","0","154","2022-06-01T08:41:00.000Z","1654072860",
"2551","22b77d7829c68dcd","E2:1F:7B:35:CC:08","29.87012987012987","5","0.3125","2","154","2022-06-01T08:42:00.000Z","1654072920",
"2551","22b77d7829c68dcd","E2:1F:7B:35:CC:08","87.01298701298701","8","0.37202380952380953","2","154","2022-06-01T08:43:00.000Z","1654072980",
"2551","22b77d7829c68dcd","E2:1F:7B:35:CC:08","83.11688311688312","5","0.2741228070175439","21","154","2022-06-01T08:44:00.000Z","1654073040",
"2551","22b77d7829c68dcd","E2:1F:7B:35:CC:08","81.81818181818181","3","0.3004807692307692","1","154","2022-06-01T08:45:00.000Z","1654073100",
"2551","22b77d7829c68dcd","E2:1F:7B:35:CC:08","79.22077922077922","6","0.2741228070175439","9","154","2022-06-01T08:46:00.000Z","1654073160",
"2551","22b77d7829c68dcd","E2:1F:7B:35:CC:08","80.51948051948052","0","0.31887755102040816","11","154","2022-06-01T08:47:00.000Z","1654073220",
"2551","22b77d7829c68dcd","E2:1F:7B:35:CC:08","89.6103896103896","10","0.30637254901960786","7","154","2022-06-01T08:48:00.000Z","1654073280",
"2551","22b77d7829c68dcd","E2:1F:7B:35:CC:08","92.20779220779221","0","0.15318627450980393","16","154","2022-06-01T08:49:00.000Z","1654073340",
"2551","22b77d7829c68dcd","E2:1F:7B:35:CC:08","92.20779220779221","0","0.2604166666666667","5","154","2022-06-01T08:50:00.000Z","1654073400",
"2551","22b77d7829c68dcd","E2:1F:7B:35:CC:08","93.50649350649351","0","0.24801587301587302","8","154","2022-06-01T08:51:00.000Z","1654073460",
"2551","22b77d7829c68dcd","E2:1F:7B:35:CC:08","92.20779220779221","3","0.3004807692307692","9","154","2022-06-01T08:52:00.000Z","1654073520",
"2551","22b77d7829c68dcd","E2:1F:7B:35:CC:08","90.9090909090909","9","0.3255208333333333","5","154","2022-06-01T08:53:00.000Z","1654073580",
"2551","22b77d7829c68dcd","E2:1F:7B:35:CC:08","88.31168831168831","6","0.41118421052631576","8","154","2022-06-01T08:54:00.000Z","1654073640",
"2551","22b77d7829c68dcd","E2:1F:7B:35:CC:08","89.6103896103896","9","0.28935185185185186","8","154","2022-06-01T08:55:00.000Z","1654073700",
"2551","22b77d7829c68dcd","E2:1F:7B:35:CC:08","100","2","0.3324468085106383","11","154","2022-06-01T08:56:00.000Z","1654073760",
"2551","22b77d7829c68dcd","E2:1F:7B:35:CC:08","100","6","0.35511363636363635","12","154","2022-06-01T08:57:00.000Z","1654073820",
"2551","22b77d7829c68dcd","E2:1F:7B:35:CC:08","83.11688311688312","8","0.45955882352941174","1","154","2022-06-01T08:58:00.000Z","1654073880",
"2551","22b77d7829c68dcd","E2:1F:7B:35:CC:08","76.62337662337663","3","0.44642857142857145","4","154","2022-06-01T08:59:00.000Z","1654073940",
"2551","22b77d7829c68dcd","E2:1F:7B:35:CC:08","75.32467532467533","5","0.3633720930232558","2","154","2022-06-01T09:00:00.000Z","1654074000",
"2551","22b77d7829c68dcd","E2:1F:7B:35:CC:08","68.83116883116882","7","0.4340277777777778","0","154","2022-06-01T09:01:00.000Z","1654074060",
"2551","22b77d7829c68dcd","E2:1F:7B:35:CC:08","58.44155844155844","4","0.48828125","0","154","2022-06-01T09:02:00.000Z","1654074120",
"2551","22b77d7829c68dcd","E2:1F:7B:35:CC:08","54.54545454545455","4","0.44642857142857145","1","154","2022-06-01T09:03:00.000Z","1654074180",
"2551","22b77d7829c68dcd","E2:1F:7B:35:CC:08","50.64935064935065","5","0.40064102564102566","4","154","2022-06-01T09:04:00.000Z","1654074240",
"2551","22b77d7829c68dcd","E2:1F:7B:35:CC:08","53.246753246753244","3","0.37202380952380953","11","154","2022-06-01T09:05:00.000Z","1654074300",
"2551","22b77d7829c68dcd","E2:1F:7B:35:CC:08","57.142857142857146","2","0.37202380952380953","8","154","2022-06-01T09:06:00.000Z","1654074360",
"2551","22b77d7829c68dcd","E2:1F:7B:35:CC:08","59.74025974025974","4","0.33967391304347827","5","154","2022-06-01T09:07:00.000Z","1654074420",
"2551","22b77d7829c68dcd","E2:1F:7B:35:CC:08","92.20779220779221","10","0.44642857142857145","8","154","2022-06-01T09:08:00.000Z","1654074480",
"2551","22b77d7829c68dcd","E2:1F:7B:35:CC:08","94.8051948051948","9","0.175561797752809","4","154","2022-06-01T09:09:00.000Z","1654074540",
"2551","22b77d7829c68dcd","E2:1F:7B:35:CC:08","100","2","0.27901785714285715","9","154","2022-06-01T09:10:00.000Z","1654074600",
"2551","22b77d7829c68dcd","E2:1F:7B:35:CC:08","100","3","0.3004807692307692","14","154","2022-06-01T09:11:00.000Z","1654074660",
"2551","22b77d7829c68dcd","E2:1F:7B:35:CC:08","100","10","0.14204545454545456","16","154","2022-06-01T09:12:00.000Z","1654074720",
"2551","22b77d7829c68dcd","E2:1F:7B:35:CC:08","100","6","0.22321428571428573","7","154","2022-06-01T09:13:00.000Z","1654074780",
"2551","22b77d7829c68dcd","E2:1F:7B:35:CC:08","100","4","0.0785175879396985","4","154","2022-06-01T09:14:00.000Z","1654074840",
"2551","22b77d7829c68dcd","E2:1F:7B:35:CC:08","100","6","0.13130252100840337","0","154","2022-06-01T09:15:00.000Z","1654074900",
"2551","22b77d7829c68dcd","E2:1F:7B:35:CC:08","100","0","0.21404109589041095","8","154","2022-06-01T09:16:00.000Z","1654074960",
"2551","22b77d7829c68dcd","E2:1F:7B:35:CC:08","100","11","0.3472222222222222","7","154","2022-06-01T09:17:00.000Z","1654075020",
"2551","22b77d7829c68dcd","E2:1F:7B:35:CC:08","100","6","0.3633720930232558","2","154","2022-06-01T09:18:00.000Z","1654075080",
"2551","22b77d7829c68dcd","E2:1F:7B:35:CC:08","100","7","0.26939655172413796","0","154","2022-06-01T09:19:00.000Z","1654075140",
"2551","22b77d7829c68dcd","E2:1F:7B:35:CC:08","100","9","0.1736111111111111","16","154","2022-06-01T09:20:00.000Z","1654075200",
"2551","22b77d7829c68dcd","E2:1F:7B:35:CC:08","100","22","0.1736111111111111","7","154","2022-06-01T09:21:00.000Z","1654075260",
"2551","22b77d7829c68dcd","E2:1F:7B:35:CC:08","100","7","0.1953125","7","154","2022-06-01T09:23:00.000Z","1654075380",
"2551","22b77d7829c68dcd","E2:1F:7B:35:CC:08","100","11","0.22321428571428573","4","154","2022-06-01T09:24:00.000Z","1654075440",
"2551","22b77d7829c68dcd","E2:1F:7B:35:CC:08","81.81818181818181","10","0.25614754098360654","7","154","2022-06-01T09:25:00.000Z","1654075500",
"2551","22b77d7829c68dcd","E2:1F:7B:35:CC:08","92.20779220779221","2","0.1220703125","11","154","2022-06-01T09:26:00.000Z","1654075560",
"2551","22b77d7829c68dcd","E2:1F:7B:35:CC:08","94.8051948051948","9","0.22321428571428573","29","154","2022-06-01T09:29:00.000Z","1654075740",
"2551","22b77d7829c68dcd","E2:1F:7B:35:CC:08","100","8","0.44642857142857145","11","154","2022-06-01T09:30:00.000Z","1654075800",
"2551","22b77d7829c68dcd","E2:1F:7B:35:CC:08","100","5","0.35511363636363635","19","154","2022-06-01T09:31:00.000Z","1654075860",
"2551","22b77d7829c68dcd","E2:1F:7B:35:CC:08","92.20779220779221","6","0.25614754098360654","28","154","2022-06-01T09:32:00.000Z","1654075920",
"2551","22b77d7829c68dcd","E2:1F:7B:35:CC:08","71.42857142857143","1","0.15318627450980393","1","154","2022-06-01T09:33:00.000Z","1654075980",
"2551","22b77d7829c68dcd","E2:1F:7B:35:CC:08","68.83116883116882","0","0.10926573426573427","8","154","2022-06-01T09:34:00.000Z","1654076040",
"2551","22b77d7829c68dcd","E2:1F:7B:35:CC:08","75.32467532467533","13","0.3125","0","154","2022-06-01T09:35:00.000Z","1654076100",
"2551","22b77d7829c68dcd","E2:1F:7B:35:CC:08","58.44155844155844","2","0.23674242424242425","0","154","2022-06-01T09:36:00.000Z","1654076160",
"2551","22b77d7829c68dcd","E2:1F:7B:35:CC:08","57.142857142857146","0","0.09356287425149701","11","154","2022-06-01T09:37:00.000Z","1654076220",
"2551","22b77d7829c68dcd","E2:1F:7B:35:CC:08","76.12903225806451","4","0.0785175879396985","5","155","2022-06-01T10:08:00.000Z","1654078080",
"2551","22b77d7829c68dcd","E2:1F:7B:35:CC:08","80","8","0.06975446428571429","2","155","2022-06-01T10:34:00.000Z","1654079640",
"2551","22b77d7829c68dcd","E2:1F:7B:35:CC:08","89.03225806451613","3","0.10347682119205298","1","155","2022-06-01T10:35:00.000Z","1654079700",
"2551","22b77d7829c68dcd","E2:1F:7B:35:CC:08","100","4","0.18601190476190477","0","155","2022-06-01T10:38:00.000Z","1654079880",
"2551","22b77d7829c68dcd","E2:1F:7B:35:CC:08","100","6","0.0877808988764045","0","155","2022-06-01T10:39:00.000Z","1654079940",
"2551","22b77d7829c68dcd","E2:1F:7B:35:CC:08","100","6","0.17959770114942528","7","155","2022-06-01T10:41:00.000Z","1654080060",
"2551","22b77d7829c68dcd","E2:1F:7B:35:CC:08","100","3","0.2741228070175439","0","155","2022-06-01T10:42:00.000Z","1654080120",
"2551","22b77d7829c68dcd","E2:1F:7B:35:CC:08","67.09677419354838","3","0.3324468085106383","0","155","2022-06-01T10:43:00.000Z","1654080180",
"2551","22b77d7829c68dcd","E2:1F:7B:35:CC:08","43.87096774193548","2","0.20833333333333334","0","155","2022-06-01T10:44:00.000Z","1654080240",
"2551","22b77d7829c68dcd","E2:1F:7B:35:CC:08","73.54838709677419","6","0.33967391304347827","0","155","2022-06-01T10:45:00.000Z","1654080300",
"2551","22b77d7829c68dcd","E2:1F:7B:35:CC:08","43.87096774193548","0","0.38109756097560976","0","155","2022-06-01T10:46:00.000Z","1654080360",
"2551","22b77d7829c68dcd","E2:1F:7B:35:CC:08","43.87096774193548","3","0.16801075268817203","1","155","2022-06-01T10:47:00.000Z","1654080420",
"2551","22b77d7829c68dcd","E2:1F:7B:35:CC:08","69.6774193548387","13","0.15943877551020408","2","155","2022-06-01T10:48:00.000Z","1654080480",
"2551","22b77d7829c68dcd","E2:1F:7B:35:CC:08","67.09677419354838","4","0.15782828282828282","5","155","2022-06-01T10:49:00.000Z","1654080540",
"2551","22b77d7829c68dcd","E2:1F:7B:35:CC:08","56.774193548387096","6","0.11927480916030535","7","155","2022-06-01T10:50:00.000Z","1654080600",
"2551","22b77d7829c68dcd","E2:1F:7B:35:CC:08","54.193548387096776","0","0.13950892857142858","5","155","2022-06-01T10:51:00.000Z","1654080660",
"2551","22b77d7829c68dcd","E2:1F:7B:35:CC:08","61.935483870967744","10","0.1166044776119403","4","155","2022-06-01T10:52:00.000Z","1654080720",
"2551","22b77d7829c68dcd","E2:1F:7B:35:CC:08","92.90322580645162","6","0.2741228070175439","2","155","2022-06-01T11:02:00.000Z","1654081320",
"2551","22b77d7829c68dcd","E2:1F:7B:35:CC:08","100","3","0.20292207792207792","1","155","2022-06-01T11:06:00.000Z","1654081560",
"2551","22b77d7829c68dcd","E2:1F:7B:35:CC:08","100","6","0.14204545454545456","0","155","2022-06-01T11:07:00.000Z","1654081620",
"2551","22b77d7829c68dcd","E2:1F:7B:35:CC:08","100","2","0.14076576576576577","1","155","2022-06-01T11:08:00.000Z","1654081680",
"2551","22b77d7829c68dcd","E2:1F:7B:35:CC:08","100","4","0.14204545454545456","1","155","2022-06-01T11:09:00.000Z","1654081740",
"2551","22b77d7829c68dcd","E2:1F:7B:35:CC:08","100","4","0.11241007194244604","1","155","2022-06-01T11:10:00.000Z","1654081800",
"2551","22b77d7829c68dcd","E2:1F:7B:35:CC:08","100","4","0.11927480916030535","0","155","2022-06-01T11:11:00.000Z","1654081860",
"2551","22b77d7829c68dcd","E2:1F:7B:35:CC:08","100","3","0.13241525423728814","0","155","2022-06-01T11:12:00.000Z","1654081920",
"2551","22b77d7829c68dcd","E2:1F:7B:35:CC:08","100","7","0.10702054794520548","1","155","2022-06-01T11:13:00.000Z","1654081980",
"2551","22b77d7829c68dcd","E2:1F:7B:35:CC:08","100","8","0.12703252032520326","0","155","2022-06-01T11:14:00.000Z","1654082040",
"2551","22b77d7829c68dcd","E2:1F:7B:35:CC:08","100","0","0.2332089552238806","5","155","2022-06-01T11:15:00.000Z","1654082100",
"2551","22b77d7829c68dcd","E2:1F:7B:35:CC:08","100","0","0.11574074074074074","7","155","2022-06-01T11:16:00.000Z","1654082160",
"2551","22b77d7829c68dcd","E2:1F:7B:35:CC:08","100","3","0.08445945945945946","0","155","2022-06-01T11:24:00.000Z","1654082640",
"2551","22b77d7829c68dcd","E2:1F:7B:35:CC:08","100","7","0.25614754098360654","0","155","2022-06-01T11:30:00.000Z","1654083000",
"2551","22b77d7829c68dcd","E2:1F:7B:35:CC:08","96.7741935483871","2","0.21114864864864866","0","155","2022-06-01T11:31:00.000Z","1654083060",
"2551","22b77d7829c68dcd","E2:1F:7B:35:CC:08","96.7741935483871","4","0.09191176470588236","1","155","2022-06-01T11:40:00.000Z","1654083600",
"2551","22b77d7829c68dcd","E2:1F:7B:35:CC:08","95.48387096774194","7","0.11322463768115942","0","155","2022-06-01T11:41:00.000Z","1654083660",
"2551","22b77d7829c68dcd","E2:1F:7B:35:CC:08","100","1","0.062250996015936255","4","155","2022-06-01T11:42:00.000Z","1654083720",
"2551","22b77d7829c68dcd","E2:1F:7B:35:CC:08","100","5","0.13950892857142858","1","155","2022-06-01T11:45:00.000Z","1654083900",
"2551","22b77d7829c68dcd","E2:1F:7B:35:CC:08","100","5","0.08138020833333333","1","155","2022-06-01T11:49:00.000Z","1654084140",
"2551","22b77d7829c68dcd","E2:1F:7B:35:CC:08","100","3","0.13706140350877194","0","155","2022-06-01T11:51:00.000Z","1654084260",
"2551","22b77d7829c68dcd","E2:1F:7B:35:CC:08","100","7","0.10212418300653595","2","155","2022-06-01T11:52:00.000Z","1654084320",
"2551","22b77d7829c68dcd","E2:1F:7B:35:CC:08","100","7","0.10416666666666667","0","155","2022-06-01T11:53:00.000Z","1654084380",
"2551","22b77d7829c68dcd","E2:1F:7B:35:CC:08","100","9","0.12913223140495866","0","155","2022-06-01T11:54:00.000Z","1654084440",
"2551","22b77d7829c68dcd","E2:1F:7B:35:CC:08","100","5","0.12303149606299213","1","155","2022-06-01T11:55:00.000Z","1654084500",
"2551","22b77d7829c68dcd","E2:1F:7B:35:CC:08","92.90322580645162","4","0.13469827586206898","0","155","2022-06-01T11:56:00.000Z","1654084560",
"2551","22b77d7829c68dcd","E2:1F:7B:35:CC:08","90.3225806451613","8","0.13950892857142858","0","155","2022-06-01T11:57:00.000Z","1654084620",
"2551","22b77d7829c68dcd","E2:1F:7B:35:CC:08","99.35483870967742","4","0.16108247422680413","0","155","2022-06-01T11:58:00.000Z","1654084680",
"2551","22b77d7829c68dcd","E2:1F:7B:35:CC:08","91.61290322580645","8","0.13827433628318583","0","155","2022-06-01T11:59:00.000Z","1654084740",
"2551","22b77d7829c68dcd","E2:1F:7B:35:CC:08","82.58064516129032","1","0.14467592592592593","0","155","2022-06-01T12:00:00.000Z","1654084800",
"2551","22b77d7829c68dcd","E2:1F:7B:35:CC:08","73.54838709677419","8","0.12807377049180327","0","155","2022-06-01T12:01:00.000Z","1654084860",
"2551","22b77d7829c68dcd","E2:1F:7B:35:CC:08","70.96774193548387","8","0.10850694444444445","0","155","2022-06-01T12:02:00.000Z","1654084920",
"2551","22b77d7829c68dcd","E2:1F:7B:35:CC:08","78.70967741935483","4","0.10347682119205298","1","155","2022-06-01T12:03:00.000Z","1654084980",
"2551","22b77d7829c68dcd","E2:1F:7B:35:CC:08","95.48387096774194","9","0.0946969696969697","4","155","2022-06-01T12:04:00.000Z","1654085040",
"2551","22b77d7829c68dcd","E2:1F:7B:35:CC:08","94.19354838709677","5","0.1174812030075188","1","155","2022-06-01T12:05:00.000Z","1654085100",
"2551","22b77d7829c68dcd","E2:1F:7B:35:CC:08","81.29032258064517","5","0.08979885057471264","1","155","2022-06-01T12:10:00.000Z","1654085400",
"2551","22b77d7829c68dcd","E2:1F:7B:35:CC:08","70.96774193548387","6","0.08223684210526316","0","155","2022-06-01T12:11:00.000Z","1654085460",
"2551","22b77d7829c68dcd","E2:1F:7B:35:CC:08","68.38709677419355","0","0.07584951456310679","2","155","2022-06-01T12:12:00.000Z","1654085520",
"2551","22b77d7829c68dcd","E2:1F:7B:35:CC:08","58.064516129032256","6","0.10486577181208054","0","155","2022-06-01T12:14:00.000Z","1654085640",
"2551","22b77d7829c68dcd","E2:1F:7B:35:CC:08","64.51612903225806","6","0.11160714285714286","0","155","2022-06-01T12:15:00.000Z","1654085700",
"2551","22b77d7829c68dcd","E2:1F:7B:35:CC:08","81.29032258064517","6","0.10629251700680271","0","155","2022-06-01T12:16:00.000Z","1654085760",
"2551","22b77d7829c68dcd","E2:1F:7B:35:CC:08","87.74193548387096","5","0.125","0","155","2022-06-01T12:17:00.000Z","1654085820",
"2551","22b77d7829c68dcd","E2:1F:7B:35:CC:08","78.70967741935483","6","0.12703252032520326","1","155","2022-06-01T12:18:00.000Z","1654085880",
"2551","22b77d7829c68dcd","E2:1F:7B:35:CC:08","100","3","0.07134703196347032","0","155","2022-06-01T12:19:00.000Z","1654085940",
"2551","22b77d7829c68dcd","E2:1F:7B:35:CC:08","100","8","0.08632596685082873","0","155","2022-06-01T12:54:00.000Z","1654088040",
"2551","22b77d7829c68dcd","E2:1F:7B:35:CC:08","83.87096774193549","7","0.07476076555023924","1","155","2022-06-01T12:55:00.000Z","1654088100",
"2551","22b77d7829c68dcd","E2:1F:7B:35:CC:08","100","7","0.1174812030075188","0","155","2022-06-01T12:56:00.000Z","1654088160",
"2551","22b77d7829c68dcd","E2:1F:7B:35:CC:08","100","12","0.1220703125","0","155","2022-06-01T12:57:00.000Z","1654088220",
"2551","22b77d7829c68dcd","E2:1F:7B:35:CC:08","100","7","0.16447368421052633","0","155","2022-06-01T13:01:00.000Z","1654088460",
"2551","22b77d7829c68dcd","E2:1F:7B:35:CC:08","100","10","0.19054878048780488","0","155","2022-06-01T13:02:00.000Z","1654088520",
"2551","22b77d7829c68dcd","E2:1F:7B:35:CC:08","100","0","1.5625","23","155","2022-06-01T13:12:00.000Z","1654089120",
"2551","22b77d7829c68dcd","E2:1F:7B:35:CC:08","100","0","0.30637254901960786","5","155","2022-06-01T13:13:00.000Z","1654089180",
"2551","22b77d7829c68dcd","E2:1F:7B:35:CC:08","100","0","0.31887755102040816","1","155","2022-06-01T13:14:00.000Z","1654089240",
"2551","22b77d7829c68dcd","E2:1F:7B:35:CC:08","86.45161290322581","8","0.11160714285714286","0","155","2022-06-01T13:25:00.000Z","1654089900",
"2551","22b77d7829c68dcd","E2:1F:7B:35:CC:08","83.87096774193549","5","0.0751201923076923","0","155","2022-06-01T13:33:00.000Z","1654090380",
"2551","22b77d7829c68dcd","E2:1F:7B:35:CC:08","100","10","0.07370283018867925","1","155","2022-06-01T13:34:00.000Z","1654090440",
"2551","22b77d7829c68dcd","E2:1F:7B:35:CC:08","100","7","0.07006726457399103","1","155","2022-06-01T13:35:00.000Z","1654090500",
"2551","22b77d7829c68dcd","E2:1F:7B:35:CC:08","100","5","0.08491847826086957","0","155","2022-06-01T13:37:00.000Z","1654090620",
"2551","22b77d7829c68dcd","E2:1F:7B:35:CC:08","96.7741935483871","11","0.1717032967032967","0","155","2022-06-01T14:55:00.000Z","1654095300",
"2551","22b77d7829c68dcd","E2:1F:7B:35:CC:08","90.3225806451613","3","0.1358695652173913","0","155","2022-06-01T14:58:00.000Z","1654095480",
"2551","22b77d7829c68dcd","E2:1F:7B:35:CC:08","49.03225806451613","0","0.07301401869158879","0","155","2022-06-01T16:19:00.000Z","1654100340",
"2551","22b77d7829c68dcd","E2:1F:7B:35:CC:08","38.70967741935484","2","0.08054123711340207","0","155","2022-06-01T16:24:00.000Z","1654100640",
"2551","22b77d7829c68dcd","E2:1F:7B:35:CC:08","38.70967741935484","3","0.06764069264069264","0","155","2022-06-01T16:25:00.000Z","1654100700",
"2551","22b77d7829c68dcd","E2:1F:7B:35:CC:08","60.645161290322584","7","0.08054123711340207","0","155","2022-06-01T16:26:00.000Z","1654100760",
"2551","22b77d7829c68dcd","E2:1F:7B:35:CC:08","41.29032258064516","0","0.06913716814159292","0","155","2022-06-01T16:27:00.000Z","1654100820",
"2551","22b77d7829c68dcd","E2:1F:7B:35:CC:08","54.193548387096776","6","0.07070135746606335","0","155","2022-06-01T16:36:00.000Z","1654101360",
"2551","22b77d7829c68dcd","E2:1F:7B:35:CC:08","32.25806451612903","2","0.07548309178743962","0","155","2022-06-01T16:39:00.000Z","1654101540",
"2551","22b77d7829c68dcd","E2:1F:7B:35:CC:08","47.74193548387097","7","0.0769704433497537","0","155","2022-06-01T18:28:00.000Z","1654108080",
"2551","22b77d7829c68dcd","E2:1F:7B:35:CC:08","40","6","0.08632596685082873","0","155","2022-06-01T18:29:00.000Z","1654108140",
"2551","22b77d7829c68dcd","E2:1F:7B:35:CC:08","28.387096774193548","0","0.08979885057471264","1","155","2022-06-01T18:30:00.000Z","1654108200",
"2551","22b77d7829c68dcd","E2:1F:7B:35:CC:08","24.516129032258064","4","0.0877808988764045","0","155","2022-06-01T18:31:00.000Z","1654108260",
"2551","22b77d7829c68dcd","E2:1F:7B:35:CC:08","25.806451612903224","0","0.09585889570552147","0","155","2022-06-01T18:32:00.000Z","1654108320",
"2551","22b77d7829c68dcd","E2:1F:7B:35:CC:08","16.774193548387096","0","0.09952229299363058","0","155","2022-06-01T18:33:00.000Z","1654108380",
"2551","22b77d7829c68dcd","E2:1F:7B:35:CC:08","19.35483870967742","2","0.10080645161290322","0","155","2022-06-01T18:34:00.000Z","1654108440",
"2551","22b77d7829c68dcd","E2:1F:7B:35:CC:08","16.774193548387096","0","0.0946969696969697","0","155","2022-06-01T18:35:00.000Z","1654108500",
"2551","22b77d7829c68dcd","E2:1F:7B:35:CC:08","29.677419354838708","3","0.09765625","4","155","2022-06-01T18:36:00.000Z","1654108560",
"2551","22b77d7829c68dcd","E2:1F:7B:35:CC:08","23.225806451612904","0","0.10080645161290322","0","155","2022-06-01T18:37:00.000Z","1654108620",
"2551","22b77d7829c68dcd","E2:1F:7B:35:CC:08","28.387096774193548","1","0.09827044025157233","0","155","2022-06-01T18:38:00.000Z","1654108680",
"2551","22b77d7829c68dcd","E2:1F:7B:35:CC:08","24.516129032258064","0","0.10416666666666667","0","155","2022-06-01T18:39:00.000Z","1654108740",
"2551","22b77d7829c68dcd","E2:1F:7B:35:CC:08","20.64516129032258","0","0.09031791907514451","0","155","2022-06-01T18:40:00.000Z","1654108800",
"2551","22b77d7829c68dcd","E2:1F:7B:35:CC:08","33.54838709677419","3","0.10557432432432433","0","155","2022-06-01T18:41:00.000Z","1654108860",
"2551","22b77d7829c68dcd","E2:1F:7B:35:CC:08","21.93548387096774","0","0.11322463768115942","0","155","2022-06-01T18:42:00.000Z","1654108920",
"2551","22b77d7829c68dcd","E2:1F:7B:35:CC:08","29.677419354838708","5","0.09765625","0","155","2022-06-01T18:47:00.000Z","1654109220",
"2551","22b77d7829c68dcd","E2:1F:7B:35:CC:08","20.64516129032258","0","0.08680555555555555","0","155","2022-06-01T18:48:00.000Z","1654109280",
"2551","22b77d7829c68dcd","E2:1F:7B:35:CC:08","33.54838709677419","11","0.10926573426573427","0","155","2022-06-01T18:49:00.000Z","1654109340",
"2551","22b77d7829c68dcd","E2:1F:7B:35:CC:08","30.967741935483872","1","0.11837121212121213","0","155","2022-06-01T18:50:00.000Z","1654109400",
"2551","22b77d7829c68dcd","E2:1F:7B:35:CC:08","21.93548387096774","0","0.12303149606299213","0","155","2022-06-01T18:51:00.000Z","1654109460",
"2551","22b77d7829c68dcd","E2:1F:7B:35:CC:08","32.25806451612903","2","0.1166044776119403","0","155","2022-06-01T18:52:00.000Z","1654109520",
"2551","22b77d7829c68dcd","E2:1F:7B:35:CC:08","32.25806451612903","0","0.12807377049180327","0","155","2022-06-01T18:53:00.000Z","1654109580",
"2551","22b77d7829c68dcd","E2:1F:7B:35:CC:08","21.93548387096774","0","0.13469827586206898","0","155","2022-06-01T18:54:00.000Z","1654109640",
"2551","22b77d7829c68dcd","E2:1F:7B:35:CC:08","12.903225806451612","0","0.13706140350877194","0","155","2022-06-01T18:55:00.000Z","1654109700",
"2551","22b77d7829c68dcd","E2:1F:7B:35:CC:08","18.06451612903226","4","0.12703252032520326","0","155","2022-06-01T18:56:00.000Z","1654109760",
"2551","22b77d7829c68dcd","E2:1F:7B:35:CC:08","25.806451612903224","0","0.14076576576576577","0","155","2022-06-01T18:57:00.000Z","1654109820",
"2551","22b77d7829c68dcd","E2:1F:7B:35:CC:08","18.06451612903226","0","0.14602803738317757","0","155","2022-06-01T18:58:00.000Z","1654109880",
"2551","22b77d7829c68dcd","E2:1F:7B:35:CC:08","12.903225806451612","0","0.1474056603773585","0","155","2022-06-01T18:59:00.000Z","1654109940",
"2551","22b77d7829c68dcd","E2:1F:7B:35:CC:08","24.516129032258064","2","0.14204545454545456","0","155","2022-06-01T19:00:00.000Z","1654110000",
"2551","22b77d7829c68dcd","E2:1F:7B:35:CC:08","19.35483870967742","0","0.07584951456310679","0","155","2022-06-01T19:01:00.000Z","1654110060",
"2551","22b77d7829c68dcd","E2:1F:7B:35:CC:08","38.70967741935484","9","0.09356287425149701","1","155","2022-06-01T19:02:00.000Z","1654110120",
"2551","22b77d7829c68dcd","E2:1F:7B:35:CC:08","58.064516129032256","7","0.11322463768115942","1","155","2022-06-01T19:03:00.000Z","1654110180",
"2551","22b77d7829c68dcd","E2:1F:7B:35:CC:08","50.32258064516129","4","0.07773631840796019","4","155","2022-06-01T19:56:00.000Z","1654113360",
"2551","22b77d7829c68dcd","E2:1F:7B:35:CC:08","50.32258064516129","0","0.10212418300653595","4","155","2022-06-01T19:57:00.000Z","1654113420",
"2551","22b77d7829c68dcd","E2:1F:7B:35:CC:08","50.32258064516129","0","0.09245562130177515","18","155","2022-06-01T19:58:00.000Z","1654113480",
"2551","22b77d7829c68dcd","E2:1F:7B:35:CC:08","54.193548387096776","2","0.10629251700680271","25","155","2022-06-01T20:00:00.000Z","1654113600",
"2551","22b77d7829c68dcd","E2:1F:7B:35:CC:08","68.38709677419355","9","0.13130252100840337","11","155","2022-06-01T20:01:00.000Z","1654113660",
"2551","22b77d7829c68dcd","E2:1F:7B:35:CC:08","70.96774193548387","5","0.125","21","155","2022-06-01T20:02:00.000Z","1654113720",
"2551","22b77d7829c68dcd","E2:1F:7B:35:CC:08","61.935483870967744","6","0.12913223140495866","19","155","2022-06-01T20:03:00.000Z","1654113780",
"2551","22b77d7829c68dcd","E2:1F:7B:35:CC:08","50.32258064516129","7","0.08223684210526316","30","155","2022-06-01T20:04:00.000Z","1654113840",
"2551","22b77d7829c68dcd","E2:1F:7B:35:CC:08","51.61290322580645","10","0.10416666666666667","1","155","2022-06-01T20:05:00.000Z","1654113900",
"2551","22b77d7829c68dcd","E2:1F:7B:35:CC:08","67.09677419354838","10","0.15625","25","155","2022-06-01T20:06:00.000Z","1654113960",
"2551","22b77d7829c68dcd","E2:1F:7B:35:CC:08","68.38709677419355","9","0.14602803738317757","22","155","2022-06-01T20:07:00.000Z","1654114020",
"2551","22b77d7829c68dcd","E2:1F:7B:35:CC:08","55.483870967741936","8","0.18382352941176472","18","155","2022-06-01T20:08:00.000Z","1654114080",
"2551","22b77d7829c68dcd","E2:1F:7B:35:CC:08","50.32258064516129","6","0.15782828282828282","14","155","2022-06-01T20:09:00.000Z","1654114140",
"2551","22b77d7829c68dcd","E2:1F:7B:35:CC:08","59.354838709677416","5","0.07971938775510204","9","155","2022-06-01T20:10:00.000Z","1654114200",
"2551","22b77d7829c68dcd","E2:1F:7B:35:CC:08","74.83870967741936","12","0.08928571428571429","7","155","2022-06-01T20:11:00.000Z","1654114260",
"2551","22b77d7829c68dcd","E2:1F:7B:35:CC:08","83.87096774193549","10","0.13354700854700854","32","155","2022-06-01T20:12:00.000Z","1654114320",
"2551","22b77d7829c68dcd","E2:1F:7B:35:CC:08","87.74193548387096","7","0.12807377049180327","7","155","2022-06-01T20:13:00.000Z","1654114380",
"2551","22b77d7829c68dcd","E2:1F:7B:35:CC:08","90.3225806451613","10","0.15169902912621358","23","155","2022-06-01T20:14:00.000Z","1654114440",
"2551","22b77d7829c68dcd","E2:1F:7B:35:CC:08","74.83870967741936","12","0.1717032967032967","19","155","2022-06-01T20:15:00.000Z","1654114500",
"2551","22b77d7829c68dcd","E2:1F:7B:35:CC:08","64.51612903225806","4","0.18382352941176472","33","155","2022-06-01T20:16:00.000Z","1654114560",
"2551","22b77d7829c68dcd","E2:1F:7B:35:CC:08","51.61290322580645","3","0.18601190476190477","28","155","2022-06-01T20:17:00.000Z","1654114620",
"2551","22b77d7829c68dcd","E2:1F:7B:35:CC:08","52.903225806451616","5","0.1736111111111111","16","155","2022-06-01T20:18:00.000Z","1654114680",
"2551","22b77d7829c68dcd","E2:1F:7B:35:CC:08","54.193548387096776","10","0.16801075268817203","14","155","2022-06-01T20:19:00.000Z","1654114740",
"2551","22b77d7829c68dcd","E2:1F:7B:35:CC:08","59.354838709677416","10","0.11927480916030535","5","155","2022-06-01T20:20:00.000Z","1654114800",
"2551","22b77d7829c68dcd","E2:1F:7B:35:CC:08","86.45161290322581","4","0.09645061728395062","0","155","2022-06-01T20:21:00.000Z","1654114860",
"2551","22b77d7829c68dcd","E2:1F:7B:35:CC:08","87.74193548387096","8","0.5787037037037037","14","155","2022-06-01T20:22:00.000Z","1654114920",
"2551","22b77d7829c68dcd","E2:1F:7B:35:CC:08","86.45161290322581","10","0.13469827586206898","18","155","2022-06-01T20:23:00.000Z","1654114980",
"2551","22b77d7829c68dcd","E2:1F:7B:35:CC:08","85.16129032258064","7","0.143348623853211","0","155","2022-06-01T20:26:00.000Z","1654115160",
"2551","22b77d7829c68dcd","E2:1F:7B:35:CC:08","77.41935483870968","1","0.10416666666666667","0","155","2022-06-01T20:27:00.000Z","1654115220",
"2551","22b77d7829c68dcd","E2:1F:7B:35:CC:08","76.12903225806451","8","0.11488970588235294","16","155","2022-06-01T20:28:00.000Z","1654115280",
"2551","22b77d7829c68dcd","E2:1F:7B:35:CC:08","76.12903225806451","0","0.1166044776119403","43","155","2022-06-01T20:29:00.000Z","1654115340",
"2551","22b77d7829c68dcd","E2:1F:7B:35:CC:08","78.70967741935483","0","0.11837121212121213","7","155","2022-06-01T20:31:00.000Z","1654115460",
"2551","22b77d7829c68dcd","E2:1F:7B:35:CC:08","100","8","0.09704968944099379","1","155","2022-06-01T20:36:00.000Z","1654115760",
"2551","22b77d7829c68dcd","E2:1F:7B:35:CC:08","100","0","0.0653765690376569","30","155","2022-06-01T20:38:00.000Z","1654115880",
"2551","22b77d7829c68dcd","E2:1F:7B:35:CC:08","92.90322580645162","7","0.143348623853211","11","155","2022-06-01T20:41:00.000Z","1654116060",
"2551","22b77d7829c68dcd","E2:1F:7B:35:CC:08","69.6774193548387","7","0.1358695652173913","1","155","2022-06-01T20:42:00.000Z","1654116120",
"2551","22b77d7829c68dcd","E2:1F:7B:35:CC:08","58.064516129032256","6","0.09031791907514451","16","155","2022-06-01T20:43:00.000Z","1654116180",
"2551","22b77d7829c68dcd","E2:1F:7B:35:CC:08","64.51612903225806","8","0.11003521126760564","2","155","2022-06-01T20:44:00.000Z","1654116240",
"2551","22b77d7829c68dcd","E2:1F:7B:35:CC:08","46.45161290322581","1","0.11241007194244604","0","155","2022-06-01T20:45:00.000Z","1654116300",
"2551","22b77d7829c68dcd","E2:1F:7B:35:CC:08","56.774193548387096","6","0.13130252100840337","0","155","2022-06-01T20:46:00.000Z","1654116360",
"2551","22b77d7829c68dcd","E2:1F:7B:35:CC:08","70.96774193548387","8","0.15318627450980393","0","155","2022-06-01T20:47:00.000Z","1654116420",
"2551","22b77d7829c68dcd","E2:1F:7B:35:CC:08","68.38709677419355","7","0.10347682119205298","0","155","2022-06-01T20:48:00.000Z","1654116480",
"2551","22b77d7829c68dcd","E2:1F:7B:35:CC:08","60.645161290322584","3","0.14602803738317757","2","155","2022-06-01T20:49:00.000Z","1654116540",
"2551","22b77d7829c68dcd","E2:1F:7B:35:CC:08","55.483870967741936","7","0.20292207792207792","2","155","2022-06-01T20:50:00.000Z","1654116600",
"2551","22b77d7829c68dcd","E2:1F:7B:35:CC:08","40","0","0.19054878048780488","4","155","2022-06-01T20:51:00.000Z","1654116660",
"2551","22b77d7829c68dcd","E2:1F:7B:35:CC:08","23.225806451612904","0","0.20559210526315788","0","155","2022-06-01T20:52:00.000Z","1654116720",
"2551","22b77d7829c68dcd","E2:1F:7B:35:CC:08","24.516129032258064","0","0.22007042253521128","0","155","2022-06-01T20:53:00.000Z","1654116780",
"2551","22b77d7829c68dcd","E2:1F:7B:35:CC:08","32.25806451612903","1","0.15782828282828282","1","155","2022-06-01T20:54:00.000Z","1654116840",
"2551","22b77d7829c68dcd","E2:1F:7B:35:CC:08","73.54838709677419","3","0.15782828282828282","0","155","2022-06-01T20:55:00.000Z","1654116900",
"2551","22b77d7829c68dcd","E2:1F:7B:35:CC:08","38.70967741935484","0","0.15318627450980393","0","155","2022-06-01T20:56:00.000Z","1654116960",
"2551","22b77d7829c68dcd","E2:1F:7B:35:CC:08","36.12903225806452","2","0.18825301204819278","7","155","2022-06-01T20:57:00.000Z","1654117020",
"2551","22b77d7829c68dcd","E2:1F:7B:35:CC:08","60.645161290322584","5","0.16447368421052633","7","155","2022-06-01T20:58:00.000Z","1654117080",
"2551","22b77d7829c68dcd","E2:1F:7B:35:CC:08","63.225806451612904","0","0.19778481012658228","30","155","2022-06-01T20:59:00.000Z","1654117140",
"2551","22b77d7829c68dcd","E2:1F:7B:35:CC:08","63.225806451612904","0","0.17755681818181818","21","155","2022-06-01T21:00:00.000Z","1654117200",
"2551","22b77d7829c68dcd","E2:1F:7B:35:CC:08","60.645161290322584","5","0.12600806451612903","16","155","2022-06-01T21:01:00.000Z","1654117260",
"2551","22b77d7829c68dcd","E2:1F:7B:35:CC:08","59.354838709677416","0","0.18382352941176472","14","155","2022-06-01T21:02:00.000Z","1654117320",
"2551","22b77d7829c68dcd","E2:1F:7B:35:CC:08","64.51612903225806","15","0.13130252100840337","0","155","2022-06-01T21:10:00.000Z","1654117800",
"2551","22b77d7829c68dcd","E2:1F:7B:35:CC:08","76.12903225806451","5","0.12913223140495866","1","155","2022-06-01T21:11:00.000Z","1654117860",
"2551","22b77d7829c68dcd","E2:1F:7B:35:CC:08","63.225806451612904","5","0.143348623853211","2","155","2022-06-01T21:12:00.000Z","1654117920",
"2551","22b77d7829c68dcd","E2:1F:7B:35:CC:08","41.29032258064516","3","0.15943877551020408","0","155","2022-06-01T21:13:00.000Z","1654117980",
"2551","22b77d7829c68dcd","E2:1F:7B:35:CC:08","40","8","0.062250996015936255","21","155","2022-06-01T21:14:00.000Z","1654118040",
"2551","22b77d7829c68dcd","E2:1F:7B:35:CC:08","58.064516129032256","8","0.06975446428571429","1","155","2022-06-01T21:18:00.000Z","1654118280",
"2551","22b77d7829c68dcd","E2:1F:7B:35:CC:08","100","3","0.1474056603773585","8","155","2022-06-01T21:19:00.000Z","1654118340",
"2551","22b77d7829c68dcd","E2:1F:7B:35:CC:08","100","7","0.16622340425531915","0","155","2022-06-01T21:24:00.000Z","1654118640",
"2551","22b77d7829c68dcd","E2:1F:7B:35:CC:08","81.29032258064517","10","0.2170138888888889","0","155","2022-06-01T21:25:00.000Z","1654118700",
"2551","22b77d7829c68dcd","E2:1F:7B:35:CC:08","78.70967741935483","6","0.15782828282828282","0","155","2022-06-01T21:26:00.000Z","1654118760",
"2551","22b77d7829c68dcd","E2:1F:7B:35:CC:08","90.3225806451613","7","0.20032051282051283","7","155","2022-06-01T21:27:00.000Z","1654118820",
"2551","22b77d7829c68dcd","E2:1F:7B:35:CC:08","98.06451612903226","6","0.21404109589041095","15","155","2022-06-01T21:28:00.000Z","1654118880",
"2551","22b77d7829c68dcd","E2:1F:7B:35:CC:08","100","7","0.22644927536231885","26","155","2022-06-01T21:29:00.000Z","1654118940",
"2551","22b77d7829c68dcd","E2:1F:7B:35:CC:08","87.41721854304636","14","0.2403846153846154","0","151","2022-06-01T21:56:00.000Z","1654120560",
"2551","22b77d7829c68dcd","E2:1F:7B:35:CC:08","47.682119205298015","1","0.2648305084745763","0","151","2022-06-01T21:57:00.000Z","1654120620",
"2551","22b77d7829c68dcd","E2:1F:7B:35:CC:08","23.841059602649008","0","0.2840909090909091","0","151","2022-06-01T21:58:00.000Z","1654120680",
"2551","22b77d7829c68dcd","E2:1F:7B:35:CC:08","18.543046357615893","0","0.30637254901960786","0","151","2022-06-01T21:59:00.000Z","1654120740",
"2551","22b77d7829c68dcd","E2:1F:7B:35:CC:08","11.920529801324504","0","0.31887755102040816","0","151","2022-06-01T22:00:00.000Z","1654120800",
"2551","22b77d7829c68dcd","E2:1F:7B:35:CC:08","9.271523178807946","0","0.3324468085106383","0","151","2022-06-01T22:01:00.000Z","1654120860",
"2551","22b77d7829c68dcd","E2:1F:7B:35:CC:08","9.271523178807946","0","0.3472222222222222","0","151","2022-06-01T22:02:00.000Z","1654120920",
"2551","22b77d7829c68dcd","E2:1F:7B:35:CC:08","7.947019867549669","0","0.3633720930232558","0","151","2022-06-01T22:03:00.000Z","1654120980",
"2551","22b77d7829c68dcd","E2:1F:7B:35:CC:08","5.298013245033113","0","0.37202380952380953","0","151","2022-06-01T22:04:00.000Z","1654121040",
"2551","22b77d7829c68dcd","E2:1F:7B:35:CC:08","5.298013245033113","0","0.38109756097560976","0","151","2022-06-01T22:05:00.000Z","1654121100",
"2551","22b77d7829c68dcd","E2:1F:7B:35:CC:08","14.56953642384106","0","0.4222972972972973","0","151","2022-06-01T22:06:00.000Z","1654121160",
"2551","22b77d7829c68dcd","E2:1F:7B:35:CC:08","10.596026490066226","0","0.4340277777777778","0","151","2022-06-01T22:07:00.000Z","1654121220",
"2551","22b77d7829c68dcd","E2:1F:7B:35:CC:08","7.947019867549669","0","0.44642857142857145","0","151","2022-06-01T22:08:00.000Z","1654121280",
"2551","22b77d7829c68dcd","E2:1F:7B:35:CC:08","5.298013245033113","0","0.45955882352941174","0","151","2022-06-01T22:09:00.000Z","1654121340",
"2551","22b77d7829c68dcd","E2:1F:7B:35:CC:08","5.298013245033113","0","0.4734848484848485","0","151","2022-06-01T22:10:00.000Z","1654121400",
"2551","22b77d7829c68dcd","E2:1F:7B:35:CC:08","3.9735099337748343","0","0.48828125","0","151","2022-06-01T22:11:00.000Z","1654121460",
"2551","22b77d7829c68dcd","E2:1F:7B:35:CC:08","3.9735099337748343","0","0.5040322580645161","0","151","2022-06-01T22:12:00.000Z","1654121520",
"2551","22b77d7829c68dcd","E2:1F:7B:35:CC:08","3.9735099337748343","0","0.5040322580645161","0","151","2022-06-01T22:13:00.000Z","1654121580",
"2551","22b77d7829c68dcd","E2:1F:7B:35:CC:08","3.9735099337748343","0","0.5208333333333334","0","151","2022-06-01T22:14:00.000Z","1654121640",
"2551","22b77d7829c68dcd","E2:1F:7B:35:CC:08","3.9735099337748343","0","0.5208333333333334","0","151","2022-06-01T22:15:00.000Z","1654121700",
"2551","22b77d7829c68dcd","E2:1F:7B:35:CC:08","3.9735099337748343","0","0.5387931034482759","0","151","2022-06-01T22:16:00.000Z","1654121760",
"2551","22b77d7829c68dcd","E2:1F:7B:35:CC:08","3.9735099337748343","0","0.5580357142857143","0","151","2022-06-01T22:17:00.000Z","1654121820",
"2551","22b77d7829c68dcd","E2:1F:7B:35:CC:08","2.6490066225165565","0","0.5580357142857143","0","151","2022-06-01T22:18:00.000Z","1654121880",
"2551","22b77d7829c68dcd","E2:1F:7B:35:CC:08","2.6490066225165565","0","0.5787037037037037","0","151","2022-06-01T22:19:00.000Z","1654121940",
"2551","22b77d7829c68dcd","E2:1F:7B:35:CC:08","2.6490066225165565","0","0.5787037037037037","0","151","2022-06-01T22:20:00.000Z","1654122000",
"2551","22b77d7829c68dcd","E2:1F:7B:35:CC:08","2.6490066225165565","0","0.5787037037037037","0","151","2022-06-01T22:21:00.000Z","1654122060",
"2551","22b77d7829c68dcd","E2:1F:7B:35:CC:08","2.6490066225165565","0","0.6009615384615384","0","151","2022-06-01T22:22:00.000Z","1654122120",
"2551","22b77d7829c68dcd","E2:1F:7B:35:CC:08","2.6490066225165565","0","0.6009615384615384","0","151","2022-06-01T22:23:00.000Z","1654122180",
"2551","22b77d7829c68dcd","E2:1F:7B:35:CC:08","1.3245033112582782","0","0.625","0","151","2022-06-01T22:24:00.000Z","1654122240",
"2551","22b77d7829c68dcd","E2:1F:7B:35:CC:08","2.6490066225165565","0","0.625","0","151","2022-06-01T22:25:00.000Z","1654122300",
"2551","22b77d7829c68dcd","E2:1F:7B:35:CC:08","2.6490066225165565","0","0.625","0","151","2022-06-01T22:26:00.000Z","1654122360",
"2551","22b77d7829c68dcd","E2:1F:7B:35:CC:08","2.6490066225165565","0","0.625","0","151","2022-06-01T22:27:00.000Z","1654122420",
"2551","22b77d7829c68dcd","E2:1F:7B:35:CC:08","2.6490066225165565","0","0.6510416666666666","0","151","2022-06-01T22:28:00.000Z","1654122480",
"2551","22b77d7829c68dcd","E2:1F:7B:35:CC:08","2.6490066225165565","0","0.6510416666666666","0","151","2022-06-01T22:29:00.000Z","1654122540",
"2551","22b77d7829c68dcd","E2:1F:7B:35:CC:08","2.6490066225165565","0","0.6510416666666666","0","151","2022-06-01T22:30:00.000Z","1654122600",
"2551","22b77d7829c68dcd","E2:1F:7B:35:CC:08","2.6490066225165565","0","0.6510416666666666","0","151","2022-06-01T22:31:00.000Z","1654122660",
"2551","22b77d7829c68dcd","E2:1F:7B:35:CC:08","3.9735099337748343","0","0.6793478260869565","0","151","2022-06-01T22:32:00.000Z","1654122720",
"2551","22b77d7829c68dcd","E2:1F:7B:35:CC:08","3.9735099337748343","0","0.6793478260869565","0","151","2022-06-01T22:33:00.000Z","1654122780",
"2551","22b77d7829c68dcd","E2:1F:7B:35:CC:08","3.9735099337748343","0","0.6793478260869565","0","151","2022-06-01T22:34:00.000Z","1654122840",
"2551","22b77d7829c68dcd","E2:1F:7B:35:CC:08","33.11258278145695","5","0.8680555555555556","0","151","2022-06-01T22:35:00.000Z","1654122900",
"2551","22b77d7829c68dcd","E2:1F:7B:35:CC:08","62.25165562913907","11","0.9765625","0","151","2022-06-01T22:36:00.000Z","1654122960",
"2551","22b77d7829c68dcd","E2:1F:7B:35:CC:08","52.980132450331126","11","1.0416666666666667","0","151","2022-06-01T22:37:00.000Z","1654123020",
"2551","22b77d7829c68dcd","E2:1F:7B:35:CC:08","43.70860927152318","11","1.1160714285714286","0","151","2022-06-01T22:38:00.000Z","1654123080",
"2551","22b77d7829c68dcd","E2:1F:7B:35:CC:08","30.4635761589404","4","1.1160714285714286","0","151","2022-06-01T22:39:00.000Z","1654123140",
"2551","22b77d7829c68dcd","E2:1F:7B:35:CC:08","27.814569536423843","1","0.625","0","151","2022-06-01T22:40:00.000Z","1654123200",
"2551","22b77d7829c68dcd","E2:1F:7B:35:CC:08","39.735099337748345","1","0.48828125","0","151","2022-06-01T22:41:00.000Z","1654123260",
"2551","22b77d7829c68dcd","E2:1F:7B:35:CC:08","22.516556291390728","0","0.5040322580645161","0","151","2022-06-01T22:42:00.000Z","1654123320",
"2551","22b77d7829c68dcd","E2:1F:7B:35:CC:08","34.437086092715234","4","0.5787037037037037","0","151","2022-06-01T22:43:00.000Z","1654123380",
"2551","22b77d7829c68dcd","E2:1F:7B:35:CC:08","23.841059602649008","0","0.6009615384615384","0","151","2022-06-01T22:44:00.000Z","1654123440",
"2551","22b77d7829c68dcd","E2:1F:7B:35:CC:08","9.271523178807946","0","0.625","0","151","2022-06-01T22:45:00.000Z","1654123500",
"2551","22b77d7829c68dcd","E2:1F:7B:35:CC:08","3.9735099337748343","0","0.625","0","151","2022-06-01T22:46:00.000Z","1654123560",
"2551","22b77d7829c68dcd","E2:1F:7B:35:CC:08","3.9735099337748343","0","0.6510416666666666","0","151","2022-06-01T22:47:00.000Z","1654123620",
"2551","22b77d7829c68dcd","E2:1F:7B:35:CC:08","2.6490066225165565","0","0.6510416666666666","0","151","2022-06-01T22:48:00.000Z","1654123680",
"2551","22b77d7829c68dcd","E2:1F:7B:35:CC:08","3.9735099337748343","0","0.6510416666666666","0","151","2022-06-01T22:49:00.000Z","1654123740",
"2551","22b77d7829c68dcd","E2:1F:7B:35:CC:08","6.622516556291391","0","0.6510416666666666","0","151","2022-06-01T22:50:00.000Z","1654123800",
"2551","22b77d7829c68dcd","E2:1F:7B:35:CC:08","2.6490066225165565","0","0.6793478260869565","0","151","2022-06-01T22:51:00.000Z","1654123860",
"2551","22b77d7829c68dcd","E2:1F:7B:35:CC:08","2.6490066225165565","0","0.6793478260869565","0","151","2022-06-01T22:52:00.000Z","1654123920",
"2551","22b77d7829c68dcd","E2:1F:7B:35:CC:08","3.9735099337748343","0","0.6793478260869565","0","151","2022-06-01T22:53:00.000Z","1654123980",
"2551","22b77d7829c68dcd","E2:1F:7B:35:CC:08","3.9735099337748343","0","0.6793478260869565","0","151","2022-06-01T22:54:00.000Z","1654124040",
"2551","22b77d7829c68dcd","E2:1F:7B:35:CC:08","2.6490066225165565","0","0.7102272727272727","0","151","2022-06-01T22:55:00.000Z","1654124100",
"2551","22b77d7829c68dcd","E2:1F:7B:35:CC:08","2.6490066225165565","0","0.7102272727272727","0","151","2022-06-01T22:56:00.000Z","1654124160",
"2551","22b77d7829c68dcd","E2:1F:7B:35:CC:08","7.947019867549669","0","0.5787037037037037","0","151","2022-06-01T22:57:00.000Z","1654124220",
"2551","22b77d7829c68dcd","E2:1F:7B:35:CC:08","11.920529801324504","1","0.5787037037037037","0","151","2022-06-01T22:58:00.000Z","1654124280",
"2551","22b77d7829c68dcd","E2:1F:7B:35:CC:08","10.596026490066226","0","0.5787037037037037","0","151","2022-06-01T22:59:00.000Z","1654124340",
"2551","22b77d7829c68dcd","E2:1F:7B:35:CC:08","9.271523178807946","0","0.5580357142857143","0","151","2022-06-01T23:00:00.000Z","1654124400",
"2551","22b77d7829c68dcd","E2:1F:7B:35:CC:08","6.622516556291391","0","0.5580357142857143","0","151","2022-06-01T23:01:00.000Z","1654124460",
"2551","22b77d7829c68dcd","E2:1F:7B:35:CC:08","5.298013245033113","0","0.5580357142857143","0","151","2022-06-01T23:02:00.000Z","1654124520",
"2551","22b77d7829c68dcd","E2:1F:7B:35:CC:08","5.298013245033113","0","0.5580357142857143","0","151","2022-06-01T23:03:00.000Z","1654124580",
"2551","22b77d7829c68dcd","E2:1F:7B:35:CC:08","3.9735099337748343","0","0.5580357142857143","0","151","2022-06-01T23:04:00.000Z","1654124640",
"2551","22b77d7829c68dcd","E2:1F:7B:35:CC:08","3.9735099337748343","0","0.5387931034482759","0","151","2022-06-01T23:05:00.000Z","1654124700",
"2551","22b77d7829c68dcd","E2:1F:7B:35:CC:08","5.298013245033113","0","0.5387931034482759","0","151","2022-06-01T23:06:00.000Z","1654124760",
"2551","22b77d7829c68dcd","E2:1F:7B:35:CC:08","3.9735099337748343","0","0.5387931034482759","0","151","2022-06-01T23:07:00.000Z","1654124820",
"2551","22b77d7829c68dcd","E2:1F:7B:35:CC:08","3.9735099337748343","0","0.5387931034482759","0","151","2022-06-01T23:08:00.000Z","1654124880",
"2551","22b77d7829c68dcd","E2:1F:7B:35:CC:08","3.9735099337748343","0","0.5387931034482759","0","151","2022-06-01T23:09:00.000Z","1654124940",
"2551","22b77d7829c68dcd","E2:1F:7B:35:CC:08","3.9735099337748343","0","0.5387931034482759","0","151","2022-06-01T23:10:00.000Z","1654125000",
"2551","22b77d7829c68dcd","E2:1F:7B:35:CC:08","3.9735099337748343","0","0.5387931034482759","0","151","2022-06-01T23:11:00.000Z","1654125060",
"2551","22b77d7829c68dcd","E2:1F:7B:35:CC:08","3.9735099337748343","0","0.5208333333333334","0","151","2022-06-01T23:12:00.000Z","1654125120",
"2551","22b77d7829c68dcd","E2:1F:7B:35:CC:08","3.9735099337748343","0","0.5208333333333334","0","151","2022-06-01T23:13:00.000Z","1654125180",
"2551","22b77d7829c68dcd","E2:1F:7B:35:CC:08","3.9735099337748343","0","0.5208333333333334","0","151","2022-06-01T23:14:00.000Z","1654125240",
"2551","22b77d7829c68dcd","E2:1F:7B:35:CC:08","2.6490066225165565","0","0.5208333333333334","0","151","2022-06-01T23:15:00.000Z","1654125300",
"2551","22b77d7829c68dcd","E2:1F:7B:35:CC:08","2.6490066225165565","0","0.5208333333333334","0","151","2022-06-01T23:16:00.000Z","1654125360",
"2551","22b77d7829c68dcd","E2:1F:7B:35:CC:08","3.9735099337748343","0","0.5208333333333334","0","151","2022-06-01T23:17:00.000Z","1654125420",
"2551","22b77d7829c68dcd","E2:1F:7B:35:CC:08","3.9735099337748343","0","0.5208333333333334","0","151","2022-06-01T23:18:00.000Z","1654125480",
"2551","22b77d7829c68dcd","E2:1F:7B:35:CC:08","3.9735099337748343","0","0.5040322580645161","0","151","2022-06-01T23:19:00.000Z","1654125540",
"2551","22b77d7829c68dcd","E2:1F:7B:35:CC:08","2.6490066225165565","0","0.5208333333333334","0","151","2022-06-01T23:20:00.000Z","1654125600",
"2551","22b77d7829c68dcd","E2:1F:7B:35:CC:08","2.6490066225165565","0","0.5208333333333334","0","151","2022-06-01T23:21:00.000Z","1654125660",
"2551","22b77d7829c68dcd","E2:1F:7B:35:CC:08","2.6490066225165565","0","0.5208333333333334","0","151","2022-06-01T23:22:00.000Z","1654125720",
"2551","22b77d7829c68dcd","E2:1F:7B:35:CC:08","3.9735099337748343","0","0.5208333333333334","0","151","2022-06-01T23:23:00.000Z","1654125780",
"2551","22b77d7829c68dcd","E2:1F:7B:35:CC:08","2.6490066225165565","0","0.5208333333333334","0","151","2022-06-01T23:24:00.000Z","1654125840",
"2551","22b77d7829c68dcd","E2:1F:7B:35:CC:08","2.6490066225165565","0","0.5208333333333334","0","151","2022-06-01T23:25:00.000Z","1654125900",
"2551","22b77d7829c68dcd","E2:1F:7B:35:CC:08","2.6490066225165565","0","0.5208333333333334","0","151","2022-06-01T23:26:00.000Z","1654125960",
"2551","22b77d7829c68dcd","E2:1F:7B:35:CC:08","3.9735099337748343","0","0.5208333333333334","0","151","2022-06-01T23:27:00.000Z","1654126020",
"2551","22b77d7829c68dcd","E2:1F:7B:35:CC:08","3.9735099337748343","0","0.5208333333333334","0","151","2022-06-01T23:28:00.000Z","1654126080",
"2551","22b77d7829c68dcd","E2:1F:7B:35:CC:08","3.9735099337748343","0","0.5208333333333334","0","151","2022-06-01T23:29:00.000Z","1654126140",
"2551","22b77d7829c68dcd","E2:1F:7B:35:CC:08","3.9735099337748343","0","0.5208333333333334","0","151","2022-06-01T23:30:00.000Z","1654126200",
"2551","22b77d7829c68dcd","E2:1F:7B:35:CC:08","3.9735099337748343","0","0.5208333333333334","0","151","2022-06-01T23:31:00.000Z","1654126260",
"2551","22b77d7829c68dcd","E2:1F:7B:35:CC:08","3.9735099337748343","0","0.5040322580645161","0","151","2022-06-01T23:32:00.000Z","1654126320",
"2551","22b77d7829c68dcd","E2:1F:7B:35:CC:08","2.6490066225165565","0","0.5040322580645161","0","151","2022-06-01T23:33:00.000Z","1654126380",
"2551","22b77d7829c68dcd","E2:1F:7B:35:CC:08","3.9735099337748343","0","0.5040322580645161","0","151","2022-06-01T23:34:00.000Z","1654126440",
"2551","22b77d7829c68dcd","E2:1F:7B:35:CC:08","2.6490066225165565","0","0.5040322580645161","0","151","2022-06-01T23:35:00.000Z","1654126500",
"2551","22b77d7829c68dcd","E2:1F:7B:35:CC:08","2.6490066225165565","0","0.5040322580645161","0","151","2022-06-01T23:36:00.000Z","1654126560",
"2551","22b77d7829c68dcd","E2:1F:7B:35:CC:08","2.6490066225165565","0","0.5040322580645161","0","151","2022-06-01T23:37:00.000Z","1654126620",
"2551","22b77d7829c68dcd","E2:1F:7B:35:CC:08","2.6490066225165565","0","0.5040322580645161","0","151","2022-06-01T23:38:00.000Z","1654126680",
"2551","22b77d7829c68dcd","E2:1F:7B:35:CC:08","3.9735099337748343","0","0.5040322580645161","0","151","2022-06-01T23:39:00.000Z","1654126740",
"2551","22b77d7829c68dcd","E2:1F:7B:35:CC:08","3.9735099337748343","0","0.5040322580645161","0","151","2022-06-01T23:40:00.000Z","1654126800",
"2551","22b77d7829c68dcd","E2:1F:7B:35:CC:08","3.9735099337748343","0","0.5040322580645161","0","151","2022-06-01T23:41:00.000Z","1654126860",
"2551","22b77d7829c68dcd","E2:1F:7B:35:CC:08","3.9735099337748343","0","0.5040322580645161","0","151","2022-06-01T23:42:00.000Z","1654126920",
"2551","22b77d7829c68dcd","E2:1F:7B:35:CC:08","2.6490066225165565","0","0.5040322580645161","0","151","2022-06-01T23:43:00.000Z","1654126980",
"2551","22b77d7829c68dcd","E2:1F:7B:35:CC:08","2.6490066225165565","0","0.5040322580645161","0","151","2022-06-01T23:44:00.000Z","1654127040",
"2551","22b77d7829c68dcd","E2:1F:7B:35:CC:08","2.6490066225165565","0","0.5040322580645161","0","151","2022-06-01T23:45:00.000Z","1654127100",
"2551","22b77d7829c68dcd","E2:1F:7B:35:CC:08","2.6490066225165565","0","0.5040322580645161","0","151","2022-06-01T23:46:00.000Z","1654127160",
"2551","22b77d7829c68dcd","E2:1F:7B:35:CC:08","2.6490066225165565","0","0.5040322580645161","0","151","2022-06-01T23:47:00.000Z","1654127220",
"2551","22b77d7829c68dcd","E2:1F:7B:35:CC:08","2.6490066225165565","0","0.5040322580645161","0","151","2022-06-01T23:48:00.000Z","1654127280",
"2551","22b77d7829c68dcd","E2:1F:7B:35:CC:08","2.6490066225165565","0","0.5040322580645161","0","151","2022-06-01T23:49:00.000Z","1654127340",
"2551","22b77d7829c68dcd","E2:1F:7B:35:CC:08","3.9735099337748343","0","0.5040322580645161","0","151","2022-06-01T23:50:00.000Z","1654127400",
"2551","22b77d7829c68dcd","E2:1F:7B:35:CC:08","3.9735099337748343","0","0.5040322580645161","0","151","2022-06-01T23:51:00.000Z","1654127460",
"2551","22b77d7829c68dcd","E2:1F:7B:35:CC:08","2.6490066225165565","0","0.5040322580645161","0","151","2022-06-01T23:52:00.000Z","1654127520",
"2551","22b77d7829c68dcd","E2:1F:7B:35:CC:08","3.9735099337748343","0","0.5040322580645161","0","151","2022-06-01T23:53:00.000Z","1654127580",
"2551","22b77d7829c68dcd","E2:1F:7B:35:CC:08","2.6490066225165565","0","0.5040322580645161","0","151","2022-06-01T23:54:00.000Z","1654127640",
"2551","22b77d7829c68dcd","E2:1F:7B:35:CC:08","3.9735099337748343","0","0.5040322580645161","0","151","2022-06-01T23:55:00.000Z","1654127700",
"2551","22b77d7829c68dcd","E2:1F:7B:35:CC:08","2.6490066225165565","0","0.5040322580645161","0","151","2022-06-01T23:56:00.000Z","1654127760",
"2551","22b77d7829c68dcd","E2:1F:7B:35:CC:08","2.6490066225165565","0","0.5040322580645161","0","151","2022-06-01T23:57:00.000Z","1654127820",
"2551","22b77d7829c68dcd","E2:1F:7B:35:CC:08","3.9735099337748343","0","0.5040322580645161","0","151","2022-06-01T23:58:00.000Z","1654127880",
"2551","22b77d7829c68dcd","E2:1F:7B:35:CC:08","3.9735099337748343","0","0.5040322580645161","0","151","2022-06-01T23:59:00.000Z","1654127940",
"2551","22b77d7829c68dcd","E2:1F:7B:35:CC:08","3.9735099337748343","0","0.5040322580645161","0","151","2022-06-02T00:00:00.000Z","1654128000",
"2551","22b77d7829c68dcd","E2:1F:7B:35:CC:08","2.6490066225165565","0","0.5040322580645161","0","151","2022-06-02T00:01:00.000Z","1654128060",
"2551","22b77d7829c68dcd","E2:1F:7B:35:CC:08","3.9735099337748343","0","0.5040322580645161","0","151","2022-06-02T00:02:00.000Z","1654128120",
"2551","22b77d7829c68dcd","E2:1F:7B:35:CC:08","2.6490066225165565","0","0.5040322580645161","0","151","2022-06-02T00:03:00.000Z","1654128180",
"2551","22b77d7829c68dcd","E2:1F:7B:35:CC:08","3.9735099337748343","0","0.5040322580645161","0","151","2022-06-02T00:04:00.000Z","1654128240",
"2551","22b77d7829c68dcd","E2:1F:7B:35:CC:08","21.192052980132452","2","0.5387931034482759","0","151","2022-06-02T00:05:00.000Z","1654128300",
"2551","22b77d7829c68dcd","E2:1F:7B:35:CC:08","27.814569536423843","0","0.6009615384615384","0","151","2022-06-02T00:06:00.000Z","1654128360",
"2551","22b77d7829c68dcd","E2:1F:7B:35:CC:08","19.867549668874172","0","0.6510416666666666","0","151","2022-06-02T00:07:00.000Z","1654128420",
"2551","22b77d7829c68dcd","E2:1F:7B:35:CC:08","14.56953642384106","0","0.7102272727272727","0","151","2022-06-02T00:08:00.000Z","1654128480",
"2551","22b77d7829c68dcd","E2:1F:7B:35:CC:08","11.920529801324504","0","0.7440476190476191","0","151","2022-06-02T00:09:00.000Z","1654128540",
"2551","22b77d7829c68dcd","E2:1F:7B:35:CC:08","10.596026490066226","0","0.78125","0","151","2022-06-02T00:10:00.000Z","1654128600",
"2551","22b77d7829c68dcd","E2:1F:7B:35:CC:08","7.947019867549669","0","0.8223684210526315","0","151","2022-06-02T00:11:00.000Z","1654128660",
"2551","22b77d7829c68dcd","E2:1F:7B:35:CC:08","6.622516556291391","0","0.8680555555555556","0","151","2022-06-02T00:12:00.000Z","1654128720",
"2551","22b77d7829c68dcd","E2:1F:7B:35:CC:08","5.298013245033113","0","0.8680555555555556","0","151","2022-06-02T00:13:00.000Z","1654128780",
"2551","22b77d7829c68dcd","E2:1F:7B:35:CC:08","3.9735099337748343","0","0.9191176470588235","0","151","2022-06-02T00:14:00.000Z","1654128840",
"2551","22b77d7829c68dcd","E2:1F:7B:35:CC:08","3.9735099337748343","0","0.9765625","0","151","2022-06-02T00:15:00.000Z","1654128900",
"2551","22b77d7829c68dcd","E2:1F:7B:35:CC:08","2.6490066225165565","0","0.9765625","0","151","2022-06-02T00:16:00.000Z","1654128960",
"2551","22b77d7829c68dcd","E2:1F:7B:35:CC:08","2.6490066225165565","0","1.0416666666666667","0","151","2022-06-02T00:17:00.000Z","1654129020",
"2551","22b77d7829c68dcd","E2:1F:7B:35:CC:08","2.6490066225165565","0","1.0416666666666667","0","151","2022-06-02T00:18:00.000Z","1654129080",
"2551","22b77d7829c68dcd","E2:1F:7B:35:CC:08","11.920529801324504","0","0.6793478260869565","0","151","2022-06-02T00:19:00.000Z","1654129140",
"2551","22b77d7829c68dcd","E2:1F:7B:35:CC:08","13.245033112582782","0","0.6793478260869565","0","151","2022-06-02T00:20:00.000Z","1654129200",
"2551","22b77d7829c68dcd","E2:1F:7B:35:CC:08","7.947019867549669","0","0.6793478260869565","0","151","2022-06-02T00:21:00.000Z","1654129260",
"2551","22b77d7829c68dcd","E2:1F:7B:35:CC:08","3.9735099337748343","0","0.7102272727272727","0","151","2022-06-02T00:22:00.000Z","1654129320",
"2551","22b77d7829c68dcd","E2:1F:7B:35:CC:08","2.6490066225165565","0","0.7102272727272727","0","151","2022-06-02T00:23:00.000Z","1654129380",
"2551","22b77d7829c68dcd","E2:1F:7B:35:CC:08","2.6490066225165565","0","0.7102272727272727","0","151","2022-06-02T00:24:00.000Z","1654129440",
"2551","22b77d7829c68dcd","E2:1F:7B:35:CC:08","2.6490066225165565","0","0.625","0","151","2022-06-02T00:25:00.000Z","1654129500",
"2551","22b77d7829c68dcd","E2:1F:7B:35:CC:08","10.596026490066226","1","0.625","0","151","2022-06-02T00:26:00.000Z","1654129560",
"2551","22b77d7829c68dcd","E2:1F:7B:35:CC:08","9.271523178807946","0","0.625","0","151","2022-06-02T00:27:00.000Z","1654129620",
"2551","22b77d7829c68dcd","E2:1F:7B:35:CC:08","6.622516556291391","0","0.6009615384615384","0","151","2022-06-02T00:28:00.000Z","1654129680",
"2551","22b77d7829c68dcd","E2:1F:7B:35:CC:08","5.298013245033113","0","0.6009615384615384","0","151","2022-06-02T00:29:00.000Z","1654129740",
"2551","22b77d7829c68dcd","E2:1F:7B:35:CC:08","5.298013245033113","0","0.6009615384615384","0","151","2022-06-02T00:30:00.000Z","1654129800",
"2551","22b77d7829c68dcd","E2:1F:7B:35:CC:08","3.9735099337748343","0","0.6009615384615384","0","151","2022-06-02T00:31:00.000Z","1654129860",
"2551","22b77d7829c68dcd","E2:1F:7B:35:CC:08","3.9735099337748343","0","0.6009615384615384","0","151","2022-06-02T00:32:00.000Z","1654129920",
"2551","22b77d7829c68dcd","E2:1F:7B:35:CC:08","17.218543046357617","0","0.5387931034482759","0","151","2022-06-02T00:33:00.000Z","1654129980",
"2551","22b77d7829c68dcd","E2:1F:7B:35:CC:08","9.271523178807946","0","0.5387931034482759","0","151","2022-06-02T00:34:00.000Z","1654130040",
"2551","22b77d7829c68dcd","E2:1F:7B:35:CC:08","5.298013245033113","0","0.5387931034482759","0","151","2022-06-02T00:35:00.000Z","1654130100",
"2551","22b77d7829c68dcd","E2:1F:7B:35:CC:08","3.9735099337748343","0","0.5387931034482759","0","151","2022-06-02T00:36:00.000Z","1654130160",
"2551","22b77d7829c68dcd","E2:1F:7B:35:CC:08","2.6490066225165565","0","0.4222972972972973","0","151","2022-06-02T00:37:00.000Z","1654130220",
"2551","22b77d7829c68dcd","E2:1F:7B:35:CC:08","21.192052980132452","1","0.48828125","0","151","2022-06-02T00:38:00.000Z","1654130280",
"2551","22b77d7829c68dcd","E2:1F:7B:35:CC:08","9.271523178807946","0","0.48828125","0","151","2022-06-02T00:39:00.000Z","1654130340",
"2551","22b77d7829c68dcd","E2:1F:7B:35:CC:08","3.9735099337748343","0","0.48828125","0","151","2022-06-02T00:40:00.000Z","1654130400",
"2551","22b77d7829c68dcd","E2:1F:7B:35:CC:08","3.9735099337748343","0","0.48828125","0","151","2022-06-02T00:41:00.000Z","1654130460",
"2551","22b77d7829c68dcd","E2:1F:7B:35:CC:08","2.6490066225165565","0","0.48828125","0","151","2022-06-02T00:42:00.000Z","1654130520",
"2551","22b77d7829c68dcd","E2:1F:7B:35:CC:08","2.6490066225165565","0","0.48828125","0","151","2022-06-02T00:43:00.000Z","1654130580",
"2551","22b77d7829c68dcd","E2:1F:7B:35:CC:08","2.6490066225165565","0","0.48828125","0","151","2022-06-02T00:44:00.000Z","1654130640",
"2551","22b77d7829c68dcd","E2:1F:7B:35:CC:08","5.298013245033113","0","0.48828125","0","151","2022-06-02T00:45:00.000Z","1654130700",
"2551","22b77d7829c68dcd","E2:1F:7B:35:CC:08","5.298013245033113","0","0.48828125","0","151","2022-06-02T00:46:00.000Z","1654130760",
"2551","22b77d7829c68dcd","E2:1F:7B:35:CC:08","6.622516556291391","0","0.45955882352941174","0","151","2022-06-02T00:47:00.000Z","1654130820",
"2551","22b77d7829c68dcd","E2:1F:7B:35:CC:08","18.543046357615893","1","0.5040322580645161","0","151","2022-06-02T00:48:00.000Z","1654130880",
"2551","22b77d7829c68dcd","E2:1F:7B:35:CC:08","7.947019867549669","0","0.5208333333333334","0","151","2022-06-02T00:49:00.000Z","1654130940",
"2551","22b77d7829c68dcd","E2:1F:7B:35:CC:08","3.9735099337748343","0","0.5208333333333334","0","151","2022-06-02T00:50:00.000Z","1654131000",
"2551","22b77d7829c68dcd","E2:1F:7B:35:CC:08","2.6490066225165565","0","0.5208333333333334","0","151","2022-06-02T00:51:00.000Z","1654131060",
"2551","22b77d7829c68dcd","E2:1F:7B:35:CC:08","2.6490066225165565","0","0.5208333333333334","0","151","2022-06-02T00:52:00.000Z","1654131120",
"2551","22b77d7829c68dcd","E2:1F:7B:35:CC:08","2.6490066225165565","0","0.5208333333333334","0","151","2022-06-02T00:53:00.000Z","1654131180",
"2551","22b77d7829c68dcd","E2:1F:7B:35:CC:08","2.6490066225165565","0","0.5387931034482759","0","151","2022-06-02T00:54:00.000Z","1654131240",
"2551","22b77d7829c68dcd","E2:1F:7B:35:CC:08","3.9735099337748343","0","0.5208333333333334","0","151","2022-06-02T00:55:00.000Z","1654131300",
"2551","22b77d7829c68dcd","E2:1F:7B:35:CC:08","5.298013245033113","1","0.5040322580645161","0","151","2022-06-02T00:56:00.000Z","1654131360",
"2551","22b77d7829c68dcd","E2:1F:7B:35:CC:08","5.298013245033113","0","0.5040322580645161","0","151","2022-06-02T00:57:00.000Z","1654131420",
"2551","22b77d7829c68dcd","E2:1F:7B:35:CC:08","2.6490066225165565","0","0.5040322580645161","0","151","2022-06-02T00:58:00.000Z","1654131480",
"2551","22b77d7829c68dcd","E2:1F:7B:35:CC:08","2.6490066225165565","0","0.5208333333333334","0","151","2022-06-02T00:59:00.000Z","1654131540",
"2551","22b77d7829c68dcd","E2:1F:7B:35:CC:08","2.6490066225165565","0","0.5208333333333334","0","151","2022-06-02T01:00:00.000Z","1654131600",
"2551","22b77d7829c68dcd","E2:1F:7B:35:CC:08","3.9735099337748343","0","0.5208333333333334","0","151","2022-06-02T01:01:00.000Z","1654131660",
"2551","22b77d7829c68dcd","E2:1F:7B:35:CC:08","3.9735099337748343","0","0.5208333333333334","0","151","2022-06-02T01:02:00.000Z","1654131720",
"2551","22b77d7829c68dcd","E2:1F:7B:35:CC:08","3.9735099337748343","0","0.5208333333333334","0","151","2022-06-02T01:03:00.000Z","1654131780",
"2551","22b77d7829c68dcd","E2:1F:7B:35:CC:08","3.9735099337748343","0","0.5208333333333334","0","151","2022-06-02T01:04:00.000Z","1654131840",
"2551","22b77d7829c68dcd","E2:1F:7B:35:CC:08","3.9735099337748343","0","0.5208333333333334","0","151","2022-06-02T01:05:00.000Z","1654131900",
"2551","22b77d7829c68dcd","E2:1F:7B:35:CC:08","3.9735099337748343","0","0.5208333333333334","0","151","2022-06-02T01:06:00.000Z","1654131960",
"2551","22b77d7829c68dcd","E2:1F:7B:35:CC:08","3.9735099337748343","0","0.5208333333333334","0","151","2022-06-02T01:07:00.000Z","1654132020",
"2551","22b77d7829c68dcd","E2:1F:7B:35:CC:08","3.9735099337748343","0","0.5208333333333334","0","151","2022-06-02T01:08:00.000Z","1654132080",
"2551","22b77d7829c68dcd","E2:1F:7B:35:CC:08","3.9735099337748343","0","0.5208333333333334","0","151","2022-06-02T01:09:00.000Z","1654132140",
"2551","22b77d7829c68dcd","E2:1F:7B:35:CC:08","3.9735099337748343","0","0.5208333333333334","0","151","2022-06-02T01:10:00.000Z","1654132200",
"2551","22b77d7829c68dcd","E2:1F:7B:35:CC:08","3.9735099337748343","0","0.5208333333333334","0","151","2022-06-02T01:11:00.000Z","1654132260",
"2551","22b77d7829c68dcd","E2:1F:7B:35:CC:08","2.6490066225165565","0","0.5208333333333334","0","151","2022-06-02T01:12:00.000Z","1654132320",
"2551","22b77d7829c68dcd","E2:1F:7B:35:CC:08","3.9735099337748343","0","0.5208333333333334","0","151","2022-06-02T01:13:00.000Z","1654132380",
"2551","22b77d7829c68dcd","E2:1F:7B:35:CC:08","15.894039735099337","2","0.4734848484848485","1","151","2022-06-02T01:14:00.000Z","1654132440",
"2551","22b77d7829c68dcd","E2:1F:7B:35:CC:08","22.516556291390728","0","0.5040322580645161","0","151","2022-06-02T01:15:00.000Z","1654132500",
"2551","22b77d7829c68dcd","E2:1F:7B:35:CC:08","10.596026490066226","0","0.5208333333333334","0","151","2022-06-02T01:16:00.000Z","1654132560",
"2551","22b77d7829c68dcd","E2:1F:7B:35:CC:08","6.622516556291391","0","0.5208333333333334","0","151","2022-06-02T01:17:00.000Z","1654132620",
"2551","22b77d7829c68dcd","E2:1F:7B:35:CC:08","6.622516556291391","0","0.5387931034482759","0","151","2022-06-02T01:18:00.000Z","1654132680",
"2551","22b77d7829c68dcd","E2:1F:7B:35:CC:08","3.9735099337748343","0","0.5387931034482759","0","151","2022-06-02T01:19:00.000Z","1654132740",
"2551","22b77d7829c68dcd","E2:1F:7B:35:CC:08","2.6490066225165565","0","0.5387931034482759","0","151","2022-06-02T01:20:00.000Z","1654132800",
"2551","22b77d7829c68dcd","E2:1F:7B:35:CC:08","2.6490066225165565","0","0.5580357142857143","0","151","2022-06-02T01:21:00.000Z","1654132860",
"2551","22b77d7829c68dcd","E2:1F:7B:35:CC:08","2.6490066225165565","0","0.5580357142857143","0","151","2022-06-02T01:22:00.000Z","1654132920",
"2551","22b77d7829c68dcd","E2:1F:7B:35:CC:08","11.920529801324504","0","0.5387931034482759","1","151","2022-06-02T01:23:00.000Z","1654132980",
"2551","22b77d7829c68dcd","E2:1F:7B:35:CC:08","6.622516556291391","0","0.5580357142857143","0","151","2022-06-02T01:24:00.000Z","1654133040",
"2551","22b77d7829c68dcd","E2:1F:7B:35:CC:08","5.298013245033113","0","0.22644927536231885","4","151","2022-06-02T01:25:00.000Z","1654133100",
"2551","22b77d7829c68dcd","E2:1F:7B:35:CC:08","27.814569536423843","4","0.12303149606299213","16","151","2022-06-02T01:26:00.000Z","1654133160",
"2551","22b77d7829c68dcd","E2:1F:7B:35:CC:08","98.01324503311258","5","0.2840909090909091","1","151","2022-06-02T01:27:00.000Z","1654133220",
"2551","22b77d7829c68dcd","E2:1F:7B:35:CC:08","66.2251655629139","4","0.3324468085106383","0","151","2022-06-02T01:28:00.000Z","1654133280",
"2551","22b77d7829c68dcd","E2:1F:7B:35:CC:08","37.086092715231786","0","0.3633720930232558","0","151","2022-06-02T01:29:00.000Z","1654133340",
"2551","22b77d7829c68dcd","E2:1F:7B:35:CC:08","22.516556291390728","0","0.390625","0","151","2022-06-02T01:30:00.000Z","1654133400",
"2551","22b77d7829c68dcd","E2:1F:7B:35:CC:08","14.56953642384106","0","0.41118421052631576","0","151","2022-06-02T01:31:00.000Z","1654133460",
"2551","22b77d7829c68dcd","E2:1F:7B:35:CC:08","10.596026490066226","0","0.4340277777777778","0","151","2022-06-02T01:32:00.000Z","1654133520",
"2551","22b77d7829c68dcd","E2:1F:7B:35:CC:08","7.947019867549669","0","0.44642857142857145","0","151","2022-06-02T01:33:00.000Z","1654133580",
"2551","22b77d7829c68dcd","E2:1F:7B:35:CC:08","6.622516556291391","0","0.4734848484848485","0","151","2022-06-02T01:34:00.000Z","1654133640",
"2551","22b77d7829c68dcd","E2:1F:7B:35:CC:08","17.218543046357617","3","0.48828125","0","151","2022-06-02T01:35:00.000Z","1654133700",
"2551","22b77d7829c68dcd","E2:1F:7B:35:CC:08","42.384105960264904","3","0.5787037037037037","0","151","2022-06-02T01:36:00.000Z","1654133760",
"2551","22b77d7829c68dcd","E2:1F:7B:35:CC:08","22.516556291390728","0","0.6009615384615384","0","151","2022-06-02T01:37:00.000Z","1654133820",
"2551","22b77d7829c68dcd","E2:1F:7B:35:CC:08","14.56953642384106","0","0.38109756097560976","2","151","2022-06-02T01:38:00.000Z","1654133880",
"2551","22b77d7829c68dcd","E2:1F:7B:35:CC:08","55.629139072847686","13","0.5580357142857143","0","151","2022-06-02T01:39:00.000Z","1654133940",
"2551","22b77d7829c68dcd","E2:1F:7B:35:CC:08","37.086092715231786","0","0.5787037037037037","0","151","2022-06-02T01:40:00.000Z","1654134000",
"2551","22b77d7829c68dcd","E2:1F:7B:35:CC:08","29.13907284768212","3","0.6009615384615384","0","151","2022-06-02T01:41:00.000Z","1654134060",
"2551","22b77d7829c68dcd","E2:1F:7B:35:CC:08","30.4635761589404","3","0.6510416666666666","0","151","2022-06-02T01:42:00.000Z","1654134120",
"2551","22b77d7829c68dcd","E2:1F:7B:35:CC:08","30.4635761589404","1","0.44642857142857145","1","151","2022-06-02T01:43:00.000Z","1654134180",
"2551","22b77d7829c68dcd","E2:1F:7B:35:CC:08","62.25165562913907","7","0.38109756097560976","1","151","2022-06-02T01:44:00.000Z","1654134240",
"2551","22b77d7829c68dcd","E2:1F:7B:35:CC:08","38.41059602649007","0","0.35511363636363635","0","151","2022-06-02T01:45:00.000Z","1654134300",
"2551","22b77d7829c68dcd","E2:1F:7B:35:CC:08","17.218543046357617","0","0.2741228070175439","0","151","2022-06-02T01:46:00.000Z","1654134360",
"2551","22b77d7829c68dcd","E2:1F:7B:35:CC:08","26.490066225165563","2","0.40064102564102566","1","151","2022-06-02T01:47:00.000Z","1654134420",
"2551","22b77d7829c68dcd","E2:1F:7B:35:CC:08","15.894039735099337","0","0.4222972972972973","0","151","2022-06-02T01:48:00.000Z","1654134480",
"2551","22b77d7829c68dcd","E2:1F:7B:35:CC:08","11.920529801324504","0","0.4340277777777778","0","151","2022-06-02T01:49:00.000Z","1654134540",
"2551","22b77d7829c68dcd","E2:1F:7B:35:CC:08","7.947019867549669","0","0.44642857142857145","0","151","2022-06-02T01:50:00.000Z","1654134600",
"2551","22b77d7829c68dcd","E2:1F:7B:35:CC:08","7.947019867549669","0","0.4734848484848485","0","151","2022-06-02T01:51:00.000Z","1654134660",
"2551","22b77d7829c68dcd","E2:1F:7B:35:CC:08","6.622516556291391","0","0.1201923076923077","0","151","2022-06-02T01:52:00.000Z","1654134720",
"2551","22b77d7829c68dcd","E2:1F:7B:35:CC:08","25.165562913907284","6","0.20292207792207792","0","151","2022-06-02T01:55:00.000Z","1654134900",
"2551","22b77d7829c68dcd","E2:1F:7B:35:CC:08","31.788079470198674","2","0.22644927536231885","0","151","2022-06-02T01:56:00.000Z","1654134960",
"2551","22b77d7829c68dcd","E2:1F:7B:35:CC:08","27.814569536423843","1","0.23674242424242425","0","151","2022-06-02T01:57:00.000Z","1654135020",
"2551","22b77d7829c68dcd","E2:1F:7B:35:CC:08","22.516556291390728","0","0.25614754098360654","0","151","2022-06-02T01:58:00.000Z","1654135080",
"2551","22b77d7829c68dcd","E2:1F:7B:35:CC:08","19.867549668874172","1","0.2648305084745763","0","151","2022-06-02T01:59:00.000Z","1654135140",
"2551","22b77d7829c68dcd","E2:1F:7B:35:CC:08","17.218543046357617","2","0.27901785714285715","0","151","2022-06-02T02:00:00.000Z","1654135200",
"2551","22b77d7829c68dcd","E2:1F:7B:35:CC:08","39.735099337748345","7","0.24801587301587302","0","151","2022-06-02T02:01:00.000Z","1654135260",
"2551","22b77d7829c68dcd","E2:1F:7B:35:CC:08","45.033112582781456","9","0.2840909090909091","0","151","2022-06-02T02:02:00.000Z","1654135320",
"2551","22b77d7829c68dcd","E2:1F:7B:35:CC:08","23.841059602649008","0","0.294811320754717","0","151","2022-06-02T02:03:00.000Z","1654135380",
"2551","22b77d7829c68dcd","E2:1F:7B:35:CC:08","19.867549668874172","1","0.3125","0","151","2022-06-02T02:04:00.000Z","1654135440",
"2551","22b77d7829c68dcd","E2:1F:7B:35:CC:08","18.543046357615893","0","0.3324468085106383","0","151","2022-06-02T02:05:00.000Z","1654135500",
"2551","22b77d7829c68dcd","E2:1F:7B:35:CC:08","54.3046357615894","6","0.28935185185185186","0","151","2022-06-02T02:06:00.000Z","1654135560",
"2551","22b77d7829c68dcd","E2:1F:7B:35:CC:08","49.00662251655629","3","0.3324468085106383","0","151","2022-06-02T02:07:00.000Z","1654135620",
"2551","22b77d7829c68dcd","E2:1F:7B:35:CC:08","45.033112582781456","2","0.3633720930232558","0","151","2022-06-02T02:08:00.000Z","1654135680",
"2551","22b77d7829c68dcd","E2:1F:7B:35:CC:08","49.00662251655629","2","0.4734848484848485","0","151","2022-06-02T02:09:00.000Z","1654135740",
"2551","22b77d7829c68dcd","E2:1F:7B:35:CC:08","35.76158940397351","0","0.5208333333333334","0","151","2022-06-02T02:10:00.000Z","1654135800",
"2551","22b77d7829c68dcd","E2:1F:7B:35:CC:08","31.788079470198674","4","0.26939655172413796","0","151","2022-06-02T02:11:00.000Z","1654135860",
"2551","22b77d7829c68dcd","E2:1F:7B:35:CC:08","45.033112582781456","4","0.31887755102040816","0","151","2022-06-02T02:12:00.000Z","1654135920",
"2551","22b77d7829c68dcd","E2:1F:7B:35:CC:08","23.841059602649008","0","0.3324468085106383","0","151","2022-06-02T02:13:00.000Z","1654135980",
"2551","22b77d7829c68dcd","E2:1F:7B:35:CC:08","13.245033112582782","0","0.3472222222222222","0","151","2022-06-02T02:14:00.000Z","1654136040",
"2551","22b77d7829c68dcd","E2:1F:7B:35:CC:08","34.437086092715234","2","0.3633720930232558","1","151","2022-06-02T02:15:00.000Z","1654136100",
"2551","22b77d7829c68dcd","E2:1F:7B:35:CC:08","25.165562913907284","0","0.37202380952380953","0","151","2022-06-02T02:16:00.000Z","1654136160",
"2551","22b77d7829c68dcd","E2:1F:7B:35:CC:08","11.920529801324504","0","0.38109756097560976","0","151","2022-06-02T02:17:00.000Z","1654136220",
"2551","22b77d7829c68dcd","E2:1F:7B:35:CC:08","6.622516556291391","0","0.390625","0","151","2022-06-02T02:18:00.000Z","1654136280",
"2551","22b77d7829c68dcd","E2:1F:7B:35:CC:08","6.622516556291391","0","0.40064102564102566","0","151","2022-06-02T02:19:00.000Z","1654136340",
"2551","22b77d7829c68dcd","E2:1F:7B:35:CC:08","6.622516556291391","0","0.40064102564102566","0","151","2022-06-02T02:20:00.000Z","1654136400",
"2551","22b77d7829c68dcd","E2:1F:7B:35:CC:08","6.622516556291391","0","0.40064102564102566","0","151","2022-06-02T02:21:00.000Z","1654136460",
"2551","22b77d7829c68dcd","E2:1F:7B:35:CC:08","6.622516556291391","0","0.40064102564102566","0","151","2022-06-02T02:22:00.000Z","1654136520",
"2551","22b77d7829c68dcd","E2:1F:7B:35:CC:08","5.298013245033113","0","0.41118421052631576","0","151","2022-06-02T02:23:00.000Z","1654136580",
"2551","22b77d7829c68dcd","E2:1F:7B:35:CC:08","5.298013245033113","0","0.41118421052631576","0","151","2022-06-02T02:24:00.000Z","1654136640",
"2551","22b77d7829c68dcd","E2:1F:7B:35:CC:08","5.298013245033113","0","0.4222972972972973","0","151","2022-06-02T02:25:00.000Z","1654136700",
"2551","22b77d7829c68dcd","E2:1F:7B:35:CC:08","5.298013245033113","0","0.4222972972972973","0","151","2022-06-02T02:26:00.000Z","1654136760",
"2551","22b77d7829c68dcd","E2:1F:7B:35:CC:08","5.298013245033113","0","0.4340277777777778","0","151","2022-06-02T02:27:00.000Z","1654136820",
"2551","22b77d7829c68dcd","E2:1F:7B:35:CC:08","5.298013245033113","0","0.4340277777777778","0","151","2022-06-02T02:28:00.000Z","1654136880",
"2551","22b77d7829c68dcd","E2:1F:7B:35:CC:08","5.298013245033113","0","0.4340277777777778","0","151","2022-06-02T02:29:00.000Z","1654136940",
"2551","22b77d7829c68dcd","E2:1F:7B:35:CC:08","6.622516556291391","0","0.44642857142857145","0","151","2022-06-02T02:30:00.000Z","1654137000",
"2551","22b77d7829c68dcd","E2:1F:7B:35:CC:08","5.298013245033113","0","0.44642857142857145","0","151","2022-06-02T02:31:00.000Z","1654137060",
"2551","22b77d7829c68dcd","E2:1F:7B:35:CC:08","3.9735099337748343","0","0.44642857142857145","0","151","2022-06-02T02:32:00.000Z","1654137120",
"2551","22b77d7829c68dcd","E2:1F:7B:35:CC:08","3.9735099337748343","0","0.45955882352941174","0","151","2022-06-02T02:33:00.000Z","1654137180",
"2551","22b77d7829c68dcd","E2:1F:7B:35:CC:08","5.298013245033113","0","0.44642857142857145","0","151","2022-06-02T02:34:00.000Z","1654137240",
"2551","22b77d7829c68dcd","E2:1F:7B:35:CC:08","3.9735099337748343","0","0.45955882352941174","0","151","2022-06-02T02:35:00.000Z","1654137300",
"2551","22b77d7829c68dcd","E2:1F:7B:35:CC:08","3.9735099337748343","0","0.45955882352941174","0","151","2022-06-02T02:36:00.000Z","1654137360",
"2551","22b77d7829c68dcd","E2:1F:7B:35:CC:08","5.298013245033113","0","0.45955882352941174","0","151","2022-06-02T02:37:00.000Z","1654137420",
"2551","22b77d7829c68dcd","E2:1F:7B:35:CC:08","6.622516556291391","0","0.45955882352941174","0","151","2022-06-02T02:38:00.000Z","1654137480",
"2551","22b77d7829c68dcd","E2:1F:7B:35:CC:08","5.298013245033113","0","0.45955882352941174","0","151","2022-06-02T02:39:00.000Z","1654137540",
"2551","22b77d7829c68dcd","E2:1F:7B:35:CC:08","3.9735099337748343","0","0.4734848484848485","0","151","2022-06-02T02:40:00.000Z","1654137600",
"2551","22b77d7829c68dcd","E2:1F:7B:35:CC:08","2.6490066225165565","0","0.4734848484848485","0","151","2022-06-02T02:41:00.000Z","1654137660",
"2551","22b77d7829c68dcd","E2:1F:7B:35:CC:08","2.6490066225165565","0","0.4734848484848485","0","151","2022-06-02T02:42:00.000Z","1654137720",
"2551","22b77d7829c68dcd","E2:1F:7B:35:CC:08","3.9735099337748343","0","0.4734848484848485","0","151","2022-06-02T02:43:00.000Z","1654137780",
"2551","22b77d7829c68dcd","E2:1F:7B:35:CC:08","3.9735099337748343","0","0.4734848484848485","0","151","2022-06-02T02:44:00.000Z","1654137840",
"2551","22b77d7829c68dcd","E2:1F:7B:35:CC:08","3.9735099337748343","0","0.44642857142857145","0","151","2022-06-02T02:45:00.000Z","1654137900",
"2551","22b77d7829c68dcd","E2:1F:7B:35:CC:08","11.920529801324504","0","0.48828125","0","151","2022-06-02T02:46:00.000Z","1654137960",
"2551","22b77d7829c68dcd","E2:1F:7B:35:CC:08","7.947019867549669","0","0.5040322580645161","0","151","2022-06-02T02:47:00.000Z","1654138020",
"2551","22b77d7829c68dcd","E2:1F:7B:35:CC:08","5.298013245033113","0","0.5040322580645161","0","151","2022-06-02T02:48:00.000Z","1654138080",
"2551","22b77d7829c68dcd","E2:1F:7B:35:CC:08","3.9735099337748343","0","0.5040322580645161","0","151","2022-06-02T02:49:00.000Z","1654138140",
"2551","22b77d7829c68dcd","E2:1F:7B:35:CC:08","2.6490066225165565","0","0.5040322580645161","0","151","2022-06-02T02:50:00.000Z","1654138200",
"2551","22b77d7829c68dcd","E2:1F:7B:35:CC:08","26.490066225165563","5","0.5040322580645161","0","151","2022-06-02T02:51:00.000Z","1654138260",
"2551","22b77d7829c68dcd","E2:1F:7B:35:CC:08","76.82119205298014","11","0.21114864864864866","0","151","2022-06-02T02:52:00.000Z","1654138320",
"2551","22b77d7829c68dcd","E2:1F:7B:35:CC:08","60.9271523178808","4","0.23674242424242425","0","151","2022-06-02T02:53:00.000Z","1654138380",
"2551","22b77d7829c68dcd","E2:1F:7B:35:CC:08","34.437086092715234","0","0.2604166666666667","0","151","2022-06-02T02:54:00.000Z","1654138440",
"2551","22b77d7829c68dcd","E2:1F:7B:35:CC:08","19.867549668874172","0","0.2648305084745763","0","151","2022-06-02T02:55:00.000Z","1654138500",
"2551","22b77d7829c68dcd","E2:1F:7B:35:CC:08","43.70860927152318","0","0.3324468085106383","0","151","2022-06-02T02:56:00.000Z","1654138560",
"2551","22b77d7829c68dcd","E2:1F:7B:35:CC:08","19.867549668874172","0","0.3472222222222222","0","151","2022-06-02T02:57:00.000Z","1654138620",
"2551","22b77d7829c68dcd","E2:1F:7B:35:CC:08","10.596026490066226","0","0.3633720930232558","0","151","2022-06-02T02:58:00.000Z","1654138680",
"2551","22b77d7829c68dcd","E2:1F:7B:35:CC:08","6.622516556291391","0","0.37202380952380953","0","151","2022-06-02T02:59:00.000Z","1654138740",
"2551","22b77d7829c68dcd","E2:1F:7B:35:CC:08","5.298013245033113","0","0.38109756097560976","0","151","2022-06-02T03:00:00.000Z","1654138800",
"2551","22b77d7829c68dcd","E2:1F:7B:35:CC:08","3.9735099337748343","0","0.390625","0","151","2022-06-02T03:01:00.000Z","1654138860",
"2551","22b77d7829c68dcd","E2:1F:7B:35:CC:08","3.9735099337748343","0","0.40064102564102566","0","151","2022-06-02T03:02:00.000Z","1654138920",
"2551","22b77d7829c68dcd","E2:1F:7B:35:CC:08","7.947019867549669","0","0.33967391304347827","1","151","2022-06-02T03:03:00.000Z","1654138980",
"2551","22b77d7829c68dcd","E2:1F:7B:35:CC:08","5.298013245033113","0","0.3472222222222222","0","151","2022-06-02T03:04:00.000Z","1654139040",
"2551","22b77d7829c68dcd","E2:1F:7B:35:CC:08","3.9735099337748343","0","0.3472222222222222","0","151","2022-06-02T03:05:00.000Z","1654139100",
"2551","22b77d7829c68dcd","E2:1F:7B:35:CC:08","2.6490066225165565","0","0.35511363636363635","0","151","2022-06-02T03:06:00.000Z","1654139160",
"2551","22b77d7829c68dcd","E2:1F:7B:35:CC:08","2.6490066225165565","0","0.3633720930232558","0","151","2022-06-02T03:07:00.000Z","1654139220",
"2551","22b77d7829c68dcd","E2:1F:7B:35:CC:08","2.6490066225165565","0","0.37202380952380953","0","151","2022-06-02T03:08:00.000Z","1654139280",
"2551","22b77d7829c68dcd","E2:1F:7B:35:CC:08","7.947019867549669","0","0.37202380952380953","0","151","2022-06-02T03:09:00.000Z","1654139340",
"2551","22b77d7829c68dcd","E2:1F:7B:35:CC:08","10.596026490066226","0","0.390625","0","151","2022-06-02T03:10:00.000Z","1654139400",
"2551","22b77d7829c68dcd","E2:1F:7B:35:CC:08","33.11258278145695","5","0.3324468085106383","0","151","2022-06-02T03:11:00.000Z","1654139460",
"2551","22b77d7829c68dcd","E2:1F:7B:35:CC:08","38.41059602649007","0","0.38109756097560976","0","151","2022-06-02T03:12:00.000Z","1654139520",
"2551","22b77d7829c68dcd","E2:1F:7B:35:CC:08","26.490066225165563","0","0.41118421052631576","0","151","2022-06-02T03:13:00.000Z","1654139580",
"2551","22b77d7829c68dcd","E2:1F:7B:35:CC:08","19.867549668874172","0","0.44642857142857145","0","151","2022-06-02T03:14:00.000Z","1654139640",
"2551","22b77d7829c68dcd","E2:1F:7B:35:CC:08","21.192052980132452","4","0.40064102564102566","0","151","2022-06-02T03:15:00.000Z","1654139700",
"2551","22b77d7829c68dcd","E2:1F:7B:35:CC:08","25.165562913907284","0","0.4340277777777778","0","151","2022-06-02T03:16:00.000Z","1654139760",
"2551","22b77d7829c68dcd","E2:1F:7B:35:CC:08","14.56953642384106","0","0.45955882352941174","0","151","2022-06-02T03:17:00.000Z","1654139820",
"2551","22b77d7829c68dcd","E2:1F:7B:35:CC:08","9.271523178807946","0","0.4734848484848485","0","151","2022-06-02T03:18:00.000Z","1654139880",
"2551","22b77d7829c68dcd","E2:1F:7B:35:CC:08","7.947019867549669","0","0.5040322580645161","0","151","2022-06-02T03:19:00.000Z","1654139940",
"2551","22b77d7829c68dcd","E2:1F:7B:35:CC:08","6.622516556291391","0","0.390625","0","151","2022-06-02T03:20:00.000Z","1654140000",
"2551","22b77d7829c68dcd","E2:1F:7B:35:CC:08","18.543046357615893","3","0.5040322580645161","0","151","2022-06-02T03:21:00.000Z","1654140060",
"2551","22b77d7829c68dcd","E2:1F:7B:35:CC:08","9.271523178807946","0","0.5040322580645161","0","151","2022-06-02T03:22:00.000Z","1654140120",
"2551","22b77d7829c68dcd","E2:1F:7B:35:CC:08","54.3046357615894","2","0.5040322580645161","4","151","2022-06-02T03:23:00.000Z","1654140180",
"2551","22b77d7829c68dcd","E2:1F:7B:35:CC:08","35.76158940397351","0","0.5580357142857143","0","151","2022-06-02T03:24:00.000Z","1654140240",
"2551","22b77d7829c68dcd","E2:1F:7B:35:CC:08","19.867549668874172","0","0.6009615384615384","0","151","2022-06-02T03:25:00.000Z","1654140300",
"2551","22b77d7829c68dcd","E2:1F:7B:35:CC:08","13.245033112582782","0","0.625","0","151","2022-06-02T03:26:00.000Z","1654140360",
"2551","22b77d7829c68dcd","E2:1F:7B:35:CC:08","10.596026490066226","0","0.5787037037037037","0","151","2022-06-02T03:27:00.000Z","1654140420",
"2551","22b77d7829c68dcd","E2:1F:7B:35:CC:08","13.245033112582782","0","0.625","0","151","2022-06-02T03:28:00.000Z","1654140480",
"2551","22b77d7829c68dcd","E2:1F:7B:35:CC:08","7.947019867549669","0","0.6510416666666666","0","151","2022-06-02T03:29:00.000Z","1654140540",
"2551","22b77d7829c68dcd","E2:1F:7B:35:CC:08","9.271523178807946","0","0.4222972972972973","1","151","2022-06-02T03:30:00.000Z","1654140600",
"2551","22b77d7829c68dcd","E2:1F:7B:35:CC:08","11.920529801324504","0","0.44642857142857145","0","151","2022-06-02T03:31:00.000Z","1654140660",
"2551","22b77d7829c68dcd","E2:1F:7B:35:CC:08","64.90066225165563","4","0.6009615384615384","0","151","2022-06-02T03:32:00.000Z","1654140720",
"2551","22b77d7829c68dcd","E2:1F:7B:35:CC:08","39.735099337748345","0","0.6793478260869565","0","151","2022-06-02T03:33:00.000Z","1654140780",
"2551","22b77d7829c68dcd","E2:1F:7B:35:CC:08","25.165562913907284","0","0.7440476190476191","0","151","2022-06-02T03:34:00.000Z","1654140840",
"2551","22b77d7829c68dcd","E2:1F:7B:35:CC:08","17.218543046357617","0","0.78125","0","151","2022-06-02T03:35:00.000Z","1654140900",
"2551","22b77d7829c68dcd","E2:1F:7B:35:CC:08","10.596026490066226","0","0.8223684210526315","0","151","2022-06-02T03:36:00.000Z","1654140960",
"2551","22b77d7829c68dcd","E2:1F:7B:35:CC:08","7.947019867549669","0","0.8680555555555556","0","151","2022-06-02T03:37:00.000Z","1654141020",
"2551","22b77d7829c68dcd","E2:1F:7B:35:CC:08","6.622516556291391","0","0.9191176470588235","0","151","2022-06-02T03:38:00.000Z","1654141080",
"2551","22b77d7829c68dcd","E2:1F:7B:35:CC:08","3.9735099337748343","0","0.9191176470588235","0","151","2022-06-02T03:39:00.000Z","1654141140",
"2551","22b77d7829c68dcd","E2:1F:7B:35:CC:08","3.9735099337748343","0","0.9765625","0","151","2022-06-02T03:40:00.000Z","1654141200",
"2551","22b77d7829c68dcd","E2:1F:7B:35:CC:08","3.9735099337748343","0","0.5040322580645161","2","151","2022-06-02T03:41:00.000Z","1654141260",
"2551","22b77d7829c68dcd","E2:1F:7B:35:CC:08","23.841059602649008","3","0.5580357142857143","1","151","2022-06-02T03:42:00.000Z","1654141320",
"2551","22b77d7829c68dcd","E2:1F:7B:35:CC:08","11.920529801324504","0","0.5580357142857143","0","151","2022-06-02T03:43:00.000Z","1654141380",
"2551","22b77d7829c68dcd","E2:1F:7B:35:CC:08","7.947019867549669","1","0.5040322580645161","4","151","2022-06-02T03:44:00.000Z","1654141440",
"2551","22b77d7829c68dcd","E2:1F:7B:35:CC:08","23.841059602649008","1","0.5387931034482759","0","151","2022-06-02T03:45:00.000Z","1654141500",
"2551","22b77d7829c68dcd","E2:1F:7B:35:CC:08","23.841059602649008","2","0.4222972972972973","5","151","2022-06-02T03:46:00.000Z","1654141560",
"2551","22b77d7829c68dcd","E2:1F:7B:35:CC:08","47.682119205298015","0","0.24801587301587302","1","151","2022-06-02T03:47:00.000Z","1654141620",
"2551","22b77d7829c68dcd","E2:1F:7B:35:CC:08","99.33774834437087","6","0.4734848484848485","0","151","2022-06-02T03:48:00.000Z","1654141680",
"2551","22b77d7829c68dcd","E2:1F:7B:35:CC:08","68.87417218543047","1","0.33967391304347827","9","151","2022-06-02T03:49:00.000Z","1654141740",
"2551","22b77d7829c68dcd","E2:1F:7B:35:CC:08","78.1456953642384","7","0.40064102564102566","5","151","2022-06-02T03:50:00.000Z","1654141800",
"2551","22b77d7829c68dcd","E2:1F:7B:35:CC:08","50.33112582781457","0","0.45955882352941174","0","151","2022-06-02T03:51:00.000Z","1654141860",
"2551","22b77d7829c68dcd","E2:1F:7B:35:CC:08","27.814569536423843","0","0.48828125","0","151","2022-06-02T03:52:00.000Z","1654141920",
"2551","22b77d7829c68dcd","E2:1F:7B:35:CC:08","15.894039735099337","0","0.5208333333333334","0","151","2022-06-02T03:53:00.000Z","1654141980",
"2551","22b77d7829c68dcd","E2:1F:7B:35:CC:08","10.596026490066226","0","0.5387931034482759","0","151","2022-06-02T03:54:00.000Z","1654142040",
"2551","22b77d7829c68dcd","E2:1F:7B:35:CC:08","7.947019867549669","0","0.5580357142857143","0","151","2022-06-02T03:55:00.000Z","1654142100",
"2551","22b77d7829c68dcd","E2:1F:7B:35:CC:08","5.298013245033113","0","0.5787037037037037","0","151","2022-06-02T03:56:00.000Z","1654142160",
"2551","22b77d7829c68dcd","E2:1F:7B:35:CC:08","3.9735099337748343","0","0.6009615384615384","0","151","2022-06-02T03:57:00.000Z","1654142220",
"2551","22b77d7829c68dcd","E2:1F:7B:35:CC:08","2.6490066225165565","0","0.6009615384615384","0","151","2022-06-02T03:58:00.000Z","1654142280",
"2551","22b77d7829c68dcd","E2:1F:7B:35:CC:08","14.56953642384106","0","0.5787037037037037","0","151","2022-06-02T03:59:00.000Z","1654142340",
"2551","22b77d7829c68dcd","E2:1F:7B:35:CC:08","7.947019867549669","0","0.5787037037037037","0","151","2022-06-02T04:00:00.000Z","1654142400",
"2551","22b77d7829c68dcd","E2:1F:7B:35:CC:08","5.298013245033113","0","0.5787037037037037","0","151","2022-06-02T04:01:00.000Z","1654142460",
"2551","22b77d7829c68dcd","E2:1F:7B:35:CC:08","3.9735099337748343","0","0.5787037037037037","0","151","2022-06-02T04:02:00.000Z","1654142520",
"2551","22b77d7829c68dcd","E2:1F:7B:35:CC:08","3.9735099337748343","0","0.5787037037037037","0","151","2022-06-02T04:03:00.000Z","1654142580",
"2551","22b77d7829c68dcd","E2:1F:7B:35:CC:08","3.9735099337748343","0","0.6009615384615384","0","151","2022-06-02T04:04:00.000Z","1654142640",
"2551","22b77d7829c68dcd","E2:1F:7B:35:CC:08","2.6490066225165565","0","0.6009615384615384","0","151","2022-06-02T04:05:00.000Z","1654142700",
"2551","22b77d7829c68dcd","E2:1F:7B:35:CC:08","3.9735099337748343","0","0.6009615384615384","0","151","2022-06-02T04:06:00.000Z","1654142760",
"2551","22b77d7829c68dcd","E2:1F:7B:35:CC:08","5.298013245033113","0","0.6009615384615384","0","151","2022-06-02T04:07:00.000Z","1654142820",
"2551","22b77d7829c68dcd","E2:1F:7B:35:CC:08","3.9735099337748343","0","0.6009615384615384","0","151","2022-06-02T04:08:00.000Z","1654142880",
"2551","22b77d7829c68dcd","E2:1F:7B:35:CC:08","3.9735099337748343","0","0.6009615384615384","0","151","2022-06-02T04:09:00.000Z","1654142940",
"2551","22b77d7829c68dcd","E2:1F:7B:35:CC:08","3.9735099337748343","0","0.6009615384615384","0","151","2022-06-02T04:10:00.000Z","1654143000",
"2551","22b77d7829c68dcd","E2:1F:7B:35:CC:08","3.9735099337748343","0","0.625","0","151","2022-06-02T04:11:00.000Z","1654143060",
"2551","22b77d7829c68dcd","E2:1F:7B:35:CC:08","3.9735099337748343","0","0.625","0","151","2022-06-02T04:12:00.000Z","1654143120",
"2551","22b77d7829c68dcd","E2:1F:7B:35:CC:08","3.9735099337748343","0","0.625","0","151","2022-06-02T04:13:00.000Z","1654143180",
"2551","22b77d7829c68dcd","E2:1F:7B:35:CC:08","3.9735099337748343","0","0.625","0","151","2022-06-02T04:14:00.000Z","1654143240",
"2551","22b77d7829c68dcd","E2:1F:7B:35:CC:08","5.298013245033113","0","0.625","0","151","2022-06-02T04:15:00.000Z","1654143300",
"2551","22b77d7829c68dcd","E2:1F:7B:35:CC:08","5.298013245033113","0","0.625","0","151","2022-06-02T04:16:00.000Z","1654143360",
"2551","22b77d7829c68dcd","E2:1F:7B:35:CC:08","3.9735099337748343","0","0.625","0","151","2022-06-02T04:17:00.000Z","1654143420",
"2551","22b77d7829c68dcd","E2:1F:7B:35:CC:08","3.9735099337748343","0","0.6510416666666666","0","151","2022-06-02T04:18:00.000Z","1654143480",
"2551","22b77d7829c68dcd","E2:1F:7B:35:CC:08","3.9735099337748343","0","0.37202380952380953","5","151","2022-06-02T04:19:00.000Z","1654143540",
"2551","22b77d7829c68dcd","E2:1F:7B:35:CC:08","22.516556291390728","3","0.45955882352941174","0","151","2022-06-02T04:20:00.000Z","1654143600",
"2551","22b77d7829c68dcd","E2:1F:7B:35:CC:08","13.245033112582782","0","0.4734848484848485","0","151","2022-06-02T04:21:00.000Z","1654143660",
"2551","22b77d7829c68dcd","E2:1F:7B:35:CC:08","6.622516556291391","0","0.48828125","0","151","2022-06-02T04:22:00.000Z","1654143720",
"2551","22b77d7829c68dcd","E2:1F:7B:35:CC:08","3.9735099337748343","0","0.48828125","0","151","2022-06-02T04:23:00.000Z","1654143780",
"2551","22b77d7829c68dcd","E2:1F:7B:35:CC:08","2.6490066225165565","0","0.5040322580645161","0","151","2022-06-02T04:24:00.000Z","1654143840",
"2551","22b77d7829c68dcd","E2:1F:7B:35:CC:08","2.6490066225165565","0","0.5208333333333334","0","151","2022-06-02T04:25:00.000Z","1654143900",
"2551","22b77d7829c68dcd","E2:1F:7B:35:CC:08","2.6490066225165565","0","0.5208333333333334","0","151","2022-06-02T04:26:00.000Z","1654143960",
"2551","22b77d7829c68dcd","E2:1F:7B:35:CC:08","2.6490066225165565","0","0.5208333333333334","0","151","2022-06-02T04:27:00.000Z","1654144020",
"2551","22b77d7829c68dcd","E2:1F:7B:35:CC:08","2.6490066225165565","0","0.5387931034482759","0","151","2022-06-02T04:28:00.000Z","1654144080",
"2551","22b77d7829c68dcd","E2:1F:7B:35:CC:08","22.516556291390728","3","0.35511363636363635","0","151","2022-06-02T04:30:00.000Z","1654144200",
"2551","22b77d7829c68dcd","E2:1F:7B:35:CC:08","27.814569536423843","0","0.390625","0","151","2022-06-02T04:31:00.000Z","1654144260",
"2551","22b77d7829c68dcd","E2:1F:7B:35:CC:08","18.543046357615893","0","0.41118421052631576","0","151","2022-06-02T04:32:00.000Z","1654144320",
"2551","22b77d7829c68dcd","E2:1F:7B:35:CC:08","13.245033112582782","0","0.390625","0","151","2022-06-02T04:33:00.000Z","1654144380",
"2551","22b77d7829c68dcd","E2:1F:7B:35:CC:08","11.920529801324504","0","0.41118421052631576","0","151","2022-06-02T04:34:00.000Z","1654144440",
"2551","22b77d7829c68dcd","E2:1F:7B:35:CC:08","7.947019867549669","0","0.4222972972972973","0","151","2022-06-02T04:35:00.000Z","1654144500",
"2551","22b77d7829c68dcd","E2:1F:7B:35:CC:08","7.947019867549669","0","0.5208333333333334","0","151","2022-06-02T04:36:00.000Z","1654144560",
"2551","22b77d7829c68dcd","E2:1F:7B:35:CC:08","13.245033112582782","0","0.5580357142857143","0","151","2022-06-02T04:37:00.000Z","1654144620",
"2551","22b77d7829c68dcd","E2:1F:7B:35:CC:08","9.271523178807946","0","0.5787037037037037","0","151","2022-06-02T04:38:00.000Z","1654144680",
"2551","22b77d7829c68dcd","E2:1F:7B:35:CC:08","59.602649006622514","5","0.3472222222222222","0","151","2022-06-02T04:40:00.000Z","1654144800",
"2551","22b77d7829c68dcd","E2:1F:7B:35:CC:08","34.437086092715234","0","0.37202380952380953","0","151","2022-06-02T04:41:00.000Z","1654144860",
"2551","22b77d7829c68dcd","E2:1F:7B:35:CC:08","22.516556291390728","1","0.4734848484848485","0","151","2022-06-02T04:42:00.000Z","1654144920",
"2551","22b77d7829c68dcd","E2:1F:7B:35:CC:08","14.56953642384106","0","0.48828125","0","151","2022-06-02T04:43:00.000Z","1654144980",
"2551","22b77d7829c68dcd","E2:1F:7B:35:CC:08","10.596026490066226","0","0.5040322580645161","0","151","2022-06-02T04:44:00.000Z","1654145040",
"2551","22b77d7829c68dcd","E2:1F:7B:35:CC:08","10.596026490066226","0","0.45955882352941174","0","151","2022-06-02T04:45:00.000Z","1654145100",
"2551","22b77d7829c68dcd","E2:1F:7B:35:CC:08","25.165562913907284","4","0.5040322580645161","1","151","2022-06-02T04:46:00.000Z","1654145160",
"2551","22b77d7829c68dcd","E2:1F:7B:35:CC:08","11.920529801324504","0","0.5040322580645161","0","151","2022-06-02T04:47:00.000Z","1654145220",
"2551","22b77d7829c68dcd","E2:1F:7B:35:CC:08","5.298013245033113","0","0.5208333333333334","0","151","2022-06-02T04:48:00.000Z","1654145280",
"2551","22b77d7829c68dcd","E2:1F:7B:35:CC:08","39.735099337748345","2","0.45955882352941174","1","151","2022-06-02T04:50:00.000Z","1654145400",
"2551","22b77d7829c68dcd","E2:1F:7B:35:CC:08","26.490066225165563","0","0.48828125","0","151","2022-06-02T04:51:00.000Z","1654145460",
"2551","22b77d7829c68dcd","E2:1F:7B:35:CC:08","22.516556291390728","0","0.5208333333333334","0","151","2022-06-02T04:52:00.000Z","1654145520",
"2551","22b77d7829c68dcd","E2:1F:7B:35:CC:08","13.245033112582782","0","0.5580357142857143","0","151","2022-06-02T04:53:00.000Z","1654145580",
"2551","22b77d7829c68dcd","E2:1F:7B:35:CC:08","9.271523178807946","0","0.5787037037037037","0","151","2022-06-02T04:54:00.000Z","1654145640",
"2551","22b77d7829c68dcd","E2:1F:7B:35:CC:08","7.947019867549669","0","0.4222972972972973","0","151","2022-06-02T04:55:00.000Z","1654145700",
"2551","22b77d7829c68dcd","E2:1F:7B:35:CC:08","13.245033112582782","0","0.5208333333333334","1","151","2022-06-02T04:56:00.000Z","1654145760",
"2551","22b77d7829c68dcd","E2:1F:7B:35:CC:08","9.271523178807946","0","0.5387931034482759","0","151","2022-06-02T04:57:00.000Z","1654145820",
"2551","22b77d7829c68dcd","E2:1F:7B:35:CC:08","5.298013245033113","0","0.40064102564102566","0","151","2022-06-02T04:58:00.000Z","1654145880",
"2551","22b77d7829c68dcd","E2:1F:7B:35:CC:08","30.4635761589404","5","0.41118421052631576","0","151","2022-06-02T05:00:00.000Z","1654146000",
"2551","22b77d7829c68dcd","E2:1F:7B:35:CC:08","31.788079470198674","1","0.40064102564102566","0","151","2022-06-02T05:01:00.000Z","1654146060",
"2551","22b77d7829c68dcd","E2:1F:7B:35:CC:08","21.192052980132452","0","0.37202380952380953","0","151","2022-06-02T05:04:00.000Z","1654146240",
"2551","22b77d7829c68dcd","E2:1F:7B:35:CC:08","31.788079470198674","2","0.35511363636363635","1","151","2022-06-02T05:05:00.000Z","1654146300",
"2551","22b77d7829c68dcd","E2:1F:7B:35:CC:08","42.384105960264904","4","0.390625","4","151","2022-06-02T05:06:00.000Z","1654146360",
"2551","22b77d7829c68dcd","E2:1F:7B:35:CC:08","43.70860927152318","2","0.41118421052631576","11","151","2022-06-02T05:07:00.000Z","1654146420",
"2551","22b77d7829c68dcd","E2:1F:7B:35:CC:08","66.2251655629139","8","0.390625","11","151","2022-06-02T05:08:00.000Z","1654146480",
"2551","22b77d7829c68dcd","E2:1F:7B:35:CC:08","52.980132450331126","3","0.38109756097560976","23","151","2022-06-02T05:09:00.000Z","1654146540",
"2551","22b77d7829c68dcd","E2:1F:7B:35:CC:08","51.65562913907285","2","0.3633720930232558","21","151","2022-06-02T05:10:00.000Z","1654146600",
"2551","22b77d7829c68dcd","E2:1F:7B:35:CC:08","52.980132450331126","8","0.3472222222222222","14","151","2022-06-02T05:11:00.000Z","1654146660",
"2551","22b77d7829c68dcd","E2:1F:7B:35:CC:08","39.735099337748345","0","0.3255208333333333","5","151","2022-06-02T05:12:00.000Z","1654146720",
"2551","22b77d7829c68dcd","E2:1F:7B:35:CC:08","41.05960264900662","0","0.27901785714285715","2","151","2022-06-02T05:13:00.000Z","1654146780",
"2551","22b77d7829c68dcd","E2:1F:7B:35:CC:08","43.70860927152318","2","0.25614754098360654","15","151","2022-06-02T05:14:00.000Z","1654146840",
"2551","22b77d7829c68dcd","E2:1F:7B:35:CC:08","52.980132450331126","7","0.24801587301587302","12","151","2022-06-02T05:15:00.000Z","1654146900",
"2551","22b77d7829c68dcd","E2:1F:7B:35:CC:08","63.57615894039735","6","0.22321428571428573","15","151","2022-06-02T05:16:00.000Z","1654146960",
"2551","22b77d7829c68dcd","E2:1F:7B:35:CC:08","54.3046357615894","1","0.22007042253521128","2","151","2022-06-02T05:17:00.000Z","1654147020",
"2551","22b77d7829c68dcd","E2:1F:7B:35:CC:08","59.602649006622514","7","0.2604166666666667","15","151","2022-06-02T05:18:00.000Z","1654147080",
"2551","22b77d7829c68dcd","E2:1F:7B:35:CC:08","55.629139072847686","5","0.20833333333333334","7","151","2022-06-02T05:19:00.000Z","1654147140",
"2551","22b77d7829c68dcd","E2:1F:7B:35:CC:08","54.3046357615894","5","0.1816860465116279","2","151","2022-06-02T05:20:00.000Z","1654147200",
"2551","22b77d7829c68dcd","E2:1F:7B:35:CC:08","59.602649006622514","8","0.19778481012658228","1","151","2022-06-02T05:21:00.000Z","1654147260",
"2551","22b77d7829c68dcd","E2:1F:7B:35:CC:08","52.980132450331126","5","0.19054878048780488","0","151","2022-06-02T05:22:00.000Z","1654147320",
"2551","22b77d7829c68dcd","E2:1F:7B:35:CC:08","59.602649006622514","2","0.18601190476190477","8","151","2022-06-02T05:23:00.000Z","1654147380",
"2551","22b77d7829c68dcd","E2:1F:7B:35:CC:08","43.70860927152318","3","0.20032051282051283","12","151","2022-06-02T05:24:00.000Z","1654147440",
"2551","22b77d7829c68dcd","E2:1F:7B:35:CC:08","45.033112582781456","9","0.12703252032520326","8","151","2022-06-02T05:25:00.000Z","1654147500",
"2551","22b77d7829c68dcd","E2:1F:7B:35:CC:08","47.682119205298015","6","0.15943877551020408","5","151","2022-06-02T05:26:00.000Z","1654147560",
"2551","22b77d7829c68dcd","E2:1F:7B:35:CC:08","51.65562913907285","0","0.13950892857142858","4","151","2022-06-02T05:27:00.000Z","1654147620",
"2551","22b77d7829c68dcd","E2:1F:7B:35:CC:08","45.033112582781456","3","0.1474056603773585","0","151","2022-06-02T05:28:00.000Z","1654147680",
"2551","22b77d7829c68dcd","E2:1F:7B:35:CC:08","39.735099337748345","4","0.14076576576576577","0","151","2022-06-02T05:29:00.000Z","1654147740",
"2551","22b77d7829c68dcd","E2:1F:7B:35:CC:08","39.735099337748345","1","0.14204545454545456","1","151","2022-06-02T05:30:00.000Z","1654147800",
"2551","22b77d7829c68dcd","E2:1F:7B:35:CC:08","34.437086092715234","1","0.1488095238095238","2","151","2022-06-02T05:31:00.000Z","1654147860",
"2551","22b77d7829c68dcd","E2:1F:7B:35:CC:08","34.437086092715234","3","0.12303149606299213","15","151","2022-06-02T05:32:00.000Z","1654147920",
"2551","22b77d7829c68dcd","E2:1F:7B:35:CC:08","38.41059602649007","0","0.12400793650793651","29","151","2022-06-02T05:33:00.000Z","1654147980",
"2551","22b77d7829c68dcd","E2:1F:7B:35:CC:08","45.033112582781456","4","0.16108247422680413","33","151","2022-06-02T05:34:00.000Z","1654148040",
"2551","22b77d7829c68dcd","E2:1F:7B:35:CC:08","63.57615894039735","7","0.16447368421052633","60","151","2022-06-02T05:35:00.000Z","1654148100",
"2551","22b77d7829c68dcd","E2:1F:7B:35:CC:08","54.3046357615894","3","0.16108247422680413","70","151","2022-06-02T05:36:00.000Z","1654148160",
"2551","22b77d7829c68dcd","E2:1F:7B:35:CC:08","52.980132450331126","3","0.13469827586206898","78","151","2022-06-02T05:37:00.000Z","1654148220",
"2551","22b77d7829c68dcd","E2:1F:7B:35:CC:08","62.25165562913907","6","0.10850694444444445","57","151","2022-06-02T05:38:00.000Z","1654148280",
"2551","22b77d7829c68dcd","E2:1F:7B:35:CC:08","87.41721854304636","3","0.1358695652173913","5","151","2022-06-02T05:39:00.000Z","1654148340",
"2551","22b77d7829c68dcd","E2:1F:7B:35:CC:08","56.95364238410596","1","0.14204545454545456","0","151","2022-06-02T05:40:00.000Z","1654148400",
"2551","22b77d7829c68dcd","E2:1F:7B:35:CC:08","37.086092715231786","0","0.13827433628318583","0","151","2022-06-02T05:41:00.000Z","1654148460",
"2551","22b77d7829c68dcd","E2:1F:7B:35:CC:08","35.76158940397351","1","0.20559210526315788","8","151","2022-06-02T05:42:00.000Z","1654148520",
"2551","22b77d7829c68dcd","E2:1F:7B:35:CC:08","56.95364238410596","3","0.0946969696969697","1","151","2022-06-02T05:44:00.000Z","1654148640",
"2551","22b77d7829c68dcd","E2:1F:7B:35:CC:08","94.03973509933775","14","0.13469827586206898","0","151","2022-06-02T05:45:00.000Z","1654148700",
"2551","22b77d7829c68dcd","E2:1F:7B:35:CC:08","78.1456953642384","7","0.16622340425531915","0","151","2022-06-02T05:46:00.000Z","1654148760",
"2551","22b77d7829c68dcd","E2:1F:7B:35:CC:08","58.27814569536424","6","0.19778481012658228","2","151","2022-06-02T05:47:00.000Z","1654148820",
"2551","22b77d7829c68dcd","E2:1F:7B:35:CC:08","37.086092715231786","0","0.2170138888888889","0","151","2022-06-02T05:48:00.000Z","1654148880",
"2551","22b77d7829c68dcd","E2:1F:7B:35:CC:08","22.516556291390728","1","0.20292207792207792","2","151","2022-06-02T05:49:00.000Z","1654148940",
"2551","22b77d7829c68dcd","E2:1F:7B:35:CC:08","41.05960264900662","2","0.22321428571428573","0","151","2022-06-02T05:50:00.000Z","1654149000",
"2551","22b77d7829c68dcd","E2:1F:7B:35:CC:08","33.11258278145695","0","0.15318627450980393","4","151","2022-06-02T05:51:00.000Z","1654149060",
"2551","22b77d7829c68dcd","E2:1F:7B:35:CC:08","34.437086092715234","1","0.16801075268817203","43","151","2022-06-02T05:52:00.000Z","1654149120",
"2551","22b77d7829c68dcd","E2:1F:7B:35:CC:08","37.086092715231786","2","0.16622340425531915","74","151","2022-06-02T05:53:00.000Z","1654149180",
"2551","22b77d7829c68dcd","E2:1F:7B:35:CC:08","49.00662251655629","10","0.1201923076923077","0","151","2022-06-02T05:56:00.000Z","1654149360",
"2551","22b77d7829c68dcd","E2:1F:7B:35:CC:08","56.95364238410596","5","0.14076576576576577","0","151","2022-06-02T05:57:00.000Z","1654149420",
"2551","22b77d7829c68dcd","E2:1F:7B:35:CC:08","62.25165562913907","6","0.15169902912621358","0","151","2022-06-02T05:58:00.000Z","1654149480",
"2551","22b77d7829c68dcd","E2:1F:7B:35:CC:08","74.17218543046357","5","0.15625","0","151","2022-06-02T05:59:00.000Z","1654149540",
"2551","22b77d7829c68dcd","E2:1F:7B:35:CC:08","92.71523178807946","5","0.20833333333333334","0","151","2022-06-02T06:00:00.000Z","1654149600",
"2551","22b77d7829c68dcd","E2:1F:7B:35:CC:08","52.980132450331126","0","0.20559210526315788","0","151","2022-06-02T06:01:00.000Z","1654149660",
"2551","22b77d7829c68dcd","E2:1F:7B:35:CC:08","34.437086092715234","0","0.062250996015936255","0","151","2022-06-02T06:02:00.000Z","1654149720",
"2551","22b77d7829c68dcd","E2:1F:7B:35:CC:08","45.033112582781456","10","0.15318627450980393","0","151","2022-06-02T06:03:00.000Z","1654149780",
"2551","22b77d7829c68dcd","E2:1F:7B:35:CC:08","64.90066225165563","10","0.18825301204819278","0","151","2022-06-02T06:04:00.000Z","1654149840",
"2551","22b77d7829c68dcd","E2:1F:7B:35:CC:08","72.8476821192053","3","0.16622340425531915","0","151","2022-06-02T06:05:00.000Z","1654149900",
"2551","22b77d7829c68dcd","E2:1F:7B:35:CC:08","87.41721854304636","8","0.17959770114942528","0","151","2022-06-02T06:07:00.000Z","1654150020",
"2551","22b77d7829c68dcd","E2:1F:7B:35:CC:08","75.49668874172185","7","0.14467592592592593","0","151","2022-06-02T06:08:00.000Z","1654150080",
"2551","22b77d7829c68dcd","E2:1F:7B:35:CC:08","80.79470198675497","10","0.2403846153846154","0","151","2022-06-02T06:09:00.000Z","1654150140",
"2551","22b77d7829c68dcd","E2:1F:7B:35:CC:08","70.19867549668874","4","0.1953125","0","151","2022-06-02T06:10:00.000Z","1654150200",
"2551","22b77d7829c68dcd","E2:1F:7B:35:CC:08","76.82119205298014","5","0.22977941176470587","0","151","2022-06-02T06:11:00.000Z","1654150260",
"2551","22b77d7829c68dcd","E2:1F:7B:35:CC:08","47.682119205298015","0","0.19778481012658228","0","151","2022-06-02T06:12:00.000Z","1654150320",
"2551","22b77d7829c68dcd","E2:1F:7B:35:CC:08","68.87417218543047","9","0.1717032967032967","2","151","2022-06-02T06:13:00.000Z","1654150380",
"2551","22b77d7829c68dcd","E2:1F:7B:35:CC:08","58.27814569536424","3","0.20292207792207792","0","151","2022-06-02T06:14:00.000Z","1654150440",
"2551","22b77d7829c68dcd","E2:1F:7B:35:CC:08","34.437086092715234","0","0.22321428571428573","0","151","2022-06-02T06:15:00.000Z","1654150500",
"2551","22b77d7829c68dcd","E2:1F:7B:35:CC:08","26.490066225165563","0","0.20833333333333334","0","151","2022-06-02T06:16:00.000Z","1654150560",
"2551","22b77d7829c68dcd","E2:1F:7B:35:CC:08","21.192052980132452","0","0.22321428571428573","0","151","2022-06-02T06:17:00.000Z","1654150620",
"2551","22b77d7829c68dcd","E2:1F:7B:35:CC:08","13.245033112582782","0","0.2332089552238806","0","151","2022-06-02T06:18:00.000Z","1654150680",
"2551","22b77d7829c68dcd","E2:1F:7B:35:CC:08","10.596026490066226","0","0.244140625","0","151","2022-06-02T06:19:00.000Z","1654150740",
"2551","22b77d7829c68dcd","E2:1F:7B:35:CC:08","9.271523178807946","0","0.24801587301587302","0","151","2022-06-02T06:20:00.000Z","1654150800",
"2551","22b77d7829c68dcd","E2:1F:7B:35:CC:08","7.947019867549669","0","0.25614754098360654","0","151","2022-06-02T06:21:00.000Z","1654150860",
"2551","22b77d7829c68dcd","E2:1F:7B:35:CC:08","6.622516556291391","0","0.2648305084745763","0","151","2022-06-02T06:22:00.000Z","1654150920",
"2551","22b77d7829c68dcd","E2:1F:7B:35:CC:08","3.9735099337748343","0","0.26939655172413796","0","151","2022-06-02T06:23:00.000Z","1654150980",
"2551","22b77d7829c68dcd","E2:1F:7B:35:CC:08","3.9735099337748343","0","0.2741228070175439","0","151","2022-06-02T06:24:00.000Z","1654151040",
"2551","22b77d7829c68dcd","E2:1F:7B:35:CC:08","3.9735099337748343","0","0.27901785714285715","0","151","2022-06-02T06:25:00.000Z","1654151100",
"2551","22b77d7829c68dcd","E2:1F:7B:35:CC:08","2.6490066225165565","0","0.27901785714285715","0","151","2022-06-02T06:26:00.000Z","1654151160",
"2551","22b77d7829c68dcd","E2:1F:7B:35:CC:08","3.9735099337748343","0","0.28935185185185186","0","151","2022-06-02T06:27:00.000Z","1654151220",
"2551","22b77d7829c68dcd","E2:1F:7B:35:CC:08","3.9735099337748343","0","0.294811320754717","0","151","2022-06-02T06:28:00.000Z","1654151280",
"2551","22b77d7829c68dcd","E2:1F:7B:35:CC:08","3.9735099337748343","0","0.28935185185185186","0","151","2022-06-02T06:29:00.000Z","1654151340",
"2551","22b77d7829c68dcd","E2:1F:7B:35:CC:08","3.9735099337748343","0","0.28935185185185186","0","151","2022-06-02T06:30:00.000Z","1654151400",
"2551","22b77d7829c68dcd","E2:1F:7B:35:CC:08","10.596026490066226","0","0.2840909090909091","0","151","2022-06-02T06:31:00.000Z","1654151460",
"2551","22b77d7829c68dcd","E2:1F:7B:35:CC:08","15.894039735099337","0","0.2648305084745763","0","151","2022-06-02T06:32:00.000Z","1654151520",
"2551","22b77d7829c68dcd","E2:1F:7B:35:CC:08","42.384105960264904","3","0.12303149606299213","0","151","2022-06-02T06:35:00.000Z","1654151700",
"2551","22b77d7829c68dcd","E2:1F:7B:35:CC:08","98.01324503311258","8","0.12807377049180327","0","151","2022-06-02T06:36:00.000Z","1654151760",
"2551","22b77d7829c68dcd","E2:1F:7B:35:CC:08","100","7","0.16801075268817203","0","151","2022-06-02T06:37:00.000Z","1654151820",
"2551","22b77d7829c68dcd","E2:1F:7B:35:CC:08","46.35761589403973","0","0.1736111111111111","0","151","2022-06-02T06:38:00.000Z","1654151880",
"2551","22b77d7829c68dcd","E2:1F:7B:35:CC:08","47.682119205298015","2","0.08267195767195767","0","151","2022-06-02T06:46:00.000Z","1654152360",
"2551","22b77d7829c68dcd","E2:1F:7B:35:CC:08","58.27814569536424","6","0.10702054794520548","0","151","2022-06-02T06:47:00.000Z","1654152420",
"2551","22b77d7829c68dcd","E2:1F:7B:35:CC:08","100","8","0.1220703125","0","151","2022-06-02T06:48:00.000Z","1654152480",
"2551","22b77d7829c68dcd","E2:1F:7B:35:CC:08","100","0","0.09356287425149701","0","151","2022-06-02T06:49:00.000Z","1654152540",
"2551","22b77d7829c68dcd","E2:1F:7B:35:CC:08","38.41059602649007","0","0.09704968944099379","0","151","2022-06-02T06:50:00.000Z","1654152600",
"2551","22b77d7829c68dcd","E2:1F:7B:35:CC:08","14.56953642384106","0","0.09765625","0","151","2022-06-02T06:51:00.000Z","1654152660",
"2551","22b77d7829c68dcd","E2:1F:7B:35:CC:08","9.271523178807946","0","0.10016025641025642","0","151","2022-06-02T06:52:00.000Z","1654152720",
"2551","22b77d7829c68dcd","E2:1F:7B:35:CC:08","42.384105960264904","3","0.0946969696969697","0","151","2022-06-02T06:53:00.000Z","1654152780",
"2551","22b77d7829c68dcd","E2:1F:7B:35:CC:08","67.54966887417218","4","0.11241007194244604","0","151","2022-06-02T06:55:00.000Z","1654152900",
"2551","22b77d7829c68dcd","E2:1F:7B:35:CC:08","56.95364238410596","8","0.10486577181208054","0","151","2022-06-02T06:56:00.000Z","1654152960",
"2551","22b77d7829c68dcd","E2:1F:7B:35:CC:08","26.490066225165563","0","0.10279605263157894","0","151","2022-06-02T06:57:00.000Z","1654153020",
"2551","22b77d7829c68dcd","E2:1F:7B:35:CC:08","26.490066225165563","0","0.10080645161290322","0","151","2022-06-02T06:58:00.000Z","1654153080",
"2551","22b77d7829c68dcd","E2:1F:7B:35:CC:08","15.894039735099337","0","0.10416666666666667","0","151","2022-06-02T06:59:00.000Z","1654153140",
"2551","22b77d7829c68dcd","E2:1F:7B:35:CC:08","14.56953642384106","0","0.09704968944099379","0","151","2022-06-02T07:00:00.000Z","1654153200",
"2551","22b77d7829c68dcd","E2:1F:7B:35:CC:08","52.980132450331126","10","0.08180628272251309","1","151","2022-06-02T07:31:00.000Z","1654155060",
"2551","22b77d7829c68dcd","E2:1F:7B:35:CC:08","62.25165562913907","11","0.09031791907514451","0","151","2022-06-02T07:32:00.000Z","1654155120",
"2551","22b77d7829c68dcd","E2:1F:7B:35:CC:08","52.980132450331126","7","0.09585889570552147","4","151","2022-06-02T07:33:00.000Z","1654155180",
"2551","22b77d7829c68dcd","E2:1F:7B:35:CC:08","38.41059602649007","3","0.10080645161290322","2","151","2022-06-02T07:34:00.000Z","1654155240",
"2551","22b77d7829c68dcd","E2:1F:7B:35:CC:08","30.4635761589404","0","0.10850694444444445","1","151","2022-06-02T07:35:00.000Z","1654155300",
"2551","22b77d7829c68dcd","E2:1F:7B:35:CC:08","23.841059602649008","0","0.09765625","0","151","2022-06-02T07:36:00.000Z","1654155360",
"2551","22b77d7829c68dcd","E2:1F:7B:35:CC:08","31.788079470198674","3","0.11322463768115942","1","151","2022-06-02T07:37:00.000Z","1654155420",
"2551","22b77d7829c68dcd","E2:1F:7B:35:CC:08","33.11258278145695","3","0.10146103896103896","1","151","2022-06-02T07:38:00.000Z","1654155480",
"2551","22b77d7829c68dcd","E2:1F:7B:35:CC:08","71.52317880794702","6","0.08355614973262032","5","151","2022-06-02T07:46:00.000Z","1654155960",
"2551","22b77d7829c68dcd","E2:1F:7B:35:CC:08","51.65562913907285","4","0.08355614973262032","0","151","2022-06-02T07:47:00.000Z","1654156020",
"2551","22b77d7829c68dcd","E2:1F:7B:35:CC:08","67.54966887417218","6","0.08223684210526316","1","151","2022-06-02T07:48:00.000Z","1654156080",
"2551","22b77d7829c68dcd","E2:1F:7B:35:CC:08","79.47019867549669","7","0.0877808988764045","2","151","2022-06-02T07:49:00.000Z","1654156140",
"2551","22b77d7829c68dcd","E2:1F:7B:35:CC:08","75.49668874172185","9","0.07233796296296297","1","151","2022-06-02T07:50:00.000Z","1654156200",
"2551","22b77d7829c68dcd","E2:1F:7B:35:CC:08","54.3046357615894","4","0.10080645161290322","2","151","2022-06-02T07:58:00.000Z","1654156680",
"2551","22b77d7829c68dcd","E2:1F:7B:35:CC:08","50.33112582781457","3","0.10557432432432433","0","151","2022-06-02T07:59:00.000Z","1654156740",
"2551","22b77d7829c68dcd","E2:1F:7B:35:CC:08","46.35761589403973","6","0.09137426900584796","1","151","2022-06-02T08:00:00.000Z","1654156800",
"2551","22b77d7829c68dcd","E2:1F:7B:35:CC:08","63.57615894039735","6","0.08729050279329609","1","151","2022-06-02T08:01:00.000Z","1654156860",
"2551","22b77d7829c68dcd","E2:1F:7B:35:CC:08","91.3907284768212","4","0.09191176470588236","0","151","2022-06-02T08:02:00.000Z","1654156920",
"2551","22b77d7829c68dcd","E2:1F:7B:35:CC:08","86.09271523178808","9","0.09356287425149701","0","151","2022-06-02T08:03:00.000Z","1654156980",
"2551","22b77d7829c68dcd","E2:1F:7B:35:CC:08","70.19867549668874","3","0.0946969696969697","2","151","2022-06-02T08:04:00.000Z","1654157040",
"2551","22b77d7829c68dcd","E2:1F:7B:35:CC:08","59.602649006622514","6","0.09084302325581395","0","151","2022-06-02T08:05:00.000Z","1654157100",
"2551","22b77d7829c68dcd","E2:1F:7B:35:CC:08","60.9271523178808","4","0.06913716814159292","2","151","2022-06-02T08:06:00.000Z","1654157160",
"2551","22b77d7829c68dcd","E2:1F:7B:35:CC:08","71.52317880794702","9","0.06592827004219409","0","151","2022-06-02T08:07:00.000Z","1654157220",
"2551","22b77d7829c68dcd","E2:1F:7B:35:CC:08","68.87417218543047","10","0.0877808988764045","0","151","2022-06-02T08:08:00.000Z","1654157280",
"2551","22b77d7829c68dcd","E2:1F:7B:35:CC:08","60.9271523178808","6","0.07621951219512195","0","151","2022-06-02T08:09:00.000Z","1654157340",
"2551","22b77d7829c68dcd","E2:1F:7B:35:CC:08","91.3907284768212","7","0.12807377049180327","0","151","2022-06-02T08:16:00.000Z","1654157760",
"2551","22b77d7829c68dcd","E2:1F:7B:35:CC:08","78.1456953642384","5","0.10212418300653595","0","151","2022-06-02T08:17:00.000Z","1654157820",
"2551","22b77d7829c68dcd","E2:1F:7B:35:CC:08","56.95364238410596","3","0.10557432432432433","0","151","2022-06-02T08:18:00.000Z","1654157880",
"2551","22b77d7829c68dcd","E2:1F:7B:35:CC:08","50.33112582781457","3","0.09412650602409639","1","151","2022-06-02T08:19:00.000Z","1654157940",
"2551","22b77d7829c68dcd","E2:1F:7B:35:CC:08","71.52317880794702","9","0.09356287425149701","1","151","2022-06-02T08:20:00.000Z","1654158000",
"2551","22b77d7829c68dcd","E2:1F:7B:35:CC:08","60.9271523178808","6","0.09585889570552147","0","151","2022-06-02T08:21:00.000Z","1654158060",
"2551","22b77d7829c68dcd","E2:1F:7B:35:CC:08","58.27814569536424","2","0.08928571428571429","0","151","2022-06-02T08:22:00.000Z","1654158120",
"2551","22b77d7829c68dcd","E2:1F:7B:35:CC:08","71.52317880794702","6","0.13020833333333334","1","151","2022-06-02T08:23:00.000Z","1654158180",
"2551","22b77d7829c68dcd","E2:1F:7B:35:CC:08","78.1456953642384","11","0.11322463768115942","2","151","2022-06-02T08:24:00.000Z","1654158240",
"2551","22b77d7829c68dcd","E2:1F:7B:35:CC:08","86.09271523178808","4","0.10926573426573427","0","151","2022-06-02T08:25:00.000Z","1654158300",
"2551","22b77d7829c68dcd","E2:1F:7B:35:CC:08","74.17218543046357","10","0.10486577181208054","1","151","2022-06-02T08:26:00.000Z","1654158360",
"2551","22b77d7829c68dcd","E2:1F:7B:35:CC:08","55.629139072847686","6","0.1201923076923077","0","151","2022-06-02T08:27:00.000Z","1654158420",
"2551","22b77d7829c68dcd","E2:1F:7B:35:CC:08","42.384105960264904","1","0.11837121212121213","0","151","2022-06-02T08:28:00.000Z","1654158480",
"2551","22b77d7829c68dcd","E2:1F:7B:35:CC:08","47.682119205298015","4","0.12112403100775193","0","151","2022-06-02T08:29:00.000Z","1654158540",
"2551","22b77d7829c68dcd","E2:1F:7B:35:CC:08","60.9271523178808","4","0.11574074074074074","0","151","2022-06-02T08:30:00.000Z","1654158600",
"2551","22b77d7829c68dcd","E2:1F:7B:35:CC:08","58.27814569536424","5","0.11003521126760564","1","151","2022-06-02T08:31:00.000Z","1654158660",
"2551","22b77d7829c68dcd","E2:1F:7B:35:CC:08","90.06622516556291","8","0.13020833333333334","0","151","2022-06-02T08:32:00.000Z","1654158720",
"2551","22b77d7829c68dcd","E2:1F:7B:35:CC:08","83.44370860927152","4","0.11405109489051095","0","151","2022-06-02T08:33:00.000Z","1654158780",
"2551","22b77d7829c68dcd","E2:1F:7B:35:CC:08","92.71523178807946","5","0.08877840909090909","0","151","2022-06-02T08:34:00.000Z","1654158840",
"2551","22b77d7829c68dcd","E2:1F:7B:35:CC:08","100","8","0.09765625","2","151","2022-06-02T08:35:00.000Z","1654158900",
"2551","22b77d7829c68dcd","E2:1F:7B:35:CC:08","100","9","0.10557432432432433","1","151","2022-06-02T08:36:00.000Z","1654158960",
"2551","22b77d7829c68dcd","E2:1F:7B:35:CC:08","100","5","0.0882768361581921","0","151","2022-06-02T08:37:00.000Z","1654159020",
"2551","22b77d7829c68dcd","E2:1F:7B:35:CC:08","100","9","0.08054123711340207","2","151","2022-06-02T08:38:00.000Z","1654159080",
"2551","22b77d7829c68dcd","E2:1F:7B:35:CC:08","100","10","0.07476076555023924","2","151","2022-06-02T08:39:00.000Z","1654159140",
"2551","22b77d7829c68dcd","E2:1F:7B:35:CC:08","100","12","0.15782828282828282","1","151","2022-06-02T08:51:00.000Z","1654159860",
"2551","22b77d7829c68dcd","E2:1F:7B:35:CC:08","96.6887417218543","6","0.062250996015936255","0","151","2022-06-02T09:19:00.000Z","1654161540",
"2551","22b77d7829c68dcd","E2:1F:7B:35:CC:08","92.71523178807946","2","0.11322463768115942","0","151","2022-06-02T09:27:00.000Z","1654162020",
"2551","22b77d7829c68dcd","E2:1F:7B:35:CC:08","87.41721854304636","6","0.1174812030075188","1","151","2022-06-02T09:28:00.000Z","1654162080",
"2551","22b77d7829c68dcd","E2:1F:7B:35:CC:08","68.87417218543047","9","0.10702054794520548","0","151","2022-06-02T09:29:00.000Z","1654162140",
"2551","22b77d7829c68dcd","E2:1F:7B:35:CC:08","42.384105960264904","3","0.11405109489051095","1","151","2022-06-02T09:30:00.000Z","1654162200",
"2551","22b77d7829c68dcd","E2:1F:7B:35:CC:08","26.490066225165563","0","0.10279605263157894","0","151","2022-06-02T09:31:00.000Z","1654162260",
"2551","22b77d7829c68dcd","E2:1F:7B:35:CC:08","30.4635761589404","3","0.09527439024390244","0","151","2022-06-02T09:32:00.000Z","1654162320",
"2551","22b77d7829c68dcd","E2:1F:7B:35:CC:08","46.35761589403973","10","0.10080645161290322","1","151","2022-06-02T09:33:00.000Z","1654162380",
"2551","22b77d7829c68dcd","E2:1F:7B:35:CC:08","70.58823529411765","4","0.1201923076923077","2","153","2022-06-02T09:35:00.000Z","1654162500",
"2551","22b77d7829c68dcd","E2:1F:7B:35:CC:08","52.287581699346404","0","0.11160714285714286","1","153","2022-06-02T09:36:00.000Z","1654162560",
"2551","22b77d7829c68dcd","E2:1F:7B:35:CC:08","53.59477124183007","9","0.14204545454545456","0","153","2022-06-02T09:37:00.000Z","1654162620",
"2551","22b77d7829c68dcd","E2:1F:7B:35:CC:08","61.43790849673203","3","0.13827433628318583","0","153","2022-06-02T09:38:00.000Z","1654162680",
"2551","22b77d7829c68dcd","E2:1F:7B:35:CC:08","53.59477124183007","2","0.12913223140495866","0","153","2022-06-02T09:39:00.000Z","1654162740",
"2551","22b77d7829c68dcd","E2:1F:7B:35:CC:08","50.98039215686274","7","0.10775862068965517","12","153","2022-06-02T09:40:00.000Z","1654162800",
"2551","22b77d7829c68dcd","E2:1F:7B:35:CC:08","52.287581699346404","3","0.09827044025157233","5","153","2022-06-02T09:41:00.000Z","1654162860",
"2551","22b77d7829c68dcd","E2:1F:7B:35:CC:08","43.13725490196079","2","0.07584951456310679","0","153","2022-06-02T09:43:00.000Z","1654162980",
"2551","22b77d7829c68dcd","E2:1F:7B:35:CC:08","40.52287581699346","3","0.09585889570552147","0","153","2022-06-02T09:44:00.000Z","1654163040",
"2551","22b77d7829c68dcd","E2:1F:7B:35:CC:08","35.294117647058826","1","0.09645061728395062","1","153","2022-06-02T09:45:00.000Z","1654163100",
"2551","22b77d7829c68dcd","E2:1F:7B:35:CC:08","39.21568627450981","8","0.09765625","0","153","2022-06-02T09:46:00.000Z","1654163160",
"2551","22b77d7829c68dcd","E2:1F:7B:35:CC:08","52.287581699346404","7","0.10212418300653595","0","153","2022-06-02T09:47:00.000Z","1654163220",
"2551","22b77d7829c68dcd","E2:1F:7B:35:CC:08","79.73856209150327","6","0.09356287425149701","1","153","2022-06-02T09:48:00.000Z","1654163280",
"2551","22b77d7829c68dcd","E2:1F:7B:35:CC:08","77.12418300653594","6","0.07200460829493087","1","153","2022-06-02T09:49:00.000Z","1654163340",
"2551","22b77d7829c68dcd","E2:1F:7B:35:CC:08","79.73856209150327","4","0.06565126050420168","0","153","2022-06-02T09:50:00.000Z","1654163400",
"2551","22b77d7829c68dcd","E2:1F:7B:35:CC:08","45.751633986928105","1","0.3324468085106383","37","153","2022-06-02T09:51:00.000Z","1654163460",
"2551","22b77d7829c68dcd","E2:1F:7B:35:CC:08","44.44444444444444","5","0.23674242424242425","1","153","2022-06-02T09:52:00.000Z","1654163520",
"2551","22b77d7829c68dcd","E2:1F:7B:35:CC:08","56.209150326797385","5","0.13354700854700854","8","153","2022-06-02T09:53:00.000Z","1654163580",
"2551","22b77d7829c68dcd","E2:1F:7B:35:CC:08","95.42483660130719","8","0.16983695652173914","2","153","2022-06-02T09:54:00.000Z","1654163640",
"2551","22b77d7829c68dcd","E2:1F:7B:35:CC:08","100","7","0.15943877551020408","0","153","2022-06-02T09:55:00.000Z","1654163700",
"2551","22b77d7829c68dcd","E2:1F:7B:35:CC:08","100","3","0.26939655172413796","2","153","2022-06-02T09:56:00.000Z","1654163760",
"2551","22b77d7829c68dcd","E2:1F:7B:35:CC:08","70.58823529411765","4","0.22007042253521128","0","153","2022-06-02T09:57:00.000Z","1654163820",
"2551","22b77d7829c68dcd","E2:1F:7B:35:CC:08","65.359477124183","3","0.2648305084745763","0","153","2022-06-02T09:58:00.000Z","1654163880",
"2551","22b77d7829c68dcd","E2:1F:7B:35:CC:08","41.830065359477125","1","0.2648305084745763","0","153","2022-06-02T09:59:00.000Z","1654163940",
"2551","22b77d7829c68dcd","E2:1F:7B:35:CC:08","32.6797385620915","2","0.27901785714285715","0","153","2022-06-02T10:00:00.000Z","1654164000",
"2551","22b77d7829c68dcd","E2:1F:7B:35:CC:08","35.294117647058826","4","0.3324468085106383","0","153","2022-06-02T10:01:00.000Z","1654164060",
"2551","22b77d7829c68dcd","E2:1F:7B:35:CC:08","60.130718954248366","7","0.390625","2","153","2022-06-02T10:02:00.000Z","1654164120",
"2551","22b77d7829c68dcd","E2:1F:7B:35:CC:08","53.59477124183007","7","0.4340277777777778","4","153","2022-06-02T10:03:00.000Z","1654164180",
"2551","22b77d7829c68dcd","E2:1F:7B:35:CC:08","50.98039215686274","5","0.44642857142857145","1","153","2022-06-02T10:04:00.000Z","1654164240",
"2551","22b77d7829c68dcd","E2:1F:7B:35:CC:08","45.751633986928105","7","0.4734848484848485","1","153","2022-06-02T10:05:00.000Z","1654164300",
"2551","22b77d7829c68dcd","E2:1F:7B:35:CC:08","44.44444444444444","4","0.48828125","2","153","2022-06-02T10:06:00.000Z","1654164360",
"2551","22b77d7829c68dcd","E2:1F:7B:35:CC:08","54.90196078431372","5","0.48828125","1","153","2022-06-02T10:07:00.000Z","1654164420",
"2551","22b77d7829c68dcd","E2:1F:7B:35:CC:08","52.287581699346404","4","0.5040322580645161","4","153","2022-06-02T10:08:00.000Z","1654164480",
"2551","22b77d7829c68dcd","E2:1F:7B:35:CC:08","43.13725490196079","5","0.5580357142857143","1","153","2022-06-02T10:09:00.000Z","1654164540",
"2551","22b77d7829c68dcd","E2:1F:7B:35:CC:08","35.294117647058826","2","0.5208333333333334","5","153","2022-06-02T10:10:00.000Z","1654164600",
"2551","22b77d7829c68dcd","E2:1F:7B:35:CC:08","56.209150326797385","1","0.0882768361581921","0","153","2022-06-02T10:11:00.000Z","1654164660",
"2551","22b77d7829c68dcd","E2:1F:7B:35:CC:08","48.36601307189542","2","0.6510416666666666","2","153","2022-06-02T10:12:00.000Z","1654164720",
"2551","22b77d7829c68dcd","E2:1F:7B:35:CC:08","26.143790849673202","0","0.625","2","153","2022-06-02T10:13:00.000Z","1654164780",
"2551","22b77d7829c68dcd","E2:1F:7B:35:CC:08","41.830065359477125","2","0.7102272727272727","1","153","2022-06-02T10:14:00.000Z","1654164840",
"2551","22b77d7829c68dcd","E2:1F:7B:35:CC:08","40.52287581699346","4","0.7102272727272727","5","153","2022-06-02T10:15:00.000Z","1654164900",
"2551","22b77d7829c68dcd","E2:1F:7B:35:CC:08","30.065359477124183","2","0.7102272727272727","4","153","2022-06-02T10:16:00.000Z","1654164960",
"2551","22b77d7829c68dcd","E2:1F:7B:35:CC:08","43.13725490196079","2","0.6793478260869565","4","153","2022-06-02T10:17:00.000Z","1654165020",
"2551","22b77d7829c68dcd","E2:1F:7B:35:CC:08","40.52287581699346","2","0.6510416666666666","0","153","2022-06-02T10:18:00.000Z","1654165080",
"2551","22b77d7829c68dcd","E2:1F:7B:35:CC:08","54.90196078431372","5","0.7440476190476191","8","153","2022-06-02T10:19:00.000Z","1654165140",
"2551","22b77d7829c68dcd","E2:1F:7B:35:CC:08","65.359477124183","3","0.7440476190476191","5","153","2022-06-02T10:20:00.000Z","1654165200",
"2551","22b77d7829c68dcd","E2:1F:7B:35:CC:08","35.294117647058826","0","0.7440476190476191","4","153","2022-06-02T10:21:00.000Z","1654165260",
"2551","22b77d7829c68dcd","E2:1F:7B:35:CC:08","31.372549019607842","2","0.7440476190476191","2","153","2022-06-02T10:22:00.000Z","1654165320",
"2551","22b77d7829c68dcd","E2:1F:7B:35:CC:08","45.751633986928105","7","0.7440476190476191","4","153","2022-06-02T10:23:00.000Z","1654165380",
"2551","22b77d7829c68dcd","E2:1F:7B:35:CC:08","49.673202614379086","3","0.7440476190476191","5","153","2022-06-02T10:24:00.000Z","1654165440",
"2551","22b77d7829c68dcd","E2:1F:7B:35:CC:08","48.36601307189542","3","0.78125","5","153","2022-06-02T10:25:00.000Z","1654165500",
"2551","22b77d7829c68dcd","E2:1F:7B:35:CC:08","62.745098039215684","4","0.1166044776119403","1","153","2022-06-02T10:34:00.000Z","1654166040",
"2551","22b77d7829c68dcd","E2:1F:7B:35:CC:08","77.12418300653594","6","0.12913223140495866","2","153","2022-06-02T10:35:00.000Z","1654166100",
"2551","22b77d7829c68dcd","E2:1F:7B:35:CC:08","60.130718954248366","6","0.1474056603773585","0","153","2022-06-02T10:36:00.000Z","1654166160",
"2551","22b77d7829c68dcd","E2:1F:7B:35:CC:08","47.05882352941177","5","0.15169902912621358","0","153","2022-06-02T10:37:00.000Z","1654166220",
"2551","22b77d7829c68dcd","E2:1F:7B:35:CC:08","44.44444444444444","3","0.16276041666666666","2","153","2022-06-02T10:38:00.000Z","1654166280",
"2551","22b77d7829c68dcd","E2:1F:7B:35:CC:08","57.51633986928105","4","0.15318627450980393","1","153","2022-06-02T10:39:00.000Z","1654166340",
"2551","22b77d7829c68dcd","E2:1F:7B:35:CC:08","57.51633986928105","2","0.16801075268817203","0","153","2022-06-02T10:40:00.000Z","1654166400",
"2551","22b77d7829c68dcd","E2:1F:7B:35:CC:08","47.05882352941177","1","0.16801075268817203","1","153","2022-06-02T10:41:00.000Z","1654166460",
"2551","22b77d7829c68dcd","E2:1F:7B:35:CC:08","43.13725490196079","1","0.175561797752809","1","153","2022-06-02T10:42:00.000Z","1654166520",
"2551","22b77d7829c68dcd","E2:1F:7B:35:CC:08","35.294117647058826","1","0.18601190476190477","0","153","2022-06-02T10:43:00.000Z","1654166580",
"2551","22b77d7829c68dcd","E2:1F:7B:35:CC:08","37.908496732026144","3","0.20292207792207792","0","153","2022-06-02T10:44:00.000Z","1654166640",
"2551","22b77d7829c68dcd","E2:1F:7B:35:CC:08","47.05882352941177","4","0.20833333333333334","0","153","2022-06-02T10:45:00.000Z","1654166700",
"2551","22b77d7829c68dcd","E2:1F:7B:35:CC:08","40.52287581699346","0","0.21114864864864866","0","153","2022-06-02T10:46:00.000Z","1654166760",
"2551","22b77d7829c68dcd","E2:1F:7B:35:CC:08","32.6797385620915","0","0.2170138888888889","0","153","2022-06-02T10:47:00.000Z","1654166820",
"2551","22b77d7829c68dcd","E2:1F:7B:35:CC:08","35.294117647058826","0","0.22977941176470587","0","153","2022-06-02T10:48:00.000Z","1654166880",
"2551","22b77d7829c68dcd","E2:1F:7B:35:CC:08","33.98692810457516","0","0.22644927536231885","1","153","2022-06-02T10:49:00.000Z","1654166940",
"2551","22b77d7829c68dcd","E2:1F:7B:35:CC:08","31.372549019607842","1","0.22977941176470587","1","153","2022-06-02T10:50:00.000Z","1654167000",
"2551","22b77d7829c68dcd","E2:1F:7B:35:CC:08","30.065359477124183","0","0.23674242424242425","0","153","2022-06-02T10:51:00.000Z","1654167060",
"2551","22b77d7829c68dcd","E2:1F:7B:35:CC:08","28.758169934640524","0","0.25201612903225806","1","153","2022-06-02T10:52:00.000Z","1654167120",
"2551","22b77d7829c68dcd","E2:1F:7B:35:CC:08","36.60130718954248","0","0.24801587301587302","0","153","2022-06-02T10:53:00.000Z","1654167180",
"2551","22b77d7829c68dcd","E2:1F:7B:35:CC:08","24.836601307189543","0","0.25201612903225806","0","153","2022-06-02T10:54:00.000Z","1654167240",
"2551","22b77d7829c68dcd","E2:1F:7B:35:CC:08","30.065359477124183","1","0.25201612903225806","1","153","2022-06-02T10:55:00.000Z","1654167300",
"2551","22b77d7829c68dcd","E2:1F:7B:35:CC:08","28.758169934640524","1","0.25614754098360654","0","153","2022-06-02T10:56:00.000Z","1654167360",
"2551","22b77d7829c68dcd","E2:1F:7B:35:CC:08","41.830065359477125","3","0.2604166666666667","0","153","2022-06-02T10:57:00.000Z","1654167420",
"2551","22b77d7829c68dcd","E2:1F:7B:35:CC:08","44.44444444444444","3","0.27901785714285715","1","153","2022-06-02T10:58:00.000Z","1654167480",
"2551","22b77d7829c68dcd","E2:1F:7B:35:CC:08","65.359477124183","4","0.2741228070175439","0","153","2022-06-02T10:59:00.000Z","1654167540",
"2551","22b77d7829c68dcd","E2:1F:7B:35:CC:08","49.673202614379086","5","0.27901785714285715","1","153","2022-06-02T11:00:00.000Z","1654167600",
"2551","22b77d7829c68dcd","E2:1F:7B:35:CC:08","37.908496732026144","2","0.25201612903225806","0","153","2022-06-02T11:01:00.000Z","1654167660",
"2551","22b77d7829c68dcd","E2:1F:7B:35:CC:08","49.673202614379086","5","0.28935185185185186","0","153","2022-06-02T11:02:00.000Z","1654167720",
"2551","22b77d7829c68dcd","E2:1F:7B:35:CC:08","32.6797385620915","0","0.28935185185185186","0","153","2022-06-02T11:03:00.000Z","1654167780",
"2551","22b77d7829c68dcd","E2:1F:7B:35:CC:08","30.065359477124183","0","0.26939655172413796","2","153","2022-06-02T11:04:00.000Z","1654167840",
"2551","22b77d7829c68dcd","E2:1F:7B:35:CC:08","44.44444444444444","2","0.2840909090909091","1","153","2022-06-02T11:05:00.000Z","1654167900",
"2551","22b77d7829c68dcd","E2:1F:7B:35:CC:08","45.751633986928105","3","0.31887755102040816","0","153","2022-06-02T11:06:00.000Z","1654167960",
"2551","22b77d7829c68dcd","E2:1F:7B:35:CC:08","37.908496732026144","3","0.3324468085106383","0","153","2022-06-02T11:07:00.000Z","1654168020",
"2551","22b77d7829c68dcd","E2:1F:7B:35:CC:08","26.143790849673202","0","0.3324468085106383","0","153","2022-06-02T11:08:00.000Z","1654168080",
"2551","22b77d7829c68dcd","E2:1F:7B:35:CC:08","36.60130718954248","3","0.3255208333333333","0","153","2022-06-02T11:09:00.000Z","1654168140",
"2551","22b77d7829c68dcd","E2:1F:7B:35:CC:08","40.52287581699346","3","0.33967391304347827","0","153","2022-06-02T11:10:00.000Z","1654168200",
"2551","22b77d7829c68dcd","E2:1F:7B:35:CC:08","40.52287581699346","2","0.3472222222222222","0","153","2022-06-02T11:11:00.000Z","1654168260",
"2551","22b77d7829c68dcd","E2:1F:7B:35:CC:08","27.45098039215686","0","0.3472222222222222","0","153","2022-06-02T11:12:00.000Z","1654168320",
"2551","22b77d7829c68dcd","E2:1F:7B:35:CC:08","20.915032679738562","0","0.33967391304347827","0","153","2022-06-02T11:13:00.000Z","1654168380",
"2551","22b77d7829c68dcd","E2:1F:7B:35:CC:08","27.45098039215686","0","0.31887755102040816","0","153","2022-06-02T11:14:00.000Z","1654168440",
"2551","22b77d7829c68dcd","E2:1F:7B:35:CC:08","30.065359477124183","0","0.30637254901960786","0","153","2022-06-02T11:15:00.000Z","1654168500",
"2551","22b77d7829c68dcd","E2:1F:7B:35:CC:08","30.065359477124183","1","0.30637254901960786","1","153","2022-06-02T11:16:00.000Z","1654168560",
"2551","22b77d7829c68dcd","E2:1F:7B:35:CC:08","31.372549019607842","0","0.3125","0","153","2022-06-02T11:17:00.000Z","1654168620",
"2551","22b77d7829c68dcd","E2:1F:7B:35:CC:08","24.836601307189543","0","0.31887755102040816","0","153","2022-06-02T11:18:00.000Z","1654168680",
"2551","22b77d7829c68dcd","E2:1F:7B:35:CC:08","24.836601307189543","1","0.3255208333333333","0","153","2022-06-02T11:19:00.000Z","1654168740",
"2551","22b77d7829c68dcd","E2:1F:7B:35:CC:08","48.36601307189542","3","0.3324468085106383","0","153","2022-06-02T11:20:00.000Z","1654168800",
"2551","22b77d7829c68dcd","E2:1F:7B:35:CC:08","32.6797385620915","0","0.3255208333333333","0","153","2022-06-02T11:21:00.000Z","1654168860",
"2551","22b77d7829c68dcd","E2:1F:7B:35:CC:08","47.05882352941177","5","0.19054878048780488","1","153","2022-06-02T11:22:00.000Z","1654168920",
"2551","22b77d7829c68dcd","E2:1F:7B:35:CC:08","52.287581699346404","4","0.3255208333333333","1","153","2022-06-02T11:23:00.000Z","1654168980",
"2551","22b77d7829c68dcd","E2:1F:7B:35:CC:08","33.98692810457516","0","0.33967391304347827","0","153","2022-06-02T11:24:00.000Z","1654169040",
"2551","22b77d7829c68dcd","E2:1F:7B:35:CC:08","35.294117647058826","3","0.3324468085106383","0","153","2022-06-02T11:25:00.000Z","1654169100",
"2551","22b77d7829c68dcd","E2:1F:7B:35:CC:08","30.065359477124183","0","0.35511363636363635","0","153","2022-06-02T11:26:00.000Z","1654169160",
"2551","22b77d7829c68dcd","E2:1F:7B:35:CC:08","32.6797385620915","0","0.3472222222222222","0","153","2022-06-02T11:27:00.000Z","1654169220",
"2551","22b77d7829c68dcd","E2:1F:7B:35:CC:08","30.065359477124183","0","0.33967391304347827","0","153","2022-06-02T11:28:00.000Z","1654169280",
"2551","22b77d7829c68dcd","E2:1F:7B:35:CC:08","22.22222222222222","0","0.3472222222222222","1","153","2022-06-02T11:29:00.000Z","1654169340",
"2551","22b77d7829c68dcd","E2:1F:7B:35:CC:08","23.529411764705884","0","0.37202380952380953","1","153","2022-06-02T11:30:00.000Z","1654169400",
"2551","22b77d7829c68dcd","E2:1F:7B:35:CC:08","20.915032679738562","0","0.37202380952380953","1","153","2022-06-02T11:31:00.000Z","1654169460",
"2551","22b77d7829c68dcd","E2:1F:7B:35:CC:08","19.607843137254903","0","0.35511363636363635","0","153","2022-06-02T11:32:00.000Z","1654169520",
"2551","22b77d7829c68dcd","E2:1F:7B:35:CC:08","28.758169934640524","1","0.35511363636363635","0","153","2022-06-02T11:33:00.000Z","1654169580",
"2551","22b77d7829c68dcd","E2:1F:7B:35:CC:08","26.143790849673202","0","0.3472222222222222","1","153","2022-06-02T11:34:00.000Z","1654169640",
"2551","22b77d7829c68dcd","E2:1F:7B:35:CC:08","37.908496732026144","1","0.3472222222222222","0","153","2022-06-02T11:35:00.000Z","1654169700",
"2551","22b77d7829c68dcd","E2:1F:7B:35:CC:08","52.287581699346404","1","0.3255208333333333","0","153","2022-06-02T11:36:00.000Z","1654169760",
"2551","22b77d7829c68dcd","E2:1F:7B:35:CC:08","49.673202614379086","4","0.3633720930232558","0","153","2022-06-02T11:37:00.000Z","1654169820",
"2551","22b77d7829c68dcd","E2:1F:7B:35:CC:08","52.287581699346404","3","0.294811320754717","1","153","2022-06-02T11:38:00.000Z","1654169880",
"2551","22b77d7829c68dcd","E2:1F:7B:35:CC:08","49.673202614379086","1","0.2840909090909091","1","153","2022-06-02T11:39:00.000Z","1654169940",
"2551","22b77d7829c68dcd","E2:1F:7B:35:CC:08","48.36601307189542","3","0.28935185185185186","1","153","2022-06-02T11:40:00.000Z","1654170000",
"2551","22b77d7829c68dcd","E2:1F:7B:35:CC:08","53.59477124183007","2","0.30637254901960786","0","153","2022-06-02T11:41:00.000Z","1654170060",
"2551","22b77d7829c68dcd","E2:1F:7B:35:CC:08","45.751633986928105","0","0.3004807692307692","0","153","2022-06-02T11:42:00.000Z","1654170120",
"2551","22b77d7829c68dcd","E2:1F:7B:35:CC:08","47.05882352941177","1","0.3004807692307692","0","153","2022-06-02T11:43:00.000Z","1654170180",
"2551","22b77d7829c68dcd","E2:1F:7B:35:CC:08","37.908496732026144","2","0.3004807692307692","0","153","2022-06-02T11:44:00.000Z","1654170240",
"2551","22b77d7829c68dcd","E2:1F:7B:35:CC:08","45.751633986928105","2","0.2840909090909091","0","153","2022-06-02T11:45:00.000Z","1654170300",
"2551","22b77d7829c68dcd","E2:1F:7B:35:CC:08","41.830065359477125","3","0.3324468085106383","0","153","2022-06-02T11:46:00.000Z","1654170360",
"2551","22b77d7829c68dcd","E2:1F:7B:35:CC:08","69.28104575163398","8","0.3324468085106383","5","153","2022-06-02T11:47:00.000Z","1654170420",
"2551","22b77d7829c68dcd","E2:1F:7B:35:CC:08","58.8235294117647","1","0.2741228070175439","5","153","2022-06-02T11:48:00.000Z","1654170480",
"2551","22b77d7829c68dcd","E2:1F:7B:35:CC:08","56.209150326797385","6","0.3324468085106383","1","153","2022-06-02T11:49:00.000Z","1654170540",
"2551","22b77d7829c68dcd","E2:1F:7B:35:CC:08","67.97385620915033","7","0.31887755102040816","2","153","2022-06-02T11:50:00.000Z","1654170600",
"2551","22b77d7829c68dcd","E2:1F:7B:35:CC:08","77.12418300653594","2","0.3125","4","153","2022-06-02T11:51:00.000Z","1654170660",
"2551","22b77d7829c68dcd","E2:1F:7B:35:CC:08","56.209150326797385","0","0.3004807692307692","4","153","2022-06-02T11:52:00.000Z","1654170720",
"2551","22b77d7829c68dcd","E2:1F:7B:35:CC:08","64.05228758169935","4","0.20292207792207792","7","153","2022-06-02T11:53:00.000Z","1654170780",
"2551","22b77d7829c68dcd","E2:1F:7B:35:CC:08","56.209150326797385","5","0.3004807692307692","19","153","2022-06-02T11:54:00.000Z","1654170840",
"2551","22b77d7829c68dcd","E2:1F:7B:35:CC:08","67.97385620915033","9","0.294811320754717","8","153","2022-06-02T11:55:00.000Z","1654170900",
"2551","22b77d7829c68dcd","E2:1F:7B:35:CC:08","81.04575163398692","7","0.3004807692307692","4","153","2022-06-02T11:56:00.000Z","1654170960",
"2551","22b77d7829c68dcd","E2:1F:7B:35:CC:08","88.88888888888889","8","0.27901785714285715","5","153","2022-06-02T11:57:00.000Z","1654171020",
"2551","22b77d7829c68dcd","E2:1F:7B:35:CC:08","71.89542483660131","3","0.2840909090909091","8","153","2022-06-02T11:58:00.000Z","1654171080",
"2551","22b77d7829c68dcd","E2:1F:7B:35:CC:08","57.51633986928105","6","0.24801587301587302","8","153","2022-06-02T11:59:00.000Z","1654171140",
"2551","22b77d7829c68dcd","E2:1F:7B:35:CC:08","58.8235294117647","5","0.2403846153846154","0","153","2022-06-02T12:00:00.000Z","1654171200",
"2551","22b77d7829c68dcd","E2:1F:7B:35:CC:08","65.359477124183","5","0.22644927536231885","9","153","2022-06-02T12:01:00.000Z","1654171260",
"2551","22b77d7829c68dcd","E2:1F:7B:35:CC:08","69.28104575163398","2","0.2332089552238806","2","153","2022-06-02T12:02:00.000Z","1654171320",
"2551","22b77d7829c68dcd","E2:1F:7B:35:CC:08","64.05228758169935","2","0.2403846153846154","2","153","2022-06-02T12:03:00.000Z","1654171380",
"2551","22b77d7829c68dcd","E2:1F:7B:35:CC:08","58.8235294117647","2","0.22977941176470587","8","153","2022-06-02T12:04:00.000Z","1654171440",
"2551","22b77d7829c68dcd","E2:1F:7B:35:CC:08","39.21568627450981","1","0.22321428571428573","16","153","2022-06-02T12:05:00.000Z","1654171500",
"2551","22b77d7829c68dcd","E2:1F:7B:35:CC:08","54.90196078431372","3","0.22321428571428573","5","153","2022-06-02T12:06:00.000Z","1654171560",
"2551","22b77d7829c68dcd","E2:1F:7B:35:CC:08","52.287581699346404","4","0.21114864864864866","0","153","2022-06-02T12:07:00.000Z","1654171620",
"2551","22b77d7829c68dcd","E2:1F:7B:35:CC:08","52.287581699346404","8","0.25614754098360654","0","153","2022-06-02T12:08:00.000Z","1654171680",
"2551","22b77d7829c68dcd","E2:1F:7B:35:CC:08","49.673202614379086","6","0.21114864864864866","1","153","2022-06-02T12:09:00.000Z","1654171740",
"2551","22b77d7829c68dcd","E2:1F:7B:35:CC:08","54.90196078431372","10","0.2741228070175439","11","153","2022-06-02T12:10:00.000Z","1654171800",
"2551","22b77d7829c68dcd","E2:1F:7B:35:CC:08","70.58823529411765","4","0.294811320754717","15","153","2022-06-02T12:11:00.000Z","1654171860",
"2551","22b77d7829c68dcd","E2:1F:7B:35:CC:08","56.209150326797385","5","0.244140625","21","153","2022-06-02T12:12:00.000Z","1654171920",
"2551","22b77d7829c68dcd","E2:1F:7B:35:CC:08","58.8235294117647","7","0.24801587301587302","9","153","2022-06-02T12:13:00.000Z","1654171980",
"2551","22b77d7829c68dcd","E2:1F:7B:35:CC:08","83.66013071895425","6","0.2403846153846154","8","153","2022-06-02T12:14:00.000Z","1654172040",
"2551","22b77d7829c68dcd","E2:1F:7B:35:CC:08","75.81699346405229","4","0.244140625","5","153","2022-06-02T12:15:00.000Z","1654172100",
"2551","22b77d7829c68dcd","E2:1F:7B:35:CC:08","83.66013071895425","6","0.22321428571428573","9","153","2022-06-02T12:16:00.000Z","1654172160",
"2551","22b77d7829c68dcd","E2:1F:7B:35:CC:08","79.73856209150327","9","0.1717032967032967","7","153","2022-06-02T12:17:00.000Z","1654172220",
"2551","22b77d7829c68dcd","E2:1F:7B:35:CC:08","74.50980392156863","7","0.20559210526315788","9","153","2022-06-02T12:18:00.000Z","1654172280",
"2551","22b77d7829c68dcd","E2:1F:7B:35:CC:08","75.81699346405229","9","0.19054878048780488","4","153","2022-06-02T12:19:00.000Z","1654172340",
"2551","22b77d7829c68dcd","E2:1F:7B:35:CC:08","70.58823529411765","6","0.20833333333333334","0","153","2022-06-02T12:23:00.000Z","1654172580",
"2551","22b77d7829c68dcd","E2:1F:7B:35:CC:08","69.28104575163398","8","0.23674242424242425","22","153","2022-06-02T12:24:00.000Z","1654172640",
"2551","22b77d7829c68dcd","E2:1F:7B:35:CC:08","50.98039215686274","0","0.44642857142857145","15","153","2022-06-02T12:26:00.000Z","1654172760",
"2551","22b77d7829c68dcd","E2:1F:7B:35:CC:08","61.43790849673203","0","0.1953125","1","153","2022-06-02T12:27:00.000Z","1654172820",
"2551","22b77d7829c68dcd","E2:1F:7B:35:CC:08","71.89542483660131","2","0.16622340425531915","0","153","2022-06-02T12:28:00.000Z","1654172880",
"2551","22b77d7829c68dcd","E2:1F:7B:35:CC:08","65.359477124183","2","0.14467592592592593","1","153","2022-06-02T12:29:00.000Z","1654172940",
"2551","22b77d7829c68dcd","E2:1F:7B:35:CC:08","98.03921568627452","2","0.14467592592592593","0","153","2022-06-02T12:30:00.000Z","1654173000",
"2551","22b77d7829c68dcd","E2:1F:7B:35:CC:08","77.12418300653594","3","0.12703252032520326","1","153","2022-06-02T12:31:00.000Z","1654173060",
"2551","22b77d7829c68dcd","E2:1F:7B:35:CC:08","56.209150326797385","1","0.1201923076923077","0","153","2022-06-02T12:32:00.000Z","1654173120",
"2551","22b77d7829c68dcd","E2:1F:7B:35:CC:08","44.44444444444444","2","0.11927480916030535","2","153","2022-06-02T12:33:00.000Z","1654173180",
"2551","22b77d7829c68dcd","E2:1F:7B:35:CC:08","66.66666666666667","4","0.1174812030075188","0","153","2022-06-02T12:34:00.000Z","1654173240",
"2551","22b77d7829c68dcd","E2:1F:7B:35:CC:08","82.3529411764706","7","0.11241007194244604","2","153","2022-06-02T12:35:00.000Z","1654173300",
"2551","22b77d7829c68dcd","E2:1F:7B:35:CC:08","71.89542483660131","4","0.13827433628318583","0","153","2022-06-02T12:36:00.000Z","1654173360",
"2551","22b77d7829c68dcd","E2:1F:7B:35:CC:08","49.673202614379086","1","0.12913223140495866","0","153","2022-06-02T12:37:00.000Z","1654173420",
"2551","22b77d7829c68dcd","E2:1F:7B:35:CC:08","37.908496732026144","2","0.13130252100840337","0","153","2022-06-02T12:38:00.000Z","1654173480",
"2551","22b77d7829c68dcd","E2:1F:7B:35:CC:08","36.60130718954248","1","0.12913223140495866","4","153","2022-06-02T12:39:00.000Z","1654173540",
"2551","22b77d7829c68dcd","E2:1F:7B:35:CC:08","30.065359477124183","0","0.12807377049180327","1","153","2022-06-02T12:40:00.000Z","1654173600",
"2551","22b77d7829c68dcd","E2:1F:7B:35:CC:08","33.98692810457516","3","0.13130252100840337","1","153","2022-06-02T12:41:00.000Z","1654173660",
"2551","22b77d7829c68dcd","E2:1F:7B:35:CC:08","43.13725490196079","4","0.12913223140495866","0","153","2022-06-02T12:42:00.000Z","1654173720",
"2551","22b77d7829c68dcd","E2:1F:7B:35:CC:08","31.372549019607842","0","0.12913223140495866","0","153","2022-06-02T12:43:00.000Z","1654173780",
"2551","22b77d7829c68dcd","E2:1F:7B:35:CC:08","47.05882352941177","5","0.13130252100840337","1","153","2022-06-02T12:44:00.000Z","1654173840",
"2551","22b77d7829c68dcd","E2:1F:7B:35:CC:08","36.60130718954248","0","0.12807377049180327","5","153","2022-06-02T12:45:00.000Z","1654173900",
"2551","22b77d7829c68dcd","E2:1F:7B:35:CC:08","49.673202614379086","3","0.12807377049180327","2","153","2022-06-02T12:46:00.000Z","1654173960",
"2551","22b77d7829c68dcd","E2:1F:7B:35:CC:08","56.209150326797385","3","0.11837121212121213","1","153","2022-06-02T12:47:00.000Z","1654174020",
"2551","22b77d7829c68dcd","E2:1F:7B:35:CC:08","41.830065359477125","2","0.12703252032520326","0","153","2022-06-02T12:48:00.000Z","1654174080",
"2551","22b77d7829c68dcd","E2:1F:7B:35:CC:08","23.529411764705884","0","0.1201923076923077","1","153","2022-06-02T12:49:00.000Z","1654174140",
"2551","22b77d7829c68dcd","E2:1F:7B:35:CC:08","35.294117647058826","6","0.12913223140495866","1","153","2022-06-02T12:50:00.000Z","1654174200",
"2551","22b77d7829c68dcd","E2:1F:7B:35:CC:08","44.44444444444444","2","0.11837121212121213","0","153","2022-06-02T12:51:00.000Z","1654174260",
"2551","22b77d7829c68dcd","E2:1F:7B:35:CC:08","65.359477124183","4","0.1166044776119403","1","153","2022-06-02T12:52:00.000Z","1654174320",
"2551","22b77d7829c68dcd","E2:1F:7B:35:CC:08","61.43790849673203","7","0.125","1","153","2022-06-02T12:53:00.000Z","1654174380",
"2551","22b77d7829c68dcd","E2:1F:7B:35:CC:08","75.81699346405229","7","0.08928571428571429","0","153","2022-06-02T12:54:00.000Z","1654174440",
"2551","22b77d7829c68dcd","E2:1F:7B:35:CC:08","69.28104575163398","7","0.09704968944099379","0","153","2022-06-02T12:55:00.000Z","1654174500",
"2551","22b77d7829c68dcd","E2:1F:7B:35:CC:08","81.04575163398692","6","0.07971938775510204","1","153","2022-06-02T12:58:00.000Z","1654174680",
"2551","22b77d7829c68dcd","E2:1F:7B:35:CC:08","88.88888888888889","6","0.062250996015936255","2","153","2022-06-02T12:59:00.000Z","1654174740",
"2551","22b77d7829c68dcd","E2:1F:7B:35:CC:08","77.12418300653594","5","0.09031791907514451","0","153","2022-06-02T13:08:00.000Z","1654175280",
"2551","22b77d7829c68dcd","E2:1F:7B:35:CC:08","71.89542483660131","3","0.12112403100775193","1","153","2022-06-02T13:09:00.000Z","1654175340",
"2551","22b77d7829c68dcd","E2:1F:7B:35:CC:08","75.81699346405229","0","0.11003521126760564","1","153","2022-06-02T13:10:00.000Z","1654175400",
"2551","22b77d7829c68dcd","E2:1F:7B:35:CC:08","75.81699346405229","12","0.10629251700680271","0","153","2022-06-02T13:11:00.000Z","1654175460",
"2551","22b77d7829c68dcd","E2:1F:7B:35:CC:08","77.12418300653594","8","0.12600806451612903","5","153","2022-06-02T13:12:00.000Z","1654175520",
"2551","22b77d7829c68dcd","E2:1F:7B:35:CC:08","78.43137254901961","2","0.1174812030075188","1","153","2022-06-02T13:13:00.000Z","1654175580",
"2551","22b77d7829c68dcd","E2:1F:7B:35:CC:08","100","6","0.06793478260869565","1","153","2022-06-02T13:14:00.000Z","1654175640",
"2551","22b77d7829c68dcd","E2:1F:7B:35:CC:08","100","2","0.13354700854700854","1","153","2022-06-02T13:15:00.000Z","1654175700",
"2551","22b77d7829c68dcd","E2:1F:7B:35:CC:08","100","0","0.09031791907514451","1","153","2022-06-02T13:16:00.000Z","1654175760",
"2551","22b77d7829c68dcd","E2:1F:7B:35:CC:08","100","8","0.1201923076923077","0","153","2022-06-02T13:18:00.000Z","1654175880",
"2551","22b77d7829c68dcd","E2:1F:7B:35:CC:08","84.9673202614379","4","0.12303149606299213","0","153","2022-06-02T13:19:00.000Z","1654175940",
"2551","22b77d7829c68dcd","E2:1F:7B:35:CC:08","75.81699346405229","3","0.12400793650793651","1","153","2022-06-02T13:20:00.000Z","1654176000",
"2551","22b77d7829c68dcd","E2:1F:7B:35:CC:08","79.73856209150327","6","0.12913223140495866","1","153","2022-06-02T13:21:00.000Z","1654176060",
"2551","22b77d7829c68dcd","E2:1F:7B:35:CC:08","74.50980392156863","4","0.12400793650793651","0","153","2022-06-02T13:22:00.000Z","1654176120",
"2551","22b77d7829c68dcd","E2:1F:7B:35:CC:08","84.9673202614379","4","0.1474056603773585","1","153","2022-06-02T13:23:00.000Z","1654176180",
"2551","22b77d7829c68dcd","E2:1F:7B:35:CC:08","98.03921568627452","5","0.12600806451612903","0","153","2022-06-02T13:24:00.000Z","1654176240",
"2551","22b77d7829c68dcd","E2:1F:7B:35:CC:08","91.50326797385621","6","0.13241525423728814","1","153","2022-06-02T13:25:00.000Z","1654176300",
"2551","22b77d7829c68dcd","E2:1F:7B:35:CC:08","86.27450980392157","8","0.13130252100840337","1","153","2022-06-02T13:26:00.000Z","1654176360",
"2551","22b77d7829c68dcd","E2:1F:7B:35:CC:08","87.58169934640523","3","0.13706140350877194","0","153","2022-06-02T13:27:00.000Z","1654176420",
"2551","22b77d7829c68dcd","E2:1F:7B:35:CC:08","71.89542483660131","9","0.14467592592592593","0","153","2022-06-02T13:28:00.000Z","1654176480",
"2551","22b77d7829c68dcd","E2:1F:7B:35:CC:08","66.66666666666667","3","0.143348623853211","0","153","2022-06-02T13:29:00.000Z","1654176540",
"2551","22b77d7829c68dcd","E2:1F:7B:35:CC:08","73.20261437908496","7","0.15943877551020408","0","153","2022-06-02T13:30:00.000Z","1654176600",
"2551","22b77d7829c68dcd","E2:1F:7B:35:CC:08","67.97385620915033","4","0.16447368421052633","0","153","2022-06-02T13:31:00.000Z","1654176660",
"2551","22b77d7829c68dcd","E2:1F:7B:35:CC:08","69.28104575163398","9","0.16983695652173914","0","153","2022-06-02T13:32:00.000Z","1654176720",
"2551","22b77d7829c68dcd","E2:1F:7B:35:CC:08","60.130718954248366","3","0.1717032967032967","0","153","2022-06-02T13:33:00.000Z","1654176780",
"2551","22b77d7829c68dcd","E2:1F:7B:35:CC:08","60.130718954248366","7","0.16983695652173914","0","153","2022-06-02T13:34:00.000Z","1654176840",
"2551","22b77d7829c68dcd","E2:1F:7B:35:CC:08","60.130718954248366","4","0.175561797752809","0","153","2022-06-02T13:35:00.000Z","1654176900",
"2551","22b77d7829c68dcd","E2:1F:7B:35:CC:08","50.98039215686274","4","0.1953125","0","153","2022-06-02T13:36:00.000Z","1654176960",
"2551","22b77d7829c68dcd","E2:1F:7B:35:CC:08","50.98039215686274","2","0.1717032967032967","1","153","2022-06-02T13:37:00.000Z","1654177020",
"2551","22b77d7829c68dcd","E2:1F:7B:35:CC:08","56.209150326797385","4","0.1816860465116279","0","153","2022-06-02T13:38:00.000Z","1654177080",
"2551","22b77d7829c68dcd","E2:1F:7B:35:CC:08","37.908496732026144","0","0.07931472081218274","0","153","2022-06-02T15:00:00.000Z","1654182000",
"2551","22b77d7829c68dcd","E2:1F:7B:35:CC:08","23.529411764705884","0","0.08445945945945946","0","153","2022-06-02T15:01:00.000Z","1654182060",
"2551","22b77d7829c68dcd","E2:1F:7B:35:CC:08","15.686274509803921","0","0.08400537634408602","0","153","2022-06-02T15:02:00.000Z","1654182120",
"2551","22b77d7829c68dcd","E2:1F:7B:35:CC:08","37.908496732026144","3","0.07621951219512195","0","153","2022-06-02T15:03:00.000Z","1654182180",
"2551","22b77d7829c68dcd","E2:1F:7B:35:CC:08","33.98692810457516","1","0.07267441860465117","0","153","2022-06-02T15:04:00.000Z","1654182240",
"2551","22b77d7829c68dcd","E2:1F:7B:35:CC:08","32.6797385620915","2","0.0785175879396985","0","153","2022-06-02T15:05:00.000Z","1654182300",
"2551","22b77d7829c68dcd","E2:1F:7B:35:CC:08","55.05226480836237","11","0.2648305084745763","1","287","2022-06-14T08:58:00.000Z","1655197080",
"2551","22b77d7829c68dcd","E2:1F:7B:35:CC:08","55.749128919860624","6","0.294811320754717","1","287","2022-06-14T08:59:00.000Z","1655197140",
"2551","22b77d7829c68dcd","E2:1F:7B:35:CC:08","52.26480836236934","7","0.22321428571428573","0","287","2022-06-14T09:00:00.000Z","1655197200",
"2551","22b77d7829c68dcd","E2:1F:7B:35:CC:08","63.41463414634146","11","0.38109756097560976","7","287","2022-06-14T09:01:00.000Z","1655197260",
"2551","22b77d7829c68dcd","E2:1F:7B:35:CC:08","45.29616724738676","6","0.40064102564102566","9","287","2022-06-14T09:02:00.000Z","1655197320",
"2551","22b77d7829c68dcd","E2:1F:7B:35:CC:08","45.29616724738676","7","0.3472222222222222","1","287","2022-06-14T09:03:00.000Z","1655197380",
"2551","22b77d7829c68dcd","E2:1F:7B:35:CC:08","43.90243902439025","5","0.15625","1","287","2022-06-14T09:04:00.000Z","1655197440",
"2551","22b77d7829c68dcd","E2:1F:7B:35:CC:08","43.20557491289198","6","0.20559210526315788","0","287","2022-06-14T09:29:00.000Z","1655198940",
"2551","22b77d7829c68dcd","E2:1F:7B:35:CC:08","41.11498257839721","7","0.2604166666666667","0","287","2022-06-14T09:30:00.000Z","1655199000",
"2551","22b77d7829c68dcd","E2:1F:7B:35:CC:08","48.08362369337979","8","0.26939655172413796","7","287","2022-06-14T09:31:00.000Z","1655199060",
"2551","22b77d7829c68dcd","E2:1F:7B:35:CC:08","39.721254355400696","7","0.294811320754717","1","287","2022-06-14T09:32:00.000Z","1655199120",
"2551","22b77d7829c68dcd","E2:1F:7B:35:CC:08","26.480836236933797","2","0.31887755102040816","0","287","2022-06-14T09:33:00.000Z","1655199180",
"2551","22b77d7829c68dcd","E2:1F:7B:35:CC:08","27.177700348432055","2","0.3633720930232558","0","287","2022-06-14T09:34:00.000Z","1655199240",
"2551","22b77d7829c68dcd","E2:1F:7B:35:CC:08","18.81533101045296","1","0.40064102564102566","4","287","2022-06-14T09:35:00.000Z","1655199300",
"2551","22b77d7829c68dcd","E2:1F:7B:35:CC:08","13.937282229965156","0","0.41118421052631576","4","287","2022-06-14T09:36:00.000Z","1655199360",
"2551","22b77d7829c68dcd","E2:1F:7B:35:CC:08","14.634146341463415","2","0.35511363636363635","2","287","2022-06-14T09:37:00.000Z","1655199420",
"2551","22b77d7829c68dcd","E2:1F:7B:35:CC:08","19.51219512195122","1","0.390625","0","287","2022-06-14T09:38:00.000Z","1655199480",
"2551","22b77d7829c68dcd","E2:1F:7B:35:CC:08","12.543554006968641","0","0.3324468085106383","0","287","2022-06-14T09:39:00.000Z","1655199540",
"2551","22b77d7829c68dcd","E2:1F:7B:35:CC:08","13.937282229965156","3","0.35511363636363635","0","287","2022-06-14T09:40:00.000Z","1655199600",
"2551","22b77d7829c68dcd","E2:1F:7B:35:CC:08","25.78397212543554","5","0.13020833333333334","4","287","2022-06-15T11:05:00.000Z","1655291100",
"2551","22b77d7829c68dcd","E2:1F:7B:35:CC:08","60.62717770034843","3","0.1953125","2","287","2022-06-15T11:06:00.000Z","1655291160",
"2551","22b77d7829c68dcd","E2:1F:7B:35:CC:08","66.89895470383276","3","0.12703252032520326","0","287","2022-06-15T11:07:00.000Z","1655291220",
"2551","22b77d7829c68dcd","E2:1F:7B:35:CC:08","71.77700348432056","6","0.1502403846153846","1","287","2022-06-15T11:08:00.000Z","1655291280",
"2551","22b77d7829c68dcd","E2:1F:7B:35:CC:08","61.32404181184669","9","0.19778481012658228","2","287","2022-06-15T11:09:00.000Z","1655291340",
"2551","22b77d7829c68dcd","E2:1F:7B:35:CC:08","57.142857142857146","5","0.22644927536231885","0","287","2022-06-15T11:10:00.000Z","1655291400",
"2551","22b77d7829c68dcd","E2:1F:7B:35:CC:08","45.99303135888502","1","0.2332089552238806","0","287","2022-06-15T11:11:00.000Z","1655291460",
"2551","22b77d7829c68dcd","E2:1F:7B:35:CC:08","25.78397212543554","0","0.2403846153846154","0","287","2022-06-15T11:12:00.000Z","1655291520",
"2551","22b77d7829c68dcd","E2:1F:7B:35:CC:08","18.118466898954704","1","0.2403846153846154","0","287","2022-06-15T11:13:00.000Z","1655291580",
"2551","22b77d7829c68dcd","E2:1F:7B:35:CC:08","15.331010452961673","3","0.26939655172413796","1","287","2022-06-15T11:14:00.000Z","1655291640",
"2551","22b77d7829c68dcd","E2:1F:7B:35:CC:08","33.44947735191638","9","0.3125","0","287","2022-06-15T11:15:00.000Z","1655291700",
"2551","22b77d7829c68dcd","E2:1F:7B:35:CC:08","65.50522648083624","4","0.625","8","287","2022-06-15T11:16:00.000Z","1655291760",
"2551","22b77d7829c68dcd","E2:1F:7B:35:CC:08","65.50522648083624","4","0.9765625","0","287","2022-06-15T11:17:00.000Z","1655291820",
"2551","22b77d7829c68dcd","E2:1F:7B:35:CC:08","55.05226480836237","4","0.390625","5","287","2022-06-15T11:18:00.000Z","1655291880",
"2551","22b77d7829c68dcd","E2:1F:7B:35:CC:08","55.05226480836237","4","0.15782828282828282","1","287","2022-06-15T11:19:00.000Z","1655291940",
"2551","22b77d7829c68dcd","E2:1F:7B:35:CC:08","48.08362369337979","6","0.294811320754717","0","287","2022-06-15T11:20:00.000Z","1655292000",
"2551","22b77d7829c68dcd","E2:1F:7B:35:CC:08","42.508710801393725","1","0.20559210526315788","0","287","2022-06-15T11:21:00.000Z","1655292060",
"2551","22b77d7829c68dcd","E2:1F:7B:35:CC:08","38.32752613240418","8","0.27901785714285715","1","287","2022-06-15T11:22:00.000Z","1655292120",
"2551","22b77d7829c68dcd","E2:1F:7B:35:CC:08","36.933797909407666","0","0.244140625","5","287","2022-06-15T11:23:00.000Z","1655292180",
"2551","22b77d7829c68dcd","E2:1F:7B:35:CC:08","50.174216027874564","11","0.3324468085106383","8","287","2022-06-15T11:24:00.000Z","1655292240",
"2551","22b77d7829c68dcd","E2:1F:7B:35:CC:08","66.89895470383276","12","0.40064102564102566","4","287","2022-06-15T11:25:00.000Z","1655292300",
"2551","22b77d7829c68dcd","E2:1F:7B:35:CC:08","75.9581881533101","10","0.27901785714285715","4","287","2022-06-15T11:26:00.000Z","1655292360",
"2551","22b77d7829c68dcd","E2:1F:7B:35:CC:08","70.38327526132404","2","0.37202380952380953","0","287","2022-06-15T11:27:00.000Z","1655292420",
"2551","22b77d7829c68dcd","E2:1F:7B:35:CC:08","57.142857142857146","4","0.38109756097560976","4","287","2022-06-15T11:28:00.000Z","1655292480",
"2551","22b77d7829c68dcd","E2:1F:7B:35:CC:08","62.02090592334495","5","0.38109756097560976","1","287","2022-06-15T11:29:00.000Z","1655292540",
"2551","22b77d7829c68dcd","E2:1F:7B:35:CC:08","58.53658536585366","4","0.390625","0","287","2022-06-15T11:30:00.000Z","1655292600",
"2551","22b77d7829c68dcd","E2:1F:7B:35:CC:08","48.78048780487805","5","0.3633720930232558","4","287","2022-06-15T11:31:00.000Z","1655292660",
"2551","22b77d7829c68dcd","E2:1F:7B:35:CC:08","52.26480836236934","7","0.390625","8","287","2022-06-15T11:32:00.000Z","1655292720",
"2551","22b77d7829c68dcd","E2:1F:7B:35:CC:08","73.17073170731707","8","0.4340277777777778","1","287","2022-06-15T11:33:00.000Z","1655292780",
"2551","22b77d7829c68dcd","E2:1F:7B:35:CC:08","46.68989547038328","8","0.5040322580645161","0","287","2022-06-15T11:34:00.000Z","1655292840",
"2551","22b77d7829c68dcd","E2:1F:7B:35:CC:08","33.44947735191638","5","0.4734848484848485","0","287","2022-06-15T11:35:00.000Z","1655292900",
"2551","22b77d7829c68dcd","E2:1F:7B:35:CC:08","52.961672473867594","5","0.6510416666666666","0","287","2022-06-15T11:36:00.000Z","1655292960",
"2551","22b77d7829c68dcd","E2:1F:7B:35:CC:08","46.68989547038328","3","0.7440476190476191","12","287","2022-06-15T11:37:00.000Z","1655293020",
"2551","22b77d7829c68dcd","E2:1F:7B:35:CC:08","33.44947735191638","2","0.6793478260869565","4","287","2022-06-15T11:38:00.000Z","1655293080",
"2551","22b77d7829c68dcd","E2:1F:7B:35:CC:08","45.29616724738676","5","0.6510416666666666","4","287","2022-06-15T11:39:00.000Z","1655293140",
"2551","22b77d7829c68dcd","E2:1F:7B:35:CC:08","37.63066202090592","5","0.48828125","5","287","2022-06-15T11:40:00.000Z","1655293200",
"2551","22b77d7829c68dcd","E2:1F:7B:35:CC:08","33.44947735191638","3","0.1502403846153846","0","287","2022-06-24T07:07:00.000Z","1656054420",
"2551","22b77d7829c68dcd","E2:1F:7B:35:CC:08","20.209059233449477","3","0.15943877551020408","0","287","2022-06-24T07:08:00.000Z","1656054480",
"2551","22b77d7829c68dcd","E2:1F:7B:35:CC:08","18.81533101045296","1","0.14204545454545456","2","287","2022-06-24T07:09:00.000Z","1656054540",
"2551","22b77d7829c68dcd","E2:1F:7B:35:CC:08","20.209059233449477","0","0.13020833333333334","2","287","2022-06-24T07:10:00.000Z","1656054600",
"2551","22b77d7829c68dcd","E2:1F:7B:35:CC:08","38.32752613240418","6","0.16276041666666666","2","287","2022-06-24T07:11:00.000Z","1656054660",
"2551","22b77d7829c68dcd","E2:1F:7B:35:CC:08","45.99303135888502","8","0.20292207792207792","2","287","2022-06-24T07:12:00.000Z","1656054720",
"2551","22b77d7829c68dcd","E2:1F:7B:35:CC:08","43.20557491289198","5","0.1717032967032967","1","287","2022-06-24T07:13:00.000Z","1656054780",
"2551","22b77d7829c68dcd","E2:1F:7B:35:CC:08","29.965156794425088","1","0.17959770114942528","0","287","2022-06-24T07:14:00.000Z","1656054840",
"2551","22b77d7829c68dcd","E2:1F:7B:35:CC:08","19.51219512195122","0","0.15943877551020408","0","287","2022-06-24T07:15:00.000Z","1656054900",
"2551","22b77d7829c68dcd","E2:1F:7B:35:CC:08","10.452961672473867","0","0.16447368421052633","0","287","2022-06-24T07:16:00.000Z","1656054960",
"2551","22b77d7829c68dcd","E2:1F:7B:35:CC:08","20.905923344947734","4","0.12913223140495866","8","287","2022-06-24T07:17:00.000Z","1656055020",
"2551","22b77d7829c68dcd","E2:1F:7B:35:CC:08","29.965156794425088","5","0.16447368421052633","1","287","2022-06-24T07:18:00.000Z","1656055080",
"2551","22b77d7829c68dcd","E2:1F:7B:35:CC:08","34.146341463414636","6","0.13950892857142858","2","287","2022-06-24T07:19:00.000Z","1656055140",
"2551","22b77d7829c68dcd","E2:1F:7B:35:CC:08","36.933797909407666","0","0.11003521126760564","1","287","2022-06-24T07:20:00.000Z","1656055200",
"2551","22b77d7829c68dcd","E2:1F:7B:35:CC:08","46.68989547038328","9","0.09300595238095238","1","287","2022-06-24T07:21:00.000Z","1656055260",
"2551","22b77d7829c68dcd","E2:1F:7B:35:CC:08","48.08362369337979","13","0.11927480916030535","2","287","2022-06-24T07:22:00.000Z","1656055320",
"2551","22b77d7829c68dcd","E2:1F:7B:35:CC:08","53.65853658536585","3","0.13706140350877194","0","287","2022-06-24T07:23:00.000Z","1656055380",
"2551","22b77d7829c68dcd","E2:1F:7B:35:CC:08","45.29616724738676","0","0.11927480916030535","2","287","2022-06-24T07:24:00.000Z","1656055440",
"2551","22b77d7829c68dcd","E2:1F:7B:35:CC:08","39.721254355400696","7","0.08585164835164835","1","287","2022-06-24T07:25:00.000Z","1656055500",
"2551","22b77d7829c68dcd","E2:1F:7B:35:CC:08","38.32752613240418","3","0.09031791907514451","0","287","2022-06-24T07:26:00.000Z","1656055560",
"2551","22b77d7829c68dcd","E2:1F:7B:35:CC:08","43.90243902439025","7","0.11405109489051095","1","287","2022-06-24T07:27:00.000Z","1656055620",
"2551","22b77d7829c68dcd","E2:1F:7B:35:CC:08","43.90243902439025","10","0.11488970588235294","4","287","2022-06-24T07:28:00.000Z","1656055680",
"2551","22b77d7829c68dcd","E2:1F:7B:35:CC:08","43.90243902439025","0","0.09827044025157233","11","287","2022-06-24T07:29:00.000Z","1656055740",
"2551","22b77d7829c68dcd","E2:1F:7B:35:CC:08","43.90243902439025","0","0.0877808988764045","9","287","2022-06-24T07:30:00.000Z","1656055800",
"2551","22b77d7829c68dcd","E2:1F:7B:35:CC:08","42.508710801393725","0","0.11837121212121213","9","287","2022-06-24T07:31:00.000Z","1656055860",
"2551","22b77d7829c68dcd","E2:1F:7B:35:CC:08","48.08362369337979","2","0.10146103896103896","8","287","2022-06-24T07:32:00.000Z","1656055920",
"2551","22b77d7829c68dcd","E2:1F:7B:35:CC:08","52.26480836236934","5","0.10775862068965517","12","287","2022-06-24T07:33:00.000Z","1656055980",
"2551","22b77d7829c68dcd","E2:1F:7B:35:CC:08","51.56794425087108","2","0.10416666666666667","9","287","2022-06-24T07:34:00.000Z","1656056040",
"2551","22b77d7829c68dcd","E2:1F:7B:35:CC:08","50.174216027874564","5","0.06853070175438597","4","287","2022-06-24T07:35:00.000Z","1656056100",
"2551","22b77d7829c68dcd","E2:1F:7B:35:CC:08","47.386759581881535","10","0.10347682119205298","16","287","2022-06-24T07:36:00.000Z","1656056160",
"2551","22b77d7829c68dcd","E2:1F:7B:35:CC:08","45.99303135888502","13","0.10702054794520548","14","287","2022-06-24T07:37:00.000Z","1656056220",
"2551","22b77d7829c68dcd","E2:1F:7B:35:CC:08","39.721254355400696","6","0.10702054794520548","0","287","2022-06-24T07:38:00.000Z","1656056280",
"2551","22b77d7829c68dcd","E2:1F:7B:35:CC:08","39.721254355400696","0","0.10702054794520548","16","287","2022-06-24T07:39:00.000Z","1656056340",
"2551","22b77d7829c68dcd","E2:1F:7B:35:CC:08","57.142857142857146","7","0.11322463768115942","8","287","2022-06-24T07:40:00.000Z","1656056400",
"2551","22b77d7829c68dcd","E2:1F:7B:35:CC:08","64.11149825783973","6","0.07070135746606335","8","287","2022-06-24T07:41:00.000Z","1656056460",
"2551","22b77d7829c68dcd","E2:1F:7B:35:CC:08","64.11149825783973","13","0.0751201923076923","9","287","2022-06-24T07:42:00.000Z","1656056520",
"2551","22b77d7829c68dcd","E2:1F:7B:35:CC:08","59.930313588850176","0","0.062250996015936255","2","287","2022-06-24T07:45:00.000Z","1656056700",
"2551","22b77d7829c68dcd","E2:1F:7B:35:CC:08","52.26480836236934","4","0.08979885057471264","8","287","2022-06-24T07:48:00.000Z","1656056880",
"2551","22b77d7829c68dcd","E2:1F:7B:35:CC:08","47.386759581881535","0","0.09585889570552147","18","287","2022-06-24T07:50:00.000Z","1656057000",
"2551","22b77d7829c68dcd","E2:1F:7B:35:CC:08","45.29616724738676","0","0.08012820512820513","8","287","2022-06-24T07:51:00.000Z","1656057060",
"2551","22b77d7829c68dcd","E2:1F:7B:35:CC:08","49.47735191637631","8","0.07891414141414141","8","287","2022-06-24T07:54:00.000Z","1656057240",
"2551","22b77d7829c68dcd","E2:1F:7B:35:CC:08","50.87108013937282","3","0.07548309178743962","5","287","2022-06-24T07:55:00.000Z","1656057300",
"2551","22b77d7829c68dcd","E2:1F:7B:35:CC:08","52.26480836236934","0","0.06300403225806452","11","287","2022-06-24T07:56:00.000Z","1656057360",
"2551","22b77d7829c68dcd","E2:1F:7B:35:CC:08","53.65853658536585","0","0.09585889570552147","21","287","2022-06-24T07:57:00.000Z","1656057420",
"2551","22b77d7829c68dcd","E2:1F:7B:35:CC:08","54.35540069686411","8","0.13354700854700854","12","287","2022-06-24T07:58:00.000Z","1656057480",
"2551","22b77d7829c68dcd","E2:1F:7B:35:CC:08","54.35540069686411","0","0.16983695652173914","12","287","2022-06-24T07:59:00.000Z","1656057540",
"2551","22b77d7829c68dcd","E2:1F:7B:35:CC:08","52.961672473867594","0","0.2170138888888889","4","287","2022-06-24T08:00:00.000Z","1656057600",
"2551","22b77d7829c68dcd","E2:1F:7B:35:CC:08","52.26480836236934","0","0.16276041666666666","19","287","2022-06-24T08:01:00.000Z","1656057660",
"2551","22b77d7829c68dcd","E2:1F:7B:35:CC:08","50.174216027874564","0","0.07891414141414141","16","287","2022-06-24T08:03:00.000Z","1656057780",
"2551","22b77d7829c68dcd","E2:1F:7B:35:CC:08","50.174216027874564","0","0.10016025641025642","19","287","2022-06-24T08:04:00.000Z","1656057840",
"2551","22b77d7829c68dcd","E2:1F:7B:35:CC:08","50.174216027874564","0","0.11241007194244604","8","287","2022-06-24T08:05:00.000Z","1656057900",
"2551","22b77d7829c68dcd","E2:1F:7B:35:CC:08","50.174216027874564","0","0.12913223140495866","15","287","2022-06-24T08:06:00.000Z","1656057960",
"2551","22b77d7829c68dcd","E2:1F:7B:35:CC:08","48.78048780487805","0","0.15943877551020408","2","287","2022-06-24T08:07:00.000Z","1656058020",
"2551","22b77d7829c68dcd","E2:1F:7B:35:CC:08","48.78048780487805","0","0.14467592592592593","15","287","2022-06-24T08:08:00.000Z","1656058080",
"2551","22b77d7829c68dcd","E2:1F:7B:35:CC:08","47.386759581881535","16","0.11322463768115942","14","287","2022-06-24T08:09:00.000Z","1656058140",
"2551","22b77d7829c68dcd","E2:1F:7B:35:CC:08","47.386759581881535","0","0.09356287425149701","5","287","2022-06-24T08:10:00.000Z","1656058200",
"2551","22b77d7829c68dcd","E2:1F:7B:35:CC:08","45.99303135888502","6","0.08877840909090909","11","287","2022-06-24T08:17:00.000Z","1656058620",
"2551","22b77d7829c68dcd","E2:1F:7B:35:CC:08","45.99303135888502","0","0.1717032967032967","16","287","2022-06-24T08:18:00.000Z","1656058680",
"2551","22b77d7829c68dcd","E2:1F:7B:35:CC:08","45.29616724738676","0","0.13950892857142858","14","287","2022-06-24T08:19:00.000Z","1656058740",
"2551","22b77d7829c68dcd","E2:1F:7B:35:CC:08","45.29616724738676","0","0.16108247422680413","8","287","2022-06-24T08:20:00.000Z","1656058800",
"2551","22b77d7829c68dcd","E2:1F:7B:35:CC:08","45.29616724738676","0","0.1547029702970297","15","287","2022-06-24T08:21:00.000Z","1656058860",
"2551","22b77d7829c68dcd","E2:1F:7B:35:CC:08","44.599303135888505","0","0.1953125","12","287","2022-06-24T08:22:00.000Z","1656058920",
"2551","22b77d7829c68dcd","E2:1F:7B:35:CC:08","43.20557491289198","0","0.22977941176470587","5","287","2022-06-24T08:23:00.000Z","1656058980",
"2551","22b77d7829c68dcd","E2:1F:7B:35:CC:08","41.11498257839721","3","0.14602803738317757","0","287","2022-06-24T08:24:00.000Z","1656059040",
"2551","22b77d7829c68dcd","E2:1F:7B:35:CC:08","36.23693379790941","3","0.16622340425531915","1","287","2022-06-24T08:25:00.000Z","1656059100",
"2551","22b77d7829c68dcd","E2:1F:7B:35:CC:08","39.721254355400696","3","0.1474056603773585","7","287","2022-06-24T08:26:00.000Z","1656059160",
"2551","22b77d7829c68dcd","E2:1F:7B:35:CC:08","46.68989547038328","5","0.1220703125","2","287","2022-06-24T08:27:00.000Z","1656059220",
"2551","22b77d7829c68dcd","E2:1F:7B:35:CC:08","65.50522648083624","14","0.12807377049180327","1","287","2022-06-24T08:30:00.000Z","1656059400",
"2551","22b77d7829c68dcd","E2:1F:7B:35:CC:08","63.41463414634146","7","0.1166044776119403","0","287","2022-06-24T08:31:00.000Z","1656059460",
"2551","22b77d7829c68dcd","E2:1F:7B:35:CC:08","60.62717770034843","6","0.11927480916030535","8","287","2022-06-24T08:32:00.000Z","1656059520",
"2551","22b77d7829c68dcd","E2:1F:7B:35:CC:08","58.53658536585366","9","0.09137426900584796","5","287","2022-06-24T08:33:00.000Z","1656059580",
"2551","22b77d7829c68dcd","E2:1F:7B:35:CC:08","62.02090592334495","6","0.10926573426573427","4","287","2022-06-24T08:34:00.000Z","1656059640",
"2551","22b77d7829c68dcd","E2:1F:7B:35:CC:08","71.77700348432056","0","0.1166044776119403","9","287","2022-06-24T08:35:00.000Z","1656059700",
"2551","22b77d7829c68dcd","E2:1F:7B:35:CC:08","73.86759581881533","12","0.09137426900584796","4","287","2022-06-24T08:36:00.000Z","1656059760",
"2551","22b77d7829c68dcd","E2:1F:7B:35:CC:08","73.17073170731707","4","0.14076576576576577","1","287","2022-06-24T08:37:00.000Z","1656059820",
"2551","22b77d7829c68dcd","E2:1F:7B:35:CC:08","50.87108013937282","4","0.08138020833333333","2","287","2022-06-24T08:38:00.000Z","1656059880",
"2551","22b77d7829c68dcd","E2:1F:7B:35:CC:08","49.47735191637631","0","0.12303149606299213","1","287","2022-06-24T08:39:00.000Z","1656059940",
"2551","22b77d7829c68dcd","E2:1F:7B:35:CC:08","43.20557491289198","10","0.1488095238095238","4","287","2022-06-24T08:40:00.000Z","1656060000",
"2551","22b77d7829c68dcd","E2:1F:7B:35:CC:08","37.63066202090592","4","0.13706140350877194","1","287","2022-06-24T08:41:00.000Z","1656060060",
"2551","22b77d7829c68dcd","E2:1F:7B:35:CC:08","39.02439024390244","8","0.1502403846153846","2","287","2022-06-24T08:42:00.000Z","1656060120",
"2551","22b77d7829c68dcd","E2:1F:7B:35:CC:08","59.23344947735192","5","0.1547029702970297","2","287","2022-06-24T08:43:00.000Z","1656060180",
"2551","22b77d7829c68dcd","E2:1F:7B:35:CC:08","53.65853658536585","7","0.14076576576576577","1","287","2022-06-24T08:44:00.000Z","1656060240",
"2551","22b77d7829c68dcd","E2:1F:7B:35:CC:08","45.29616724738676","2","0.08445945945945946","9","287","2022-06-24T08:45:00.000Z","1656060300",
"2551","22b77d7829c68dcd","E2:1F:7B:35:CC:08","44.599303135888505","10","0.12600806451612903","1","287","2022-06-24T08:46:00.000Z","1656060360",
"2551","22b77d7829c68dcd","E2:1F:7B:35:CC:08","41.11498257839721","7","0.08012820512820513","5","287","2022-06-24T08:47:00.000Z","1656060420",
"2551","22b77d7829c68dcd","E2:1F:7B:35:CC:08","41.81184668989547","12","0.15169902912621358","5","287","2022-06-24T08:48:00.000Z","1656060480",
"2551","22b77d7829c68dcd","E2:1F:7B:35:CC:08","42.508710801393725","3","0.1166044776119403","1","287","2022-06-24T08:49:00.000Z","1656060540",
"2551","22b77d7829c68dcd","E2:1F:7B:35:CC:08","41.11498257839721","4","0.12913223140495866","0","287","2022-06-24T08:50:00.000Z","1656060600",
"2551","22b77d7829c68dcd","E2:1F:7B:35:CC:08","48.78048780487805","7","0.16622340425531915","2","287","2022-06-24T08:51:00.000Z","1656060660",
"2551","22b77d7829c68dcd","E2:1F:7B:35:CC:08","61.32404181184669","7","0.1736111111111111","5","287","2022-06-24T08:52:00.000Z","1656060720",
"2551","22b77d7829c68dcd","E2:1F:7B:35:CC:08","61.32404181184669","0","0.11837121212121213","12","287","2022-06-24T08:53:00.000Z","1656060780",
"2551","22b77d7829c68dcd","E2:1F:7B:35:CC:08","55.749128919860624","3","0.12112403100775193","2","287","2022-06-24T08:56:00.000Z","1656060960",
"2551","22b77d7829c68dcd","E2:1F:7B:35:CC:08","52.961672473867594","3","0.12703252032520326","4","287","2022-06-24T08:57:00.000Z","1656061020",
"2551","22b77d7829c68dcd","E2:1F:7B:35:CC:08","52.961672473867594","0","0.125","19","287","2022-06-24T08:58:00.000Z","1656061080",
"2551","22b77d7829c68dcd","E2:1F:7B:35:CC:08","49.47735191637631","0","0.06275100401606426","18","287","2022-06-24T08:59:00.000Z","1656061140",
"2551","22b77d7829c68dcd","E2:1F:7B:35:CC:08","58.53658536585366","10","3.90625","15","287","2022-06-25T09:00:00.000Z","1656147600",
"2551","22b77d7829c68dcd","E2:1F:7B:35:CC:08","69.68641114982579","6","0.390625","7","287","2022-06-27T08:51:00.000Z","1656319860",
"2551","22b77d7829c68dcd","E2:1F:7B:35:CC:08","58.53658536585366","6","0.4340277777777778","5","287","2022-06-27T08:52:00.000Z","1656319920",
"2551","22b77d7829c68dcd","E2:1F:7B:35:CC:08","44.599303135888505","7","0.390625","7","287","2022-06-27T08:53:00.000Z","1656319980",
"2551","22b77d7829c68dcd","E2:1F:7B:35:CC:08","38.32752613240418","5","0.5040322580645161","7","287","2022-06-27T08:54:00.000Z","1656320040",
"2551","22b77d7829c68dcd","E2:1F:7B:35:CC:08","32.75261324041812","3","0.5387931034482759","5","287","2022-06-27T08:55:00.000Z","1656320100",
"2551","22b77d7829c68dcd","E2:1F:7B:35:CC:08","45.29616724738676","9","0.625","4","287","2022-06-27T08:56:00.000Z","1656320160",
"2551","22b77d7829c68dcd","E2:1F:7B:35:CC:08","47.386759581881535","6","0.7102272727272727","4","287","2022-06-27T08:57:00.000Z","1656320220",
"2551","22b77d7829c68dcd","E2:1F:7B:35:CC:08","47.386759581881535","8","0.9191176470588235","14","287","2022-06-27T08:58:00.000Z","1656320280",
"2551","22b77d7829c68dcd","E2:1F:7B:35:CC:08","47.386759581881535","5","1.1160714285714286","9","287","2022-06-27T08:59:00.000Z","1656320340",
"2551","22b77d7829c68dcd","E2:1F:7B:35:CC:08","50.174216027874564","7","1.2019230769230769","9","287","2022-06-27T09:00:00.000Z","1656320400",
"2551","22b77d7829c68dcd","E2:1F:7B:35:CC:08","55.749128919860624","4","1.2019230769230769","4","287","2022-06-27T09:01:00.000Z","1656320460",
"2551","22b77d7829c68dcd","E2:1F:7B:35:CC:08","48.78048780487805","4","1.3020833333333333","2","287","2022-06-27T09:02:00.000Z","1656320520",
"2551","22b77d7829c68dcd","E2:1F:7B:35:CC:08","48.78048780487805","8","1.5625","1","287","2022-06-27T09:03:00.000Z","1656320580",
"2551","22b77d7829c68dcd","E2:1F:7B:35:CC:08","55.05226480836237","8","1.5625","7","287","2022-06-27T09:04:00.000Z","1656320640",
"2551","22b77d7829c68dcd","E2:1F:7B:35:CC:08","47.386759581881535","7","1.0416666666666667","4","287","2022-06-27T09:05:00.000Z","1656320700",
"2551","22b77d7829c68dcd","E2:1F:7B:35:CC:08","47.386759581881535","3","1.953125","4","287","2022-06-27T09:06:00.000Z","1656320760",
"2551","22b77d7829c68dcd","E2:1F:7B:35:CC:08","50.87108013937282","4","1.5625","11","287","2022-06-27T09:07:00.000Z","1656320820",
"2551","22b77d7829c68dcd","E2:1F:7B:35:CC:08","65.50522648083624","5","1.7361111111111112","1","287","2022-06-27T09:08:00.000Z","1656320880",
"2551","22b77d7829c68dcd","E2:1F:7B:35:CC:08","70.38327526132404","6","1.7361111111111112","7","287","2022-06-27T09:09:00.000Z","1656320940",
"2551","22b77d7829c68dcd","E2:1F:7B:35:CC:08","70.38327526132404","1","1.5625","4","287","2022-06-27T09:10:00.000Z","1656321000",
"2551","22b77d7829c68dcd","E2:1F:7B:35:CC:08","66.2020905923345","2","1.2019230769230769","8","287","2022-06-27T09:11:00.000Z","1656321060",
"2551","22b77d7829c68dcd","E2:1F:7B:35:CC:08","59.23344947735192","2","1.3020833333333333","12","287","2022-06-27T09:12:00.000Z","1656321120",
"2551","22b77d7829c68dcd","E2:1F:7B:35:CC:08","63.41463414634146","5","1.953125","2","287","2022-06-27T09:13:00.000Z","1656321180",
"2551","22b77d7829c68dcd","E2:1F:7B:35:CC:08","59.930313588850176","3","1.953125","8","287","2022-06-27T09:14:00.000Z","1656321240",
"2551","22b77d7829c68dcd","E2:1F:7B:35:CC:08","57.142857142857146","6","1.7361111111111112","11","287","2022-06-27T09:15:00.000Z","1656321300",
"2551","22b77d7829c68dcd","E2:1F:7B:35:CC:08","55.749128919860624","11","1.7361111111111112","1","287","2022-06-27T09:16:00.000Z","1656321360",
"2551","22b77d7829c68dcd","E2:1F:7B:35:CC:08","58.53658536585366","6","1.5625","5","287","2022-06-27T09:17:00.000Z","1656321420",
"2551","22b77d7829c68dcd","E2:1F:7B:35:CC:08","86.41114982578397","7","2.6041666666666665","11","287","2022-06-27T09:18:00.000Z","1656321480",
"2551","22b77d7829c68dcd","E2:1F:7B:35:CC:08","83.62369337979094","7","2.6041666666666665","5","287","2022-06-27T09:19:00.000Z","1656321540",
"2551","22b77d7829c68dcd","E2:1F:7B:35:CC:08","78.74564459930313","6","2.232142857142857","4","287","2022-06-27T09:20:00.000Z","1656321600",
"2551","22b77d7829c68dcd","E2:1F:7B:35:CC:08","64.80836236933798","9","2.232142857142857","8","287","2022-06-27T09:21:00.000Z","1656321660",
"2551","22b77d7829c68dcd","E2:1F:7B:35:CC:08","69.68641114982579","6","2.6041666666666665","4","287","2022-06-27T09:22:00.000Z","1656321720",
"2551","22b77d7829c68dcd","E2:1F:7B:35:CC:08","58.53658536585366","4","2.232142857142857","2","287","2022-06-27T09:23:00.000Z","1656321780",
"2551","22b77d7829c68dcd","E2:1F:7B:35:CC:08","62.717770034843205","9","1.953125","8","287","2022-06-27T09:24:00.000Z","1656321840",
"2551","22b77d7829c68dcd","E2:1F:7B:35:CC:08","70.38327526132404","7","1.953125","5","287","2022-06-27T09:25:00.000Z","1656321900",
"2551","22b77d7829c68dcd","E2:1F:7B:35:CC:08","73.86759581881533","1","2.6041666666666665","2","287","2022-06-27T09:26:00.000Z","1656321960",
"2551","22b77d7829c68dcd","E2:1F:7B:35:CC:08","68.29268292682927","2","2.232142857142857","7","287","2022-06-27T09:27:00.000Z","1656322020",
"2551","22b77d7829c68dcd","E2:1F:7B:35:CC:08","58.53658536585366","5","2.232142857142857","4","287","2022-06-27T09:28:00.000Z","1656322080",
"2551","22b77d7829c68dcd","E2:1F:7B:35:CC:08","49.47735191637631","5","2.232142857142857","1","287","2022-06-27T09:29:00.000Z","1656322140",
"2551","22b77d7829c68dcd","E2:1F:7B:35:CC:08","55.05226480836237","5","2.232142857142857","0","287","2022-06-27T09:30:00.000Z","1656322200",
"2551","22b77d7829c68dcd","E2:1F:7B:35:CC:08","57.8397212543554","4","2.6041666666666665","2","287","2022-06-27T09:31:00.000Z","1656322260",
"2551","22b77d7829c68dcd","E2:1F:7B:35:CC:08","56.44599303135889","3","2.6041666666666665","4","287","2022-06-27T09:32:00.000Z","1656322320",
"2551","22b77d7829c68dcd","E2:1F:7B:35:CC:08","59.23344947735192","7","2.232142857142857","1","287","2022-06-27T09:33:00.000Z","1656322380",
"2551","22b77d7829c68dcd","E2:1F:7B:35:CC:08","57.142857142857146","4","2.232142857142857","5","287","2022-06-27T09:34:00.000Z","1656322440",
"2551","22b77d7829c68dcd","E2:1F:7B:35:CC:08","58.53658536585366","5","2.6041666666666665","5","287","2022-06-27T09:35:00.000Z","1656322500",
"2551","22b77d7829c68dcd","E2:1F:7B:35:CC:08","55.05226480836237","2","1.4204545454545454","11","287","2022-06-27T09:36:00.000Z","1656322560",
"2551","22b77d7829c68dcd","E2:1F:7B:35:CC:08","49.47735191637631","10","2.232142857142857","5","287","2022-06-27T09:37:00.000Z","1656322620",
"2551","22b77d7829c68dcd","E2:1F:7B:35:CC:08","52.26480836236934","4","2.6041666666666665","9","287","2022-06-27T09:38:00.000Z","1656322680",
"2551","22b77d7829c68dcd","E2:1F:7B:35:CC:08","64.80836236933798","1","1.953125","2","287","2022-06-27T09:39:00.000Z","1656322740",
"2551","22b77d7829c68dcd","E2:1F:7B:35:CC:08","48.78048780487805","1","1.7361111111111112","0","287","2022-06-27T09:40:00.000Z","1656322800",
"2551","22b77d7829c68dcd","E2:1F:7B:35:CC:08","39.721254355400696","2","1.4204545454545454","8","287","2022-06-27T09:41:00.000Z","1656322860",
"2551","22b77d7829c68dcd","E2:1F:7B:35:CC:08","52.961672473867594","4","1.4204545454545454","7","287","2022-06-27T09:42:00.000Z","1656322920",
"2551","22b77d7829c68dcd","E2:1F:7B:35:CC:08","61.32404181184669","4","1.5625","12","287","2022-06-27T09:43:00.000Z","1656322980",
"2551","22b77d7829c68dcd","E2:1F:7B:35:CC:08","62.02090592334495","3","1.5625","1","287","2022-06-27T09:44:00.000Z","1656323040",
"2551","22b77d7829c68dcd","E2:1F:7B:35:CC:08","55.749128919860624","6","1.4204545454545454","9","287","2022-06-27T09:45:00.000Z","1656323100",
"2551","22b77d7829c68dcd","E2:1F:7B:35:CC:08","53.65853658536585","1","1.2019230769230769","9","287","2022-06-27T09:46:00.000Z","1656323160",
"2551","22b77d7829c68dcd","E2:1F:7B:35:CC:08","47.386759581881535","5","1.5625","2","287","2022-06-27T09:47:00.000Z","1656323220",
"2551","22b77d7829c68dcd","E2:1F:7B:35:CC:08","52.961672473867594","7","1.7361111111111112","2","287","2022-06-27T09:48:00.000Z","1656323280",
"2551","22b77d7829c68dcd","E2:1F:7B:35:CC:08","48.78048780487805","4","1.4204545454545454","4","287","2022-06-27T09:49:00.000Z","1656323340",
"2551","22b77d7829c68dcd","E2:1F:7B:35:CC:08","45.29616724738676","2","0.9191176470588235","9","287","2022-06-27T09:50:00.000Z","1656323400",
"2551","22b77d7829c68dcd","E2:1F:7B:35:CC:08","63.41463414634146","2","1.2019230769230769","7","287","2022-06-27T09:51:00.000Z","1656323460",
"2551","22b77d7829c68dcd","E2:1F:7B:35:CC:08","62.02090592334495","7","1.5625","8","287","2022-06-27T09:52:00.000Z","1656323520",
"2551","22b77d7829c68dcd","E2:1F:7B:35:CC:08","50.87108013937282","4","1.5625","7","287","2022-06-27T09:53:00.000Z","1656323580",
"2551","22b77d7829c68dcd","E2:1F:7B:35:CC:08","43.20557491289198","4","0.9765625","5","287","2022-06-27T09:54:00.000Z","1656323640",
"2551","22b77d7829c68dcd","E2:1F:7B:35:CC:08","43.90243902439025","3","1.0416666666666667","4","287","2022-06-27T09:55:00.000Z","1656323700",
"2551","22b77d7829c68dcd","E2:1F:7B:35:CC:08","41.81184668989547","6","1.0416666666666667","9","287","2022-06-27T09:56:00.000Z","1656323760",
"2551","22b77d7829c68dcd","E2:1F:7B:35:CC:08","48.08362369337979","5","1.2019230769230769","7","287","2022-06-27T09:57:00.000Z","1656323820",
"2551","22b77d7829c68dcd","E2:1F:7B:35:CC:08","55.749128919860624","2","1.0416666666666667","2","287","2022-06-27T09:58:00.000Z","1656323880",
"2551","22b77d7829c68dcd","E2:1F:7B:35:CC:08","50.87108013937282","5","0.7440476190476191","8","287","2022-06-27T09:59:00.000Z","1656323940",
"2551","22b77d7829c68dcd","E2:1F:7B:35:CC:08","52.961672473867594","6","0.7440476190476191","9","287","2022-06-27T10:00:00.000Z","1656324000",
"2551","22b77d7829c68dcd","E2:1F:7B:35:CC:08","61.32404181184669","6","0.8223684210526315","14","287","2022-06-27T10:01:00.000Z","1656324060",
"2551","22b77d7829c68dcd","E2:1F:7B:35:CC:08","83.62369337979094","5","1.0416666666666667","14","287","2022-06-27T10:02:00.000Z","1656324120",
"2551","22b77d7829c68dcd","E2:1F:7B:35:CC:08","71.77700348432056","7","1.0416666666666667","2","287","2022-06-27T10:03:00.000Z","1656324180",
"2551","22b77d7829c68dcd","E2:1F:7B:35:CC:08","71.77700348432056","7","1.3020833333333333","16","287","2022-06-27T10:04:00.000Z","1656324240",
"2551","22b77d7829c68dcd","E2:1F:7B:35:CC:08","66.2020905923345","4","1.3020833333333333","5","287","2022-06-27T10:05:00.000Z","1656324300",
"2551","22b77d7829c68dcd","E2:1F:7B:35:CC:08","64.11149825783973","1","0.9765625","22","287","2022-06-27T10:06:00.000Z","1656324360",
"2551","22b77d7829c68dcd","E2:1F:7B:35:CC:08","64.80836236933798","8","0.21114864864864866","5","287","2022-06-28T08:26:00.000Z","1656404760",
"2551","22b77d7829c68dcd","E2:1F:7B:35:CC:08","74.56445993031359","4","0.2741228070175439","5","287","2022-06-28T08:27:00.000Z","1656404820",
"2551","22b77d7829c68dcd","E2:1F:7B:35:CC:08","41.81184668989547","3","0.31887755102040816","0","287","2022-06-28T08:28:00.000Z","1656404880",
"2551","22b77d7829c68dcd","E2:1F:7B:35:CC:08","26.480836236933797","2","0.3255208333333333","5","287","2022-06-28T08:29:00.000Z","1656404940",
"2551","22b77d7829c68dcd","E2:1F:7B:35:CC:08","26.480836236933797","1","0.28935185185185186","22","287","2022-06-28T08:30:00.000Z","1656405000",
"2551","22b77d7829c68dcd","E2:1F:7B:35:CC:08","36.933797909407666","6","0.3004807692307692","9","287","2022-06-28T08:32:00.000Z","1656405120",
"2551","22b77d7829c68dcd","E2:1F:7B:35:CC:08","64.11149825783973","5","0.244140625","4","287","2022-06-28T08:33:00.000Z","1656405180",
"2551","22b77d7829c68dcd","E2:1F:7B:35:CC:08","54.35540069686411","8","0.26939655172413796","21","287","2022-06-28T08:34:00.000Z","1656405240",
"2551","22b77d7829c68dcd","E2:1F:7B:35:CC:08","52.961672473867594","9","0.28935185185185186","14","287","2022-06-28T08:35:00.000Z","1656405300",
"2551","22b77d7829c68dcd","E2:1F:7B:35:CC:08","41.81184668989547","2","0.3125","0","287","2022-06-28T08:36:00.000Z","1656405360",
"2551","22b77d7829c68dcd","E2:1F:7B:35:CC:08","29.965156794425088","1","0.294811320754717","46","287","2022-06-28T08:37:00.000Z","1656405420",
"2551","22b77d7829c68dcd","E2:1F:7B:35:CC:08","32.75261324041812","7","0.31887755102040816","0","287","2022-06-28T08:38:00.000Z","1656405480",
"2551","22b77d7829c68dcd","E2:1F:7B:35:CC:08","22.299651567944252","0","0.3255208333333333","1","287","2022-06-28T08:39:00.000Z","1656405540",
"2551","22b77d7829c68dcd","E2:1F:7B:35:CC:08","23.693379790940767","3","0.37202380952380953","0","287","2022-06-28T08:40:00.000Z","1656405600",
"2551","22b77d7829c68dcd","E2:1F:7B:35:CC:08","21.60278745644599","2","0.3633720930232558","0","287","2022-06-28T08:41:00.000Z","1656405660",
"2551","22b77d7829c68dcd","E2:1F:7B:35:CC:08","16.72473867595819","0","0.33967391304347827","1","287","2022-06-28T08:42:00.000Z","1656405720",
"2551","22b77d7829c68dcd","E2:1F:7B:35:CC:08","13.240418118466899","0","0.31887755102040816","0","287","2022-06-28T08:43:00.000Z","1656405780",
"2551","22b77d7829c68dcd","E2:1F:7B:35:CC:08","13.937282229965156","0","0.12303149606299213","1","287","2022-06-28T08:44:00.000Z","1656405840",
"2551","22b77d7829c68dcd","E2:1F:7B:35:CC:08","29.26829268292683","9","0.12913223140495866","1","287","2022-06-28T08:45:00.000Z","1656405900",
"2551","22b77d7829c68dcd","E2:1F:7B:35:CC:08","36.23693379790941","11","0.1488095238095238","0","287","2022-06-28T08:46:00.000Z","1656405960",
"2551","22b77d7829c68dcd","E2:1F:7B:35:CC:08","37.63066202090592","6","0.1736111111111111","1","287","2022-06-28T08:47:00.000Z","1656406020",
"2551","22b77d7829c68dcd","E2:1F:7B:35:CC:08","32.75261324041812","1","0.1547029702970297","0","287","2022-06-28T08:48:00.000Z","1656406080",
"2551","22b77d7829c68dcd","E2:1F:7B:35:CC:08","39.02439024390244","6","0.16447368421052633","0","287","2022-06-28T08:49:00.000Z","1656406140",
"2551","22b77d7829c68dcd","E2:1F:7B:35:CC:08","30.662020905923345","6","0.16983695652173914","1","287","2022-06-28T08:50:00.000Z","1656406200",
"2551","22b77d7829c68dcd","E2:1F:7B:35:CC:08","22.99651567944251","3","0.19054878048780488","0","287","2022-06-28T08:51:00.000Z","1656406260",
"2551","22b77d7829c68dcd","E2:1F:7B:35:CC:08","23.693379790940767","2","0.19054878048780488","0","287","2022-06-28T08:52:00.000Z","1656406320",
"2551","22b77d7829c68dcd","E2:1F:7B:35:CC:08","24.390243902439025","3","0.1953125","0","287","2022-06-28T08:53:00.000Z","1656406380",
"2551","22b77d7829c68dcd","E2:1F:7B:35:CC:08","25.78397212543554","2","0.20559210526315788","2","287","2022-06-28T08:54:00.000Z","1656406440",
"2551","22b77d7829c68dcd","E2:1F:7B:35:CC:08","23.693379790940767","3","0.19290123456790123","4","287","2022-06-28T08:55:00.000Z","1656406500",
"2551","22b77d7829c68dcd","E2:1F:7B:35:CC:08","20.209059233449477","3","0.20833333333333334","0","287","2022-06-28T08:56:00.000Z","1656406560",
"2551","22b77d7829c68dcd","E2:1F:7B:35:CC:08","33.44947735191638","5","0.21114864864864866","2","287","2022-06-28T08:57:00.000Z","1656406620",
"2551","22b77d7829c68dcd","E2:1F:7B:35:CC:08","55.749128919860624","4","0.390625","2","287","2022-06-28T11:08:00.000Z","1656414480",
"2551","22b77d7829c68dcd","E2:1F:7B:35:CC:08","67.59581881533101","7","0.1953125","8","287","2022-06-28T11:09:00.000Z","1656414540",
"2551","22b77d7829c68dcd","E2:1F:7B:35:CC:08","76.65505226480836","10","0.2840909090909091","1","287","2022-06-28T11:10:00.000Z","1656414600",
"2551","22b77d7829c68dcd","E2:1F:7B:35:CC:08","75.9581881533101","0","0.19778481012658228","2","287","2022-06-28T11:11:00.000Z","1656414660",
"2551","22b77d7829c68dcd","E2:1F:7B:35:CC:08","81.53310104529616","4","0.21114864864864866","11","287","2022-06-28T11:12:00.000Z","1656414720",
"2551","22b77d7829c68dcd","E2:1F:7B:35:CC:08","91.28919860627178","2","0.25201612903225806","7","287","2022-06-28T11:13:00.000Z","1656414780",
"2551","22b77d7829c68dcd","E2:1F:7B:35:CC:08","87.10801393728222","7","0.2741228070175439","7","287","2022-06-28T11:14:00.000Z","1656414840",
"2551","22b77d7829c68dcd","E2:1F:7B:35:CC:08","82.92682926829268","8","0.3324468085106383","7","287","2022-06-28T11:15:00.000Z","1656414900",
"2551","22b77d7829c68dcd","E2:1F:7B:35:CC:08","80.8362369337979","5","0.44642857142857145","8","287","2022-06-28T11:16:00.000Z","1656414960",
"2551","22b77d7829c68dcd","E2:1F:7B:35:CC:08","78.04878048780488","10","0.18382352941176472","8","287","2022-06-28T11:17:00.000Z","1656415020",
"2551","22b77d7829c68dcd","E2:1F:7B:35:CC:08","74.56445993031359","4","0.294811320754717","2","287","2022-06-28T11:18:00.000Z","1656415080",
"2551","22b77d7829c68dcd","E2:1F:7B:35:CC:08","77.35191637630662","4","0.244140625","2","287","2022-06-28T11:19:00.000Z","1656415140",
"2551","22b77d7829c68dcd","E2:1F:7B:35:CC:08","80.13937282229965","0","0.3004807692307692","15","287","2022-06-28T11:20:00.000Z","1656415200",
"2551","22b77d7829c68dcd","E2:1F:7B:35:CC:08","79.44250871080139","0","0.13950892857142858","15","287","2022-06-28T11:21:00.000Z","1656415260",
"2551","22b77d7829c68dcd","E2:1F:7B:35:CC:08","76.65505226480836","0","0.16622340425531915","4","287","2022-06-28T11:22:00.000Z","1656415320",
"2551","22b77d7829c68dcd","E2:1F:7B:35:CC:08","65.50522648083624","4","0.2604166666666667","2","287","2022-06-28T11:23:00.000Z","1656415380",
"2551","22b77d7829c68dcd","E2:1F:7B:35:CC:08","58.53658536585366","4","0.4222972972972973","0","287","2022-06-28T11:24:00.000Z","1656415440",
"2551","22b77d7829c68dcd","E2:1F:7B:35:CC:08","57.8397212543554","7","0.294811320754717","2","287","2022-06-28T11:25:00.000Z","1656415500",
"2551","22b77d7829c68dcd","E2:1F:7B:35:CC:08","53.65853658536585","3","0.2170138888888889","7","287","2022-06-28T11:26:00.000Z","1656415560",
"2551","22b77d7829c68dcd","E2:1F:7B:35:CC:08","52.26480836236934","4","0.16108247422680413","8","287","2022-06-28T11:27:00.000Z","1656415620",
"2551","22b77d7829c68dcd","E2:1F:7B:35:CC:08","66.2020905923345","7","0.09031791907514451","7","287","2022-06-28T11:30:00.000Z","1656415800",
"2551","22b77d7829c68dcd","E2:1F:7B:35:CC:08","68.29268292682927","0","0.25614754098360654","5","287","2022-06-28T11:34:00.000Z","1656416040",
"2551","22b77d7829c68dcd","E2:1F:7B:35:CC:08","69.68641114982579","0","0.15943877551020408","8","287","2022-06-28T11:35:00.000Z","1656416100",
"2551","22b77d7829c68dcd","E2:1F:7B:35:CC:08","75.26132404181185","7","0.13827433628318583","1","287","2022-06-28T11:39:00.000Z","1656416340",
"2551","22b77d7829c68dcd","E2:1F:7B:35:CC:08","82.92682926829268","11","1.7361111111111112","7","287","2022-06-29T08:37:00.000Z","1656491820",
"2551","22b77d7829c68dcd","E2:1F:7B:35:CC:08","72.47386759581882","7","2.232142857142857","5","287","2022-06-29T08:38:00.000Z","1656491880",
"2551","22b77d7829c68dcd","E2:1F:7B:35:CC:08","61.32404181184669","9","2.6041666666666665","0","287","2022-06-29T08:39:00.000Z","1656491940",
"2551","22b77d7829c68dcd","E2:1F:7B:35:CC:08","54.35540069686411","7","2.6041666666666665","4","287","2022-06-29T08:40:00.000Z","1656492000",
"2551","22b77d7829c68dcd","E2:1F:7B:35:CC:08","56.44599303135889","6","2.6041666666666665","1","287","2022-06-29T08:41:00.000Z","1656492060",
"2551","22b77d7829c68dcd","E2:1F:7B:35:CC:08","53.65853658536585","9","3.125","5","287","2022-06-29T08:42:00.000Z","1656492120",
"2551","22b77d7829c68dcd","E2:1F:7B:35:CC:08","52.961672473867594","7","3.125","7","287","2022-06-29T08:43:00.000Z","1656492180",
"2551","22b77d7829c68dcd","E2:1F:7B:35:CC:08","50.87108013937282","7","3.125","15","287","2022-06-29T08:44:00.000Z","1656492240",
"2551","22b77d7829c68dcd","E2:1F:7B:35:CC:08","43.90243902439025","7","2.6041666666666665","7","287","2022-06-29T08:45:00.000Z","1656492300",
"2551","22b77d7829c68dcd","E2:1F:7B:35:CC:08","46.68989547038328","6","3.125","14","287","2022-06-29T08:46:00.000Z","1656492360",
"2551","22b77d7829c68dcd","E2:1F:7B:35:CC:08","54.35540069686411","6","3.125","2","287","2022-06-29T08:47:00.000Z","1656492420",
"2551","22b77d7829c68dcd","E2:1F:7B:35:CC:08","50.87108013937282","2","3.125","18","287","2022-06-29T08:48:00.000Z","1656492480",
"2551","22b77d7829c68dcd","E2:1F:7B:35:CC:08","53.65853658536585","5","3.125","12","287","2022-06-29T08:49:00.000Z","1656492540",
"2551","22b77d7829c68dcd","E2:1F:7B:35:CC:08","48.08362369337979","1","3.125","15","287","2022-06-29T08:50:00.000Z","1656492600",
"2551","22b77d7829c68dcd","E2:1F:7B:35:CC:08","44.599303135888505","6","3.125","8","287","2022-06-29T08:51:00.000Z","1656492660",
"2551","22b77d7829c68dcd","E2:1F:7B:35:CC:08","43.90243902439025","9","3.90625","9","287","2022-06-29T08:52:00.000Z","1656492720",
"2551","22b77d7829c68dcd","E2:1F:7B:35:CC:08","44.599303135888505","3","3.90625","5","287","2022-06-29T08:53:00.000Z","1656492780",
"2551","22b77d7829c68dcd","E2:1F:7B:35:CC:08","48.78048780487805","5","3.90625","7","287","2022-06-29T08:54:00.000Z","1656492840",
"2551","22b77d7829c68dcd","E2:1F:7B:35:CC:08","60.62717770034843","7","3.90625","4","287","2022-06-29T08:55:00.000Z","1656492900",
"2551","22b77d7829c68dcd","E2:1F:7B:35:CC:08","55.05226480836237","4","3.90625","14","287","2022-06-29T08:56:00.000Z","1656492960",
"2551","22b77d7829c68dcd","E2:1F:7B:35:CC:08","49.47735191637631","5","3.90625","15","287","2022-06-29T08:57:00.000Z","1656493020",
"2551","22b77d7829c68dcd","E2:1F:7B:35:CC:08","52.26480836236934","4","3.90625","7","287","2022-06-29T08:58:00.000Z","1656493080",
"2551","22b77d7829c68dcd","E2:1F:7B:35:CC:08","52.961672473867594","3","3.90625","11","287","2022-06-29T08:59:00.000Z","1656493140",
"2551","22b77d7829c68dcd","E2:1F:7B:35:CC:08","53.65853658536585","5","3.90625","8","287","2022-06-29T09:00:00.000Z","1656493200",
"2551","22b77d7829c68dcd","E2:1F:7B:35:CC:08","49.47735191637631","4","3.90625","5","287","2022-06-29T09:01:00.000Z","1656493260",
"2551","22b77d7829c68dcd","E2:1F:7B:35:CC:08","53.65853658536585","7","3.90625","4","287","2022-06-29T09:02:00.000Z","1656493320",
"2551","22b77d7829c68dcd","E2:1F:7B:35:CC:08","50.174216027874564","5","3.90625","16","287","2022-06-29T09:03:00.000Z","1656493380",
"2551","22b77d7829c68dcd","E2:1F:7B:35:CC:08","46.68989547038328","4","3.90625","8","287","2022-06-29T09:04:00.000Z","1656493440",
"2551","22b77d7829c68dcd","E2:1F:7B:35:CC:08","52.961672473867594","6","3.90625","8","287","2022-06-29T09:05:00.000Z","1656493500",
"2551","22b77d7829c68dcd","E2:1F:7B:35:CC:08","57.142857142857146","6","3.90625","9","287","2022-06-29T09:06:00.000Z","1656493560",
"2551","22b77d7829c68dcd","E2:1F:7B:35:CC:08","64.11149825783973","4","3.90625","4","287","2022-06-29T09:07:00.000Z","1656493620",
"2551","22b77d7829c68dcd","E2:1F:7B:35:CC:08","58.53658536585366","3","3.125","8","287","2022-06-29T09:08:00.000Z","1656493680",
"2551","22b77d7829c68dcd","E2:1F:7B:35:CC:08","62.02090592334495","7","3.90625","7","287","2022-06-29T09:09:00.000Z","1656493740",
"2551","22b77d7829c68dcd","E2:1F:7B:35:CC:08","59.23344947735192","2","3.90625","8","287","2022-06-29T09:10:00.000Z","1656493800",
"2551","22b77d7829c68dcd","E2:1F:7B:35:CC:08","59.930313588850176","5","3.90625","8","287","2022-06-29T09:11:00.000Z","1656493860",
"2551","22b77d7829c68dcd","E2:1F:7B:35:CC:08","62.02090592334495","5","5.208333333333333","4","287","2022-06-29T09:12:00.000Z","1656493920",
"2551","22b77d7829c68dcd","E2:1F:7B:35:CC:08","48.78048780487805","5","3.90625","18","287","2022-06-29T09:13:00.000Z","1656493980",
"2551","22b77d7829c68dcd","E2:1F:7B:35:CC:08","45.29616724738676","4","3.90625","16","287","2022-06-29T09:14:00.000Z","1656494040",
"2551","22b77d7829c68dcd","E2:1F:7B:35:CC:08","53.65853658536585","3","3.90625","5","287","2022-06-29T09:15:00.000Z","1656494100",
"2551","22b77d7829c68dcd","E2:1F:7B:35:CC:08","55.05226480836237","3","3.90625","2","287","2022-06-29T09:16:00.000Z","1656494160",
"2551","22b77d7829c68dcd","E2:1F:7B:35:CC:08","51.56794425087108","1","3.90625","4","287","2022-06-29T09:17:00.000Z","1656494220",
"2551","22b77d7829c68dcd","E2:1F:7B:35:CC:08","60.62717770034843","3","3.125","9","287","2022-06-29T09:18:00.000Z","1656494280",
"2551","22b77d7829c68dcd","E2:1F:7B:35:CC:08","59.23344947735192","4","3.125","7","287","2022-06-29T09:19:00.000Z","1656494340",
"2551","22b77d7829c68dcd","E2:1F:7B:35:CC:08","52.26480836236934","5","3.125","21","287","2022-06-29T09:20:00.000Z","1656494400",
"2551","22b77d7829c68dcd","E2:1F:7B:35:CC:08","58.53658536585366","1","3.125","11","287","2022-06-29T09:21:00.000Z","1656494460",
"2551","22b77d7829c68dcd","E2:1F:7B:35:CC:08","62.717770034843205","8","3.125","8","287","2022-06-29T09:22:00.000Z","1656494520",
"2551","22b77d7829c68dcd","E2:1F:7B:35:CC:08","71.77700348432056","9","3.125","7","287","2022-06-29T09:23:00.000Z","1656494580",
"2551","22b77d7829c68dcd","E2:1F:7B:35:CC:08","65.50522648083624","2","3.125","14","287","2022-06-29T09:24:00.000Z","1656494640",
"2551","22b77d7829c68dcd","E2:1F:7B:35:CC:08","75.26132404181185","6","3.90625","7","287","2022-06-29T09:25:00.000Z","1656494700",
"2551","22b77d7829c68dcd","E2:1F:7B:35:CC:08","66.2020905923345","5","3.90625","8","287","2022-06-29T09:26:00.000Z","1656494760",
"2551","22b77d7829c68dcd","E2:1F:7B:35:CC:08","63.41463414634146","6","3.125","5","287","2022-06-29T09:27:00.000Z","1656494820",
"2551","22b77d7829c68dcd","E2:1F:7B:35:CC:08","61.32404181184669","3","3.90625","1","287","2022-06-29T09:28:00.000Z","1656494880",
"2551","22b77d7829c68dcd","E2:1F:7B:35:CC:08","67.59581881533101","5","3.125","7","287","2022-06-29T09:29:00.000Z","1656494940",
"2551","22b77d7829c68dcd","E2:1F:7B:35:CC:08","79.44250871080139","6","3.90625","8","287","2022-06-29T09:30:00.000Z","1656495000",
"2551","22b77d7829c68dcd","E2:1F:7B:35:CC:08","63.41463414634146","3","3.125","2","287","2022-06-29T09:31:00.000Z","1656495060",
"2551","22b77d7829c68dcd","E2:1F:7B:35:CC:08","71.0801393728223","4","3.125","12","287","2022-06-29T09:32:00.000Z","1656495120",
"2551","22b77d7829c68dcd","E2:1F:7B:35:CC:08","75.9581881533101","3","3.125","36","287","2022-06-29T09:33:00.000Z","1656495180",
"2551","22b77d7829c68dcd","E2:1F:7B:35:CC:08","73.17073170731707","6","2.6041666666666665","33","287","2022-06-29T09:34:00.000Z","1656495240",
"2551","22b77d7829c68dcd","E2:1F:7B:35:CC:08","75.26132404181185","4","2.6041666666666665","16","287","2022-06-29T09:35:00.000Z","1656495300",
"2551","22b77d7829c68dcd","E2:1F:7B:35:CC:08","74.56445993031359","6","3.125","18","287","2022-06-29T09:36:00.000Z","1656495360",
"2551","22b77d7829c68dcd","E2:1F:7B:35:CC:08","63.41463414634146","6","0.3004807692307692","16","287","2022-07-05T08:37:00.000Z","1657010220",
"2551","22b77d7829c68dcd","E2:1F:7B:35:CC:08","58.53658536585366","9","0.294811320754717","11","287","2022-07-05T08:38:00.000Z","1657010280",
"2551","22b77d7829c68dcd","E2:1F:7B:35:CC:08","68.29268292682927","11","0.4340277777777778","22","287","2022-07-05T08:39:00.000Z","1657010340",
"2551","22b77d7829c68dcd","E2:1F:7B:35:CC:08","46.68989547038328","3","0.4222972972972973","4","287","2022-07-05T08:40:00.000Z","1657010400",
"2551","22b77d7829c68dcd","E2:1F:7B:35:CC:08","38.32752613240418","3","0.4340277777777778","15","287","2022-07-05T08:41:00.000Z","1657010460",
"2551","22b77d7829c68dcd","E2:1F:7B:35:CC:08","75.9581881533101","8","0.22977941176470587","0","287","2022-07-05T08:48:00.000Z","1657010880",
"2551","22b77d7829c68dcd","E2:1F:7B:35:CC:08","81.53310104529616","12","0.31887755102040816","5","287","2022-07-05T08:49:00.000Z","1657010940",
